First Dose,Second Dose,Total Doses,Male,Female,State,Vaccine
24681,4550,29231,16932,12299,Kerala,Sputnik
37245,4370,41615,15587,26028,Kerala,Sputnik
46050,13299,59349,15436,43913,Kerala,Sputnik
16144,37141,53285,40796,12489,Kerala,Sputnik
43888,32371,76259,28310,47949,Kerala,Sputnik
13300,23841,37141,30782,6359,Kerala,Sputnik
17511,22005,39516,25113,14403,Kerala,Sputnik
5883,17886,23769,20369,3400,Kerala,Sputnik
40792,44387,85179,61659,23520,Kerala,Sputnik
34572,10843,45415,25596,19819,Kerala,Sputnik
42458,50000,92458,12298,80160,Kerala,Sputnik
29412,40638,70050,33344,36706,Kerala,Sputnik
36147,7772,43919,5870,38049,Kerala,Sputnik
22834,24219,47053,18980,28073,Kerala,Sputnik
42023,5085,47108,7299,39809,Kerala,Sputnik
11725,12462,24187,19329,4858,Kerala,Sputnik
29204,43420,72624,6803,65821,Kerala,Sputnik
37953,44338,82291,23268,59023,Kerala,Sputnik
36608,9399,46007,41308,4699,Kerala,Sputnik
49028,12032,61060,38155,22905,Kerala,Sputnik
13272,3674,16946,16184,762,Kerala,Sputnik
37967,14076,52043,50250,1793,Kerala,Sputnik
46334,44647,90981,68689,22292,Kerala,Sputnik
13029,21418,34447,12439,22008,Kerala,Sputnik
18155,35397,53552,41316,12236,Kerala,Sputnik
47993,19725,67718,57737,9981,Kerala,Sputnik
2101,17910,20011,19846,165,Kerala,Sputnik
19460,2925,22385,17206,5179,Kerala,Sputnik
40478,10867,51345,9042,42303,Kerala,Covishield
11247,39805,51052,6680,44372,Kerala,Covishield
26447,44649,71096,70735,361,Kerala,Covishield
35368,25971,61339,58187,3152,Kerala,Covishield
34158,25545,59703,9820,49883,Telengana,Covishield
46136,35312,81448,25099,56349,Kerala,Covishield
23413,26675,50088,9685,40403,Delhi,Covishield
19824,3456,23280,5997,17283,Telengana,Covishield
33408,37626,71034,12136,58898,Rajasthan,Covishield
7818,42753,50571,15367,35204,Kerala,Covishield
18010,27156,45166,28788,16378,Delhi,Covishield
33335,43691,77026,15243,61783,Uttar Pradesh,Covishield
38568,19745,58313,11333,46980,Kerala,Covishield
27956,47934,75890,37292,38598,Haryana,Covishield
25651,7037,32688,25229,7459,Delhi,Covishield
15734,37692,53426,28364,25062,Telengana,Covishield
28557,36496,65053,59185,5868,Rajasthan,Covishield
20746,31843,52589,35120,17469,Delhi,Covishield
35105,7372,42477,38497,3980,Haryana,Covishield
24646,23863,48509,38828,9681,Kerala,Covishield
3426,43885,47311,25043,22268,Rajasthan,Covishield
49462,16097,65559,65541,18,Telengana,Covishield
46952,45126,92078,67702,24376,Uttar Pradesh,Covishield
24686,37353,62039,54383,7656,Delhi,Covishield
8133,3226,11359,6755,4604,Haryana,Covishield
40956,24240,65196,25491,39705,Kerala,Covishield
34059,35192,69251,19591,49660,Rajasthan,Covishield
12860,45936,58796,13013,45783,Uttar Pradesh,Covishield
17374,23020,40394,36259,4135,Telengana,Covishield
32974,44385,77359,25408,51951,Kerala,Covishield
21497,14810,36307,17593,18714,Uttar Pradesh,Covishield
4580,27468,32048,15528,16520,Ladakh,Covishield
9186,16860,26046,22659,3387,Telengana,Covishield
45193,15331,60524,59735,789,Tamil Nadu,Covishield
34320,32069,66389,22818,43571,Delhi,Covishield
45828,31716,77544,33235,44309,Haryana,Covishield
17235,32762,49997,48907,1090,Rajasthan,Covishield
14478,30169,44647,35995,8652,Ladakh,Covishield
3168,49322,52490,16117,36373,Telengana,Covishield
15553,30034,45587,12724,32863,Tamil Nadu,Covishield
6912,9505,16417,8043,8374,Rajasthan,Covishield
32438,39005,71443,39876,31567,Kerala,Covishield
41598,33939,75537,44377,31160,Haryana,Covishield
41678,37555,79233,9938,69295,Delhi,Covishield
20488,14875,35363,6361,29002,Uttar Pradesh,Covishield
36358,36871,73229,13954,59275,Ladakh,Covishield
28596,8823,37419,18481,18938,Karnataka,Covishield
31517,43053,74570,55509,19061,Kerala,Covishield
9476,45049,54525,38231,16294,Maharashtra,Covishield
14253,11494,25747,6320,19427,Punjab,Covishield
22865,42607,65472,27381,38091,Rajasthan,Covishield
27658,35358,63016,30122,32894,Tamil Nadu,Covishield
6884,27123,34007,19978,14029,Telengana,Covishield
34340,41658,75998,59196,16802,Jammu and Kashmir,Covishield
40187,45534,85721,44520,41201,Uttar Pradesh,Covishield
16497,13311,29808,7911,21897,Haryana,Covishield
5809,48301,54110,25652,28458,Delhi,Covishield
1747,5054,6801,5158,1643,Uttar Pradesh,Covishield
38394,25921,64315,5927,58388,Ladakh,Covishield
31115,22354,53469,8449,45020,Delhi,Covishield
6466,29299,35765,5577,30188,Haryana,Covishield
7041,29956,36997,32557,4440,Karnataka,Covishield
44760,5940,50700,10785,39915,Kerala,Covishield
7217,21693,28910,20545,8365,Maharashtra,Covishield
5336,5562,10898,8939,1959,Punjab,Covishield
6208,43891,50099,9448,40651,Rajasthan,Covishield
23385,37204,60589,37356,23233,Tamil Nadu,Covishield
40116,12540,52656,31043,21613,Telengana,Covishield
14181,22236,36417,20144,16273,Jammu and Kashmir,Covishield
14735,30246,44981,39627,5354,Maharashtra,Covishield
26561,2745,29306,12962,16344,Delhi,Covishield
13797,23520,37317,28602,8715,Haryana,Covishield
11177,41134,52311,10456,41855,Kerala,Covishield
15127,29554,44681,31963,12718,Rajasthan,Covishield
12199,21227,33426,18477,14949,Telengana,Covishield
3463,49536,52999,39849,13150,Uttar Pradesh,Covishield
47592,29711,77303,24930,52373,Ladakh,Covishield
35184,17879,53063,45696,7367,Tamil Nadu,Covishield
28091,24890,52981,10279,42702,Jammu and Kashmir,Covishield
37136,38130,75266,72019,3247,Punjab,Covishield
34393,32265,66658,42457,24201,Karnataka,Covishield
40115,45813,85928,77464,8464,Delhi,Covishield
21285,38673,59958,59465,493,Haryana,Covishield
39221,13760,52981,40232,12749,Kerala,Covishield
36923,6178,43101,36358,6743,Rajasthan,Covishield
31252,26857,58109,48269,9840,Telengana,Covishield
34606,1940,36546,18987,17559,Uttar Pradesh,Covishield
47071,27437,74508,11907,62601,Ladakh,Covishield
43846,8376,52222,11384,40838,Tamil Nadu,Covishield
31264,37058,68322,23517,44805,Jammu and Kashmir,Covishield
3911,7037,10948,8384,2564,Punjab,Covishield
5499,27458,32957,21996,10961,Karnataka,Covishield
33484,10696,44180,24009,20171,Maharashtra,Covishield
7029,28959,35988,26029,9959,Andhra Pradesh,Covishield
11226,33908,45134,33019,12115,Delhi,Covishield
34959,32369,67328,44519,22809,Haryana,Covishield
2778,37873,40651,31723,8928,Kerala,Covishield
26985,5169,32154,26058,6096,Rajasthan,Covishield
42778,45617,88395,15324,73071,Telengana,Covishield
23801,49330,73131,12016,61115,Uttar Pradesh,Covishield
46264,27305,73569,66698,6871,Ladakh,Covishield
33590,36512,70102,11538,58564,Tamil Nadu,Covishield
23417,45039,68456,66184,2272,Jammu and Kashmir,Covishield
49045,9690,58735,19344,39391,Punjab,Covishield
37438,43260,80698,66981,13717,Karnataka,Covishield
46928,24885,71813,6251,65562,Maharashtra,Covishield
17388,4384,21772,7789,13983,Andhra Pradesh,Covishield
7794,16668,24462,11360,13102,Delhi,Covishield
19317,2742,22059,12128,9931,Haryana,Covishield
25987,23849,49836,35045,14791,Kerala,Covishield
43821,13627,57448,30589,26859,Rajasthan,Covishield
33873,6105,39978,39414,564,Telengana,Covishield
30490,32415,62905,6598,56307,Uttar Pradesh,Covishield
46273,15181,61454,36737,24717,Ladakh,Covishield
42106,22286,64392,11257,53135,Tamil Nadu,Covishield
30507,2346,32853,14653,18200,Jammu and Kashmir,Covishield
38796,12513,51309,17700,33609,Punjab,Covishield
32652,38720,71372,37071,34301,Karnataka,Covishield
49037,36806,85843,30743,55100,Maharashtra,Covishield
49689,34928,84617,62310,22307,Andhra Pradesh,Covishield
10402,26707,37109,35158,1951,Andhra Pradesh,Covishield
10630,32199,42829,32490,10339,Delhi,Covishield
11889,46116,58005,32985,25020,Haryana,Covishield
11763,36610,48373,41000,7373,Karnataka,Covishield
39509,39000,78509,72051,6458,Kerala,Covishield
14926,48718,63644,61810,1834,Maharashtra,Covishield
19362,28108,47470,39837,7633,Punjab,Covishield
13084,45093,58177,6703,51474,Rajasthan,Covishield
36683,41658,78341,28478,49863,Tamil Nadu,Covishield
46261,30172,76433,73253,3180,Telengana,Covishield
16077,43559,59636,21930,37706,Jammu and Kashmir,Covishield
17919,37957,55876,33317,22559,Ladakh,Covishield
24845,5854,30699,11195,19504,Uttar Pradesh,Covishield
34446,12174,46620,12288,34332,Uttarakhand,Covishield
26449,13810,40259,38801,1458,Andhra Pradesh,Covishield
33027,1641,34668,33122,1546,Delhi,Covishield
14493,28532,43025,24455,18570,Haryana,Covishield
10624,16657,27281,13934,13347,Karnataka,Covishield
30188,27253,57441,6586,50855,Kerala,Covishield
9668,22799,32467,23666,8801,Maharashtra,Covishield
19634,10337,29971,6225,23746,Odisha,Covishield
7185,10312,17497,9611,7886,Punjab,Covishield
13584,9227,22811,17374,5437,Rajasthan,Covishield
19737,2348,22085,16592,5493,Tamil Nadu,Covishield
40384,35556,75940,41490,34450,Telengana,Covishield
35106,31960,67066,29997,37069,Jammu and Kashmir,Covishield
22474,22922,45396,43561,1835,Ladakh,Covishield
23245,46270,69515,67961,1554,Uttar Pradesh,Covishield
19786,6926,26712,21219,5493,Uttarakhand,Covishield
25331,10570,35901,13303,22598,Andhra Pradesh,Covishield
32808,1799,34607,34400,207,Delhi,Covishield
49292,39148,88440,33788,54652,Haryana,Covishield
31795,20438,52233,52152,81,Karnataka,Covishield
41409,45697,87106,18170,68936,Kerala,Covishield
6768,41069,47837,33592,14245,Maharashtra,Covishield
36906,43246,80152,16702,63450,Odisha,Covishield
47269,16503,63772,20885,42887,Punjab,Covishield
43708,14904,58612,38485,20127,Rajasthan,Covishield
15576,24956,40532,36739,3793,Tamil Nadu,Covishield
16577,11796,28373,5068,23305,Telengana,Covishield
20009,10836,30845,20332,10513,Jammu and Kashmir,Covishield
20066,7841,27907,7490,20417,Ladakh,Covishield
23178,14093,37271,28257,9014,Uttar Pradesh,Covishield
18922,9784,28706,14149,14557,Uttarakhand,Covishield
44918,34026,78944,67435,11509,Andhra Pradesh,Covishield
17823,34967,52790,40819,11971,Delhi,Covishield
25854,38468,64322,25223,39099,Haryana,Covishield
18803,16047,34850,19610,15240,Karnataka,Covishield
12665,19419,32084,15537,16547,Kerala,Covishield
1682,35355,37037,30607,6430,Maharashtra,Covishield
15009,33474,48483,23527,24956,Odisha,Covishield
26115,21087,47202,7097,40105,Puducherry,Covishield
2617,14874,17491,7137,10354,Punjab,Covishield
41783,5926,47709,33295,14414,Rajasthan,Covishield
27875,16028,43903,20714,23189,Tamil Nadu,Covishield
39587,1678,41265,34180,7085,Telengana,Covishield
4371,29788,34159,24102,10057,Jammu and Kashmir,Covishield
36426,47905,84331,11502,72829,Ladakh,Covishield
44092,34812,78904,55833,23071,Uttar Pradesh,Covishield
9561,27487,37048,32799,4249,Uttarakhand,Covishield
45567,6740,52307,24157,28150,West Bengal,Covishield
24992,21267,46259,43008,3251,Andhra Pradesh,Covishield
37363,14197,51560,26079,25481,Chhattisgarh,Covishield
26472,28446,54918,54327,591,Delhi,Covishield
43764,24238,68002,17770,50232,Haryana,Covishield
32532,7436,39968,34662,5306,Karnataka,Covishield
41215,15336,56551,18770,37781,Kerala,Covishield
20523,8626,29149,18798,10351,Maharashtra,Covishield
31342,41661,73003,11197,61806,Odisha,Covishield
33727,11418,45145,8886,36259,Puducherry,Covishield
23470,28609,52079,33783,18296,Punjab,Covishield
20137,14601,34738,16905,17833,Rajasthan,Covishield
22159,34199,56358,32493,23865,Tamil Nadu,Covishield
18912,28747,47659,22711,24948,Telengana,Covishield
7852,21968,29820,19168,10652,Chandigarh,Covishield
17250,37000,54250,30236,24014,Jammu and Kashmir,Covishield
11528,39001,50529,12497,38032,Ladakh,Covishield
19173,47168,66341,6662,59679,Uttar Pradesh,Covishield
31152,23217,54369,5769,48600,Uttarakhand,Covishield
6591,9063,15654,13793,1861,West Bengal,Covishield
4198,28507,32705,8875,23830,Andhra Pradesh,Covishield
25750,41746,67496,28166,39330,Chhattisgarh,Covishield
14234,21013,35247,18653,16594,Delhi,Covishield
11534,7781,19315,10191,9124,Gujarat,Covishield
45623,46922,92545,46462,46083,Haryana,Covishield
22097,18112,40209,7599,32610,Karnataka,Covishield
33225,45949,79174,28763,50411,Kerala,Covishield
37934,24975,62909,51885,11024,Maharashtra,Covishield
46906,5949,52855,41028,11827,Odisha,Covishield
49386,2295,51681,36021,15660,Puducherry,Covishield
36971,9259,46230,19237,26993,Punjab,Covishield
15504,11311,26815,7336,19479,Rajasthan,Covishield
17580,16996,34576,29478,5098,Tamil Nadu,Covishield
20165,24177,44342,23060,21282,Telengana,Covishield
5162,43054,48216,41517,6699,Chandigarh,Covishield
33622,15233,48855,25518,23337,Jammu and Kashmir,Covishield
2002,2289,4291,#NUM!,#NUM!,Ladakh,Covishield
13498,33518,47016,27638,19378,Uttar Pradesh,Covishield
41969,38956,80925,21406,59519,Uttarakhand,Covishield
10898,21845,32743,6862,25881,West Bengal,Covishield
30371,15517,45888,35278,10610,Andhra Pradesh,Covishield
13899,36270,50169,7114,43055,Chhattisgarh,Covishield
15446,14299,29745,23657,6088,Delhi,Covishield
19575,37983,57558,9920,47638,Gujarat,Covishield
44629,1588,46217,36833,9384,Haryana,Covishield
32457,1557,34014,33785,229,Himachal Pradesh,Covishield
41744,48739,90483,70199,20284,Karnataka,Covishield
3611,21895,25506,7904,17602,Kerala,Covishield
47080,46897,93977,78889,15088,Madhya Pradesh,Covishield
49971,28753,78724,21289,57435,Maharashtra,Covishield
30366,15906,46272,21193,25079,Odisha,Covishield
31623,26849,58472,54181,4291,Puducherry,Covishield
25919,28381,54300,7865,46435,Punjab,Covishield
46772,7113,53885,8587,45298,Rajasthan,Covishield
10107,10201,20308,17738,2570,Tamil Nadu,Covishield
7499,48129,55628,29890,25738,Telengana,Covishield
22811,23199,46010,32843,13167,Chandigarh,Covishield
28034,18371,46405,18362,28043,Jammu and Kashmir,Covishield
8265,35096,43361,37112,6249,Ladakh,Covishield
30081,32500,62581,8670,53911,Uttar Pradesh,Covishield
23773,4969,28742,18181,10561,Uttarakhand,Covishield
30200,23807,54007,27776,26231,West Bengal,Covishield
19528,33490,53018,48187,4831,Andhra Pradesh,Covishield
1915,4662,6577,5471,1106,Bihar,Covishield
10733,7579,18312,16851,1461,Chhattisgarh,Covishield
26455,18332,44787,43734,1053,Delhi,Covishield
3443,42736,46179,16088,30091,Gujarat,Covishield
34462,16493,50955,46502,4453,Haryana,Covishield
5692,36582,42274,7397,34877,Himachal Pradesh,Covishield
12671,9068,21739,15949,5790,Karnataka,Covishield
21557,29032,50589,6884,43705,Kerala,Covishield
33283,42304,75587,43889,31698,Madhya Pradesh,Covishield
24607,23277,47884,33051,14833,Maharashtra,Covishield
27314,8062,35376,8034,27342,Odisha,Covishield
15787,18192,33979,11946,22033,Puducherry,Covishield
20998,26998,47996,23298,24698,Punjab,Covishield
13850,21052,34902,12727,22175,Rajasthan,Covishield
23182,41544,64726,35842,28884,Tamil Nadu,Covishield
35328,48119,83447,40749,42698,Telengana,Covishield
27220,25786,53006,40062,12944,Chandigarh,Covishield
13004,23125,36129,5097,31032,Jammu and Kashmir,Covishield
8709,3727,12436,11183,1253,Ladakh,Covishield
40270,23444,63714,47132,16582,Uttar Pradesh,Covishield
48760,6133,54893,9174,45719,Uttarakhand,Covishield
23410,28148,51558,29960,21598,West Bengal,Covishield
28268,34349,62617,37579,25038,Andhra Pradesh,Covishield
28147,6171,34318,27729,6589,Bihar,Covishield
14137,47403,61540,32410,29130,Chhattisgarh,Covishield
43432,16958,60390,48696,11694,Delhi,Covishield
37415,39487,76902,25930,50972,Gujarat,Covishield
22509,46378,68887,31408,37479,Haryana,Covishield
33990,48294,82284,16830,65454,Himachal Pradesh,Covishield
36191,21804,57995,49178,8817,Karnataka,Covishield
7602,42265,49867,5216,44651,Kerala,Covishield
45443,7964,53407,20703,32704,Madhya Pradesh,Covishield
45843,46968,92811,70191,22620,Maharashtra,Covishield
33281,26531,59812,16630,43182,Odisha,Covishield
26586,48545,75131,71297,3834,Puducherry,Covishield
13971,42687,56658,31641,25017,Punjab,Covishield
18459,11330,29789,8272,21517,Rajasthan,Covishield
10363,43856,54219,18458,35761,Tamil Nadu,Covishield
43606,46267,89873,80197,9676,Telengana,Covishield
13902,36989,50891,22332,28559,Chandigarh,Covishield
23440,36273,59713,29332,30381,Jammu and Kashmir,Covishield
48964,10597,59561,17293,42268,Ladakh,Covishield
23955,17843,41798,22196,19602,Uttar Pradesh,Covishield
6811,29793,36604,23626,12978,Uttarakhand,Covishield
22260,18638,40898,32185,8713,West Bengal,Covishield
10226,4764,14990,10249,4741,Andhra Pradesh,Covishield
29819,25204,55023,5056,49967,Bihar,Covishield
7343,2421,9764,8380,1384,Chhattisgarh,Covishield
45473,11691,57164,28297,28867,Delhi,Covishield
49380,39551,88931,20804,68127,Gujarat,Covishield
38081,25860,63941,8091,55850,Haryana,Covishield
37969,42436,80405,28458,51947,Himachal Pradesh,Covishield
27443,41688,69131,60325,8806,Karnataka,Covishield
47446,24569,72015,24032,47983,Kerala,Covishield
7824,17607,25431,9707,15724,Madhya Pradesh,Covishield
40451,39683,80134,9810,70324,Maharashtra,Covishield
38564,16937,55501,11756,43745,Manipur,Covishield
7937,40589,48526,35585,12941,Odisha,Covishield
42146,34811,76957,68935,8022,Puducherry,Covishield
34949,47260,82209,26213,55996,Punjab,Covishield
28639,9148,37787,29258,8529,Rajasthan,Covishield
10086,4262,14348,8436,5912,Tamil Nadu,Covishield
20576,38937,59513,47955,11558,Telengana,Covishield
5932,21222,27154,10018,17136,Chandigarh,Covishield
39307,13358,52665,32968,19697,Jammu and Kashmir,Covishield
13754,40861,54615,35071,19544,Ladakh,Covishield
10392,14608,25000,21631,3369,Uttar Pradesh,Covishield
45965,19340,65305,46440,18865,Uttarakhand,Covishield
49673,7348,57021,22294,34727,West Bengal,Covishield
33313,11291,44604,42792,1812,Andhra Pradesh,Covishield
9716,12576,22292,5610,16682,Bihar,Covishield
3912,23953,27865,9689,18176,Chhattisgarh,Covishield
9992,20932,30924,7717,23207,Delhi,Covishield
7994,25358,33352,25917,7435,Gujarat,Covishield
13097,17612,30709,6569,24140,Haryana,Covishield
22914,43546,66460,44996,21464,Himachal Pradesh,Covishield
25263,13289,38552,20624,17928,Karnataka,Covishield
10396,8017,18413,6504,11909,Kerala,Covishield
23681,30320,54001,23960,30041,Madhya Pradesh,Covishield
10977,31287,42264,9078,33186,Maharashtra,Covishield
33021,32499,65520,33201,32319,Manipur,Covishield
24638,18482,43120,20865,22255,Mizoram,Covishield
9178,46949,56127,5392,50735,Odisha,Covishield
34323,43733,78056,60210,17846,Puducherry,Covishield
37857,48477,86334,13582,72752,Punjab,Covishield
18928,37394,56322,47151,9171,Rajasthan,Covishield
11378,2633,14011,13166,845,Tamil Nadu,Covishield
30588,46441,77029,14366,62663,Telengana,Covishield
13425,12091,25516,17434,8082,Chandigarh,Covishield
21659,19159,40818,34697,6121,Jammu and Kashmir,Covishield
42821,28389,71210,14766,56444,Ladakh,Covishield
29589,11165,40754,24474,16280,Uttar Pradesh,Covishield
7496,40836,48332,8771,39561,Uttarakhand,Covishield
46362,37208,83570,55160,28410,West Bengal,Covishield
20828,42088,62916,44373,18543,Andaman and Nicobar Islands,Covishield
46270,34988,81258,12695,68563,Andhra Pradesh,Covishield
38104,30054,68158,8757,59401,Bihar,Covishield
15191,29135,44326,17781,26545,Chandigarh,Covishield
27419,35511,62930,20225,42705,Chhattisgarh,Covishield
9442,36002,45444,29852,15592,Delhi,Covishield
11475,18974,30449,15175,15274,Goa,Covishield
10724,20291,31015,17738,13277,Gujarat,Covishield
20213,40206,60419,35603,24816,Haryana,Covishield
3930,10928,14858,13802,1056,Himachal Pradesh,Covishield
39105,18442,57547,20028,37519,Jammu and Kashmir,Covishield
34695,28324,63019,19474,43545,Karnataka,Covishield
30254,39997,70251,58583,11668,Kerala,Covishield
6328,13482,19810,7355,12455,Ladakh,Covishield
34814,32038,66852,57464,9388,Madhya Pradesh,Covishield
31886,29877,61763,15338,46425,Maharashtra,Covishield
28473,39201,67674,53579,14095,Manipur,Covishield
23676,43320,66996,23664,43332,Mizoram,Covishield
2812,31535,34347,34168,179,Odisha,Covishield
19415,41112,60527,55970,4557,Puducherry,Covishield
23881,20538,44419,24831,19588,Punjab,Covishield
16389,11490,27879,24148,3731,Rajasthan,Covishield
39026,25119,64145,63590,555,Tamil Nadu,Covishield
38632,5068,43700,13011,30689,Telengana,Covishield
32973,4248,37221,5124,32097,Uttarakhand,Covishield
11308,32277,43585,8660,34925,Uttar Pradesh,Covishield
14862,31415,46277,23027,23250,West Bengal,Covishield
23262,41310,64572,58424,6148,Andaman and Nicobar Islands,Covishield
46739,22726,69465,32821,36644,Andhra Pradesh,Covishield
40711,32991,73702,38734,34968,Bihar,Covishield
16226,40022,56248,48517,7731,Chandigarh,Covishield
3468,21894,25362,14347,11015,Chhattisgarh,Covishield
11973,4507,16480,10209,6271,Delhi,Covishield
31152,31147,62299,6875,55424,Goa,Covishield
13351,33076,46427,11089,35338,Gujarat,Covishield
31322,10932,42254,15120,27134,Haryana,Covishield
28125,38713,66838,13834,53004,Himachal Pradesh,Covishield
18134,23733,41867,13017,28850,Jammu and Kashmir,Covishield
43107,36395,79502,26540,52962,Karnataka,Covishield
19424,26213,45637,35798,9839,Kerala,Covishield
22545,3878,26423,9341,17082,Ladakh,Covishield
7928,24681,32609,28204,4405,Madhya Pradesh,Covishield
43515,43562,87077,28194,58883,Maharashtra,Covishield
23322,43726,67048,7195,59853,Manipur,Covishield
43304,8729,52033,5721,46312,Mizoram,Covishield
7882,9994,17876,12300,5576,Odisha,Covishield
35883,47141,83024,48600,34424,Puducherry,Covishield
31089,19878,50967,12221,38746,Punjab,Covishield
48376,24832,73208,15658,57550,Rajasthan,Covishield
4962,36864,41826,11844,29982,Tamil Nadu,Covishield
2661,39718,42379,12947,29432,Telengana,Covishield
14618,27964,42582,36626,5956,Uttarakhand,Covishield
45105,40432,85537,60317,25220,Uttar Pradesh,Covishield
25909,9094,35003,32821,2182,West Bengal,Covishield
5349,15612,20961,14641,6320,Andhra Pradesh,Covishield
43629,18857,62486,27306,35180,Andaman and Nicobar Islands,Covishield
7998,27663,35661,29667,5994,Bihar,Covishield
15029,39759,54788,12114,42674,Chandigarh,Covishield
38843,47291,86134,46263,39871,Chhattisgarh,Covishield
41435,15654,57089,19163,37926,Delhi,Covishield
7838,23752,31590,7908,23682,Goa,Covishield
13676,25623,39299,21195,18104,Gujarat,Covishield
32725,18874,51599,15932,35667,Haryana,Covishield
47950,16312,64262,40419,23843,Himachal Pradesh,Covishield
42831,9933,52764,33713,19051,Jammu and Kashmir,Covishield
3233,15760,18993,10153,8840,Karnataka,Covishield
39144,15336,54480,13398,41082,Kerala,Covishield
10980,45453,56433,35293,21140,Ladakh,Covishield
21830,4935,26765,21506,5259,Madhya Pradesh,Covishield
27405,29519,56924,9259,47665,Maharashtra,Covishield
40631,32927,73558,57047,16511,Manipur,Covishield
29239,44483,73722,68983,4739,Mizoram,Covishield
36520,20981,57501,50355,7146,Odisha,Covishield
30311,16059,46370,11190,35180,Puducherry,Covishield
13442,28662,42104,22639,19465,Punjab,Covishield
28441,1877,30318,21179,9139,Rajasthan,Covishield
3419,16944,20363,15835,4528,Tamil Nadu,Covishield
24199,45898,70097,64622,5475,Telengana,Covishield
18427,37245,55672,53529,2143,Uttarakhand,Covishield
31816,17081,48897,44077,4820,Uttar Pradesh,Covishield
17115,34879,51994,31489,20505,West Bengal,Covishield
18439,10572,29011,24098,4913,Andhra Pradesh,Covishield
33789,3686,37475,29599,7876,Andaman and Nicobar Islands,Covishield
1829,37050,38879,20124,18755,Bihar,Covishield
5103,26633,31736,29322,2414,Chandigarh,Covishield
6819,40950,47769,22114,25655,Chhattisgarh,Covishield
33500,10037,43537,40246,3291,Delhi,Covishield
31334,24481,55815,20106,35709,Goa,Covishield
4108,36210,40318,11975,28343,Gujarat,Covishield
28719,22087,50806,31816,18990,Haryana,Covishield
31884,43112,74996,31252,43744,Himachal Pradesh,Covishield
10515,48434,58949,32695,26254,Jammu and Kashmir,Covishield
20394,12223,32617,13267,19350,Karnataka,Covishield
1804,35420,37224,19719,17505,Kerala,Covishield
49559,31585,81144,10705,70439,Ladakh,Covishield
11825,40426,52251,43466,8785,Madhya Pradesh,Covishield
30770,42302,73072,71180,1892,Maharashtra,Covishield
20537,40306,60843,45847,14996,Manipur,Covishield
39914,14984,54898,42863,12035,Mizoram,Covishield
41808,29880,71688,9467,62221,Odisha,Covishield
3610,35420,39030,23056,15974,Puducherry,Covishield
31994,39766,71760,38203,33557,Punjab,Covishield
40933,35304,76237,32817,43420,Rajasthan,Covishield
45391,12634,58025,23908,34117,Tamil Nadu,Covishield
40115,3449,43564,5450,38114,Telengana,Covishield
19733,6060,25793,11360,14433,Uttarakhand,Covishield
4977,39235,44212,44094,118,Uttar Pradesh,Covishield
47094,19676,66770,56606,10164,West Bengal,Covishield
43582,15702,59284,25763,33521,Andhra Pradesh,Covishield
4642,19380,24022,5637,18385,Andaman and Nicobar Islands,Covishield
20076,48361,68437,23371,45066,Bihar,Covishield
39079,30443,69522,69387,135,Chandigarh,Covishield
39740,32487,72227,45768,26459,Chhattisgarh,Covishield
23598,33547,57145,33896,23249,Delhi,Covishield
7502,6302,13804,5201,8603,Goa,Covishield
15303,2737,18040,5358,12682,Gujarat,Covishield
43805,6294,50099,35590,14509,Haryana,Covishield
12413,31449,43862,19219,24643,Himachal Pradesh,Covishield
17341,20663,38004,5873,32131,Jammu and Kashmir,Covishield
32152,23149,55301,37284,18017,Karnataka,Covishield
30585,30580,61165,60944,221,Kerala,Covishield
3016,6408,9424,7678,1746,Ladakh,Covishield
47594,45890,93484,26576,66908,Madhya Pradesh,Covishield
10416,20699,31115,18584,12531,Maharashtra,Covishield
28563,17208,45771,33025,12746,Manipur,Covishield
19704,30240,49944,29141,20803,Mizoram,Covishield
33226,25471,58697,13832,44865,Odisha,Covishield
17726,14115,31841,13586,18255,Puducherry,Covishield
39585,4728,44313,5949,38364,Punjab,Covishield
5128,10784,15912,9412,6500,Rajasthan,Covishield
11579,39101,50680,37643,13037,Tamil Nadu,Covishield
31440,11131,42571,14581,27990,Telengana,Covishield
30642,21244,51886,33106,18780,Uttarakhand,Covishield
10240,12463,22703,9924,12779,Uttar Pradesh,Covishield
15097,48510,63607,27196,36411,West Bengal,Covishield
13595,30935,44530,15261,29269,Unassigned,Covishield
3350,33766,37116,11904,25212,Andhra Pradesh,Covishield
14234,10698,24932,18690,6242,Andaman and Nicobar Islands,Covishield
16790,47302,64092,63119,973,Bihar,Covishield
13890,41364,55254,17324,37930,Chandigarh,Covishield
34132,11022,45154,33073,12081,Chhattisgarh,Covishield
40182,44403,84585,21210,63375,Delhi,Covishield
16847,34819,51666,39641,12025,Goa,Covishield
43601,15122,58723,50713,8010,Gujarat,Covishield
37278,31839,69117,18129,50988,Haryana,Covishield
13368,27163,40531,19199,21332,Himachal Pradesh,Covishield
11966,32698,44664,40218,4446,Jammu and Kashmir,Covishield
16201,39570,55771,19237,36534,Karnataka,Covishield
12730,19843,32573,9513,23060,Kerala,Covishield
12210,37911,50121,29692,20429,Ladakh,Covishield
34232,40977,75209,46724,28485,Madhya Pradesh,Covishield
29541,33933,63474,36100,27374,Maharashtra,Covishield
25947,4904,30851,22568,8283,Manipur,Covishield
15023,22799,37822,15511,22311,Mizoram,Covishield
15286,46588,61874,16030,45844,Odisha,Covishield
10119,6445,16564,14333,2231,Puducherry,Covishield
44950,29760,74710,52104,22606,Punjab,Covishield
37349,25420,62769,27975,34794,Rajasthan,Covishield
36907,25779,62686,7564,55122,Tamil Nadu,Covishield
42101,34930,77031,43868,33163,Telengana,Covishield
46789,48983,95772,22466,73306,Uttarakhand,Covishield
37297,3284,40581,29171,11410,Uttar Pradesh,Covishield
27022,4100,31122,18937,12185,West Bengal,Covishield
31630,41371,73001,13437,59564,Unassigned,Covishield
28698,9112,37810,13399,24411,Andhra Pradesh,Covishield
34908,22121,57029,40300,16729,Andaman and Nicobar Islands,Covishield
10004,28316,38320,28247,10073,Assam,Covishield
49227,4320,53547,14626,38921,Bihar,Covishield
34509,30236,64745,56057,8688,Chandigarh,Covishield
3545,31839,35384,13899,21485,Chhattisgarh,Covishield
12733,8687,21420,14694,6726,Delhi,Covishield
34030,8493,42523,12036,30487,Goa,Covishield
16359,40598,56957,48787,8170,Gujarat,Covishield
39064,24101,63165,35091,28074,Haryana,Covishield
19335,28602,47937,17905,30032,Himachal Pradesh,Covishield
17980,35820,53800,29986,23814,Jammu and Kashmir,Covishield
16819,34687,51506,31344,20162,Jharkhand,Covishield
6845,13828,20673,9544,11129,Karnataka,Covishield
14971,29678,44649,18250,26399,Kerala,Covishield
8121,41106,49227,16474,32753,Ladakh,Covishield
38481,34620,73101,40179,32922,Madhya Pradesh,Covishield
15507,18449,33956,27930,6026,Maharashtra,Covishield
29313,12801,42114,17166,24948,Manipur,Covishield
23337,10200,33537,19367,14170,Mizoram,Covishield
26531,7490,34021,8216,25805,Odisha,Covishield
17420,4871,22291,9899,12392,Puducherry,Covishield
14048,48992,63040,6194,56846,Punjab,Covishield
44419,13977,58396,44512,13884,Rajasthan,Covishield
38282,48852,87134,31036,56098,Tamil Nadu,Covishield
48217,38593,86810,64338,22472,Telengana,Covishield
15715,47453,63168,35768,27400,Uttarakhand,Covishield
38563,19835,58398,7298,51100,Uttar Pradesh,Covishield
22456,35753,58209,30425,27784,West Bengal,Covishield
45553,9247,54800,18122,36678,Andhra Pradesh,Covishield
36243,26443,62686,7849,54837,Andaman and Nicobar Islands,Covishield
9720,23446,33166,31728,1438,Assam,Covishield
19301,20854,40155,13675,26480,Bihar,Covishield
4840,3838,8678,7050,1628,Chandigarh,Covishield
49316,41835,91151,13719,77432,Chhattisgarh,Covishield
16083,20965,37048,25329,11719,Delhi,Covishield
17568,45233,62801,6599,56202,Goa,Covishield
8971,6613,15584,11312,4272,Gujarat,Covishield
10950,37109,48059,9208,38851,Haryana,Covishield
44097,41996,86093,10172,75921,Himachal Pradesh,Covishield
1890,21391,23281,19398,3883,Jammu and Kashmir,Covishield
34642,38258,72900,25545,47355,Jharkhand,Covishield
35533,33333,68866,28654,40212,Karnataka,Covishield
28599,27611,56210,45983,10227,Kerala,Covishield
28020,47348,75368,40425,34943,Ladakh,Covishield
28337,37725,66062,13466,52596,Madhya Pradesh,Covishield
45239,10027,55266,5501,49765,Maharashtra,Covishield
10023,43795,53818,34226,19592,Manipur,Covishield
8444,23607,32051,14007,18044,Mizoram,Covishield
41603,24031,65634,7499,58135,Odisha,Covishield
45253,32363,77616,57438,20178,Puducherry,Covishield
2766,44454,47220,13078,34142,Punjab,Covishield
28743,42275,71018,23135,47883,Rajasthan,Covishield
17092,46812,63904,21341,42563,Tamil Nadu,Covishield
39713,40815,80528,36850,43678,Telengana,Covishield
15183,6526,21709,6579,15130,Uttarakhand,Covishield
37599,15316,52915,26581,26334,Uttar Pradesh,Covishield
14281,33366,47647,32516,15131,West Bengal,Covishield
45016,45373,90389,22305,68084,Andhra Pradesh,Covishield
19307,16255,35562,19258,16304,Andaman and Nicobar Islands,Covishield
29504,18291,47795,7879,39916,Arunachal Pradesh,Covishield
47332,9455,56787,42076,14711,Assam,Covishield
23657,9631,33288,28890,4398,Bihar,Covishield
3091,44043,47134,44670,2464,Chandigarh,Covishield
18405,45357,63762,21293,42469,Chhattisgarh,Covishield
35200,41536,76736,34923,41813,Delhi,Covishield
24012,31288,55300,52387,2913,Goa,Covishield
33183,38478,71661,26021,45640,Gujarat,Covishield
4876,18554,23430,6920,16510,Haryana,Covishield
41434,44768,86202,60238,25964,Himachal Pradesh,Covishield
16771,7533,24304,13052,11252,Jammu and Kashmir,Covishield
16865,32608,49473,27733,21740,Jharkhand,Covishield
8266,9013,17279,7124,10155,Karnataka,Covishield
43587,12365,55952,30094,25858,Kerala,Covishield
24759,18280,43039,6544,36495,Ladakh,Covishield
25064,21335,46399,24186,22213,Madhya Pradesh,Covishield
34121,48712,82833,57504,25329,Maharashtra,Covishield
15938,25315,41253,9284,31969,Manipur,Covishield
45533,39184,84717,5169,79548,Mizoram,Covishield
41615,16556,58171,14993,43178,Odisha,Covishield
9396,12733,22129,10195,11934,Puducherry,Covishield
2727,2844,5571,5347,224,Punjab,Covishield
38050,24502,62552,12610,49942,Rajasthan,Covishield
48228,31730,79958,18449,61509,Tamil Nadu,Covishield
2208,38126,40334,36693,3641,Telengana,Covishield
9997,44919,54916,43710,11206,Uttarakhand,Covishield
9080,6904,15984,11116,4868,Uttar Pradesh,Covishield
5609,9075,14684,9617,5067,West Bengal,Covishield
2082,33560,35642,30296,5346,Unassigned,Covishield
45309,6483,51792,24601,27191,Andhra Pradesh,Covishield
38751,44575,83326,67136,16190,Andaman and Nicobar Islands,Covishield
8595,41994,50589,23670,26919,Arunachal Pradesh,Covishield
34554,39470,74024,72531,1493,Assam,Covishield
32420,33167,65587,57622,7965,Bihar,Covishield
37359,38011,75370,15281,60089,Chandigarh,Covishield
40672,3522,44194,38453,5741,Chhattisgarh,Covishield
4727,8889,13616,5767,7849,Delhi,Covishield
22517,18205,40722,17168,23554,Goa,Covishield
30169,27104,57273,11689,45584,Gujarat,Covishield
26674,38717,65391,21565,43826,Haryana,Covishield
5340,7392,12732,8186,4546,Himachal Pradesh,Covishield
42911,27961,70872,17588,53284,Jammu and Kashmir,Covishield
32817,9386,42203,26649,15554,Jharkhand,Covishield
17475,22812,40287,22819,17468,Karnataka,Covishield
4602,21684,26286,17206,9080,Kerala,Covishield
15004,2775,17779,6471,11308,Ladakh,Covishield
12525,22924,35449,34830,619,Madhya Pradesh,Covishield
15109,42813,57922,22460,35462,Maharashtra,Covishield
22294,28839,51133,44765,6368,Manipur,Covishield
40073,40216,80289,56362,23927,Mizoram,Covishield
26183,28381,54564,17521,37043,Odisha,Covishield
13977,3984,17961,16601,1360,Puducherry,Covishield
24849,2184,27033,13653,13380,Punjab,Covishield
1948,21530,23478,17154,6324,Rajasthan,Covishield
46317,39944,86261,31967,54294,Tamil Nadu,Covishield
22027,48314,70341,60411,9930,Telengana,Covishield
25033,44398,69431,66940,2491,Uttarakhand,Covishield
42702,28166,70868,30658,40210,Uttar Pradesh,Covishield
12197,20288,32485,8654,23831,West Bengal,Covishield
6062,33380,39442,30283,9159,Andhra Pradesh,Covishield
38868,44149,83017,75933,7084,Andaman and Nicobar Islands,Covishield
27962,13247,41209,37413,3796,Arunachal Pradesh,Covishield
28749,40030,68779,40620,28159,Assam,Covishield
10492,31018,41510,9307,32203,Bihar,Covishield
2402,29139,31541,24100,7441,Chandigarh,Covishield
43702,1889,45591,42906,2685,Chhattisgarh,Covishield
9073,24929,34002,30925,3077,Delhi,Covishield
32622,42478,75100,63134,11966,Goa,Covishield
12903,2660,15563,6670,8893,Gujarat,Covishield
48792,36781,85573,64588,20985,Haryana,Covishield
18593,16568,35161,7392,27769,Himachal Pradesh,Covishield
49061,17259,66320,16416,49904,Jammu and Kashmir,Covishield
45831,28711,74542,7096,67446,Jharkhand,Covishield
15371,11741,27112,25523,1589,Karnataka,Covishield
38903,49120,88023,68762,19261,Kerala,Covishield
23655,20790,44445,6334,38111,Ladakh,Covishield
46115,13910,60025,8291,51734,Madhya Pradesh,Covishield
34751,41471,76222,28814,47408,Maharashtra,Covishield
21073,33455,54528,45039,9489,Manipur,Covishield
9925,36291,46216,44036,2180,Mizoram,Covishield
5337,27685,33022,30968,2054,Odisha,Covishield
30618,44583,75201,48122,27079,Puducherry,Covishield
2431,13904,16335,8815,7520,Punjab,Covishield
32129,11132,43261,40973,2288,Rajasthan,Covishield
31927,12309,44236,22529,21707,Tamil Nadu,Covishield
17819,2776,20595,19260,1335,Telengana,Covishield
33429,11129,44558,6078,38480,Uttarakhand,Covishield
3354,5989,9343,8968,375,Uttar Pradesh,Covishield
10632,48237,58869,45421,13448,West Bengal,Covishield
10538,4498,15036,14219,817,Andhra Pradesh,Covishield
10057,43915,53972,34574,19398,Andaman and Nicobar Islands,Covishield
19220,36977,56197,24674,31523,Arunachal Pradesh,Covishield
25059,2569,27628,18631,8997,Assam,Covishield
26685,14597,41282,12244,29038,Bihar,Covishield
42816,41746,84562,62913,21649,Chandigarh,Covishield
38018,31123,69141,16180,52961,Chhattisgarh,Covishield
45940,47388,93328,87676,5652,Delhi,Covishield
40093,27671,67764,14984,52780,Goa,Covishield
3733,32267,36000,26009,9991,Gujarat,Covishield
12231,14117,26348,16704,9644,Haryana,Covishield
38003,27127,65130,47460,17670,Himachal Pradesh,Covishield
5510,38771,44281,28384,15897,Jammu and Kashmir,Covishield
4721,3041,7762,5978,1784,Jharkhand,Covishield
13197,27801,40998,17949,23049,Karnataka,Covishield
15092,45009,60101,14925,45176,Kerala,Covishield
47622,3557,51179,17435,33744,Ladakh,Covishield
40705,36813,77518,32986,44532,Madhya Pradesh,Covishield
36766,28164,64930,44968,19962,Maharashtra,Covishield
14775,48584,63359,35539,27820,Manipur,Covishield
38378,17956,56334,32502,23832,Mizoram,Covishield
5473,9585,15058,14745,313,Odisha,Covishield
44756,8662,53418,21422,31996,Puducherry,Covishield
18523,25987,44510,35262,9248,Punjab,Covishield
34830,23845,58675,26335,32340,Rajasthan,Covishield
30275,7577,37852,18078,19774,Tamil Nadu,Covishield
16773,38281,55054,28876,26178,Telengana,Covishield
31398,49332,80730,28760,51970,Uttarakhand,Covishield
21911,5965,27876,27711,165,Uttar Pradesh,Covishield
29633,8955,38588,17244,21344,West Bengal,Covishield
37835,14605,52440,36287,16153,Andhra Pradesh,Covishield
39484,27812,67296,34160,33136,Andaman and Nicobar Islands,Covishield
40067,18061,58128,20841,37287,Arunachal Pradesh,Covishield
7437,48915,56352,31535,24817,Assam,Covishield
30789,3841,34630,24204,10426,Bihar,Covishield
17389,42653,60042,48747,11295,Chandigarh,Covishield
36319,46066,82385,59129,23256,Chhattisgarh,Covishield
20179,23421,43600,18382,25218,Delhi,Covishield
4219,38937,43156,35203,7953,Goa,Covishield
42396,12748,55144,23266,31878,Gujarat,Covishield
4787,17632,22419,15026,7393,Haryana,Covishield
9386,26972,36358,17353,19005,Himachal Pradesh,Covishield
20894,5564,26458,17161,9297,Jammu and Kashmir,Covishield
28786,10309,39095,8466,30629,Jharkhand,Covishield
38041,31577,69618,8092,61526,Karnataka,Covishield
11677,30067,41744,12295,29449,Kerala,Covishield
42658,8275,50933,21282,29651,Ladakh,Covishield
41400,31933,73333,8094,65239,Madhya Pradesh,Covishield
16207,35118,51325,16475,34850,Maharashtra,Covishield
35011,32766,67777,37401,30376,Manipur,Covishield
46876,12340,59216,53569,5647,Mizoram,Covishield
6577,35560,42137,6207,35930,Odisha,Covishield
32499,23327,55826,14018,41808,Puducherry,Covishield
33457,13044,46501,28135,18366,Punjab,Covishield
30943,30654,61597,31073,30524,Rajasthan,Covishield
38490,31872,70362,19942,50420,Tamil Nadu,Covishield
6238,31091,37329,31176,6153,Telengana,Covishield
30854,28385,59239,25440,33799,Tripura,Covishield
13424,34301,47725,13492,34233,Uttarakhand,Covishield
29190,5389,34579,18634,15945,Uttar Pradesh,Covishield
37066,45056,82122,46807,35315,West Bengal,Covishield
36233,42601,78834,13284,65550,Andhra Pradesh,Covishield
29499,40178,69677,28217,41460,Andaman and Nicobar Islands,Covishield
49662,46002,95664,63792,31872,Arunachal Pradesh,Covishield
26929,20809,47738,7822,39916,Assam,Covishield
43777,28735,72512,10011,62501,Bihar,Covishield
1602,8148,9750,8897,853,Chandigarh,Covishield
19198,28625,47823,14558,33265,Chhattisgarh,Covishield
49774,40100,89874,31832,58042,Delhi,Covishield
35535,49419,84954,68704,16250,Goa,Covishield
8380,35498,43878,18033,25845,Gujarat,Covishield
47801,10402,58203,15277,42926,Haryana,Covishield
21349,8141,29490,7915,21575,Himachal Pradesh,Covishield
20028,27548,47576,22647,24929,Jammu and Kashmir,Covishield
21083,14603,35686,25996,9690,Jharkhand,Covishield
3922,48810,52732,14831,37901,Karnataka,Covishield
35598,10962,46560,16455,30105,Kerala,Covishield
26163,9859,36022,9701,26321,Ladakh,Covishield
26782,33709,60491,19361,41130,Madhya Pradesh,Covishield
9561,35507,45068,17048,28020,Maharashtra,Covishield
35220,44916,80136,10983,69153,Manipur,Covishield
6134,45074,51208,47369,3839,Mizoram,Covishield
18950,9695,28645,5497,23148,Odisha,Covishield
27393,33579,60972,48333,12639,Puducherry,Covishield
34524,41818,76342,10511,65831,Punjab,Covishield
39708,29438,69146,14728,54418,Rajasthan,Covishield
19921,10817,30738,22188,8550,Tamil Nadu,Covishield
19181,24540,43721,42121,1600,Telengana,Covishield
28694,18238,46932,30845,16087,Tripura,Covishield
14344,20778,35122,30313,4809,Uttarakhand,Covishield
29505,20915,50420,38712,11708,Uttar Pradesh,Covishield
32343,42007,74350,30241,44109,West Bengal,Covishield
42281,9408,51689,9434,42255,Andhra Pradesh,Covishield
34581,43810,78391,6350,72041,Andaman and Nicobar Islands,Covishield
49302,31020,80322,64297,16025,Arunachal Pradesh,Covishield
1639,3307,4946,#NUM!,#NUM!,Assam,Covishield
29904,24544,54448,13315,41133,Bihar,Covishield
43854,37045,80899,9224,71675,Chandigarh,Covishield
48107,36072,84179,6296,77883,Chhattisgarh,Covishield
26198,25729,51927,24567,27360,Delhi,Covishield
29669,45870,75539,50336,25203,Goa,Covishield
18523,41875,60398,40296,20102,Gujarat,Covishield
46183,30601,76784,64092,12692,Haryana,Covishield
33293,30859,64152,33921,30231,Himachal Pradesh,Covishield
14970,40177,55147,32466,22681,Jammu and Kashmir,Covishield
21120,33591,54711,16855,37856,Jharkhand,Covishield
13022,9784,22806,21896,910,Karnataka,Covishield
24945,11002,35947,30114,5833,Kerala,Covishield
48708,47792,96500,54851,41649,Ladakh,Covishield
9197,25344,34541,22073,12468,Madhya Pradesh,Covishield
43806,46559,90365,41958,48407,Maharashtra,Covishield
26464,37461,63925,35621,28304,Manipur,Covishield
26438,24769,51207,7321,43886,Mizoram,Covishield
3235,33897,37132,26133,10999,Odisha,Covishield
48315,47301,95616,60797,34819,Puducherry,Covishield
26244,46548,72792,66668,6124,Punjab,Covishield
24013,2878,26891,23993,2898,Rajasthan,Covishield
10493,45649,56142,15633,40509,Tamil Nadu,Covishield
34385,45105,79490,15397,64093,Telengana,Covishield
3727,5747,9474,8675,799,Tripura,Covishield
20839,33249,54088,9437,44651,Uttarakhand,Covishield
1858,2323,4181,#NUM!,#NUM!,Uttar Pradesh,Covishield
3980,32306,36286,12219,24067,West Bengal,Covishield
38468,28692,67160,25456,41704,Andhra Pradesh,Covishield
35367,42816,78183,60585,17598,Andaman and Nicobar Islands,Covishield
44741,6120,50861,14363,36498,Arunachal Pradesh,Covishield
24514,13271,37785,18976,18809,Assam,Covishield
3692,25775,29467,7070,22397,Bihar,Covishield
15916,2507,18423,16226,2197,Chandigarh,Covishield
21252,15712,36964,25853,11111,Chhattisgarh,Covishield
31671,6763,38434,11206,27228,Delhi,Covishield
31723,6272,37995,24200,13795,Goa,Covishield
21538,11775,33313,12664,20649,Gujarat,Covishield
46874,30636,77510,20479,57031,Haryana,Covishield
42589,32988,75577,43688,31889,Himachal Pradesh,Covishield
25143,19792,44935,34519,10416,Jammu and Kashmir,Covishield
18329,48387,66716,52582,14134,Jharkhand,Covishield
46684,5847,52531,47965,4566,Karnataka,Covishield
45764,19847,65611,59271,6340,Kerala,Covishield
25313,4812,30125,14068,16057,Ladakh,Covishield
25680,21212,46892,37951,8941,Madhya Pradesh,Covishield
9734,15883,25617,12926,12691,Maharashtra,Covishield
43580,16437,60017,56731,3286,Manipur,Covishield
41896,33744,75640,23355,52285,Mizoram,Covishield
23676,15660,39336,16967,22369,Odisha,Covishield
18679,34072,52751,17076,35675,Puducherry,Covishield
29829,8950,38779,37777,1002,Punjab,Covishield
46496,15301,61797,42929,18868,Rajasthan,Covishield
19665,43134,62799,57842,4957,Tamil Nadu,Covishield
35768,1877,37645,26603,11042,Telengana,Covishield
12750,25271,38021,15968,22053,Tripura,Covishield
49840,22709,72549,34105,38444,Uttarakhand,Covishield
47666,19229,66895,34291,32604,Uttar Pradesh,Covishield
17964,15302,33266,13020,20246,West Bengal,Covishield
28354,2249,30603,27142,3461,Andhra Pradesh,Covishield
45696,22463,68159,58088,10071,Andaman and Nicobar Islands,Covishield
46800,5165,51965,40522,11443,Arunachal Pradesh,Covishield
35943,7395,43338,28439,14899,Assam,Covishield
26372,7906,34278,22423,11855,Bihar,Covishield
46498,2773,49271,10397,38874,Chandigarh,Covishield
37942,21645,59587,29974,29613,Chhattisgarh,Covishield
25097,29365,54462,40126,14336,Delhi,Covishield
18562,10371,28933,22171,6762,Goa,Covishield
31970,24957,56927,41220,15707,Gujarat,Covishield
45767,23154,68921,44159,24762,Haryana,Covishield
4756,45923,50679,43694,6985,Himachal Pradesh,Covishield
19497,38526,58023,51966,6057,Jammu and Kashmir,Covishield
45922,22636,68558,66058,2500,Jharkhand,Covishield
49621,10184,59805,14796,45009,Karnataka,Covishield
10116,21377,31493,27661,3832,Kerala,Covishield
4102,28484,32586,22617,9969,Ladakh,Covishield
41781,3971,45752,17871,27881,Madhya Pradesh,Covishield
21020,38371,59391,8753,50638,Maharashtra,Covishield
49363,22845,72208,6922,65286,Manipur,Covishield
43800,34848,78648,18624,60024,Mizoram,Covishield
46763,23542,70305,59400,10905,Odisha,Covishield
46737,12006,58743,28626,30117,Puducherry,Covishield
24411,2995,27406,21978,5428,Punjab,Covishield
34334,4394,38728,32090,6638,Rajasthan,Covishield
5727,30316,36043,12896,23147,Tamil Nadu,Covishield
39336,27644,66980,16608,50372,Telengana,Covishield
35893,13550,49443,25409,24034,Tripura,Covishield
5031,39158,44189,16499,27690,Uttarakhand,Covishield
7957,38209,46166,28404,17762,Uttar Pradesh,Covishield
13538,17728,31266,30472,794,West Bengal,Covishield
48846,7758,56604,28450,28154,Andhra Pradesh,Covishield
3809,9424,13233,10379,2854,Andaman and Nicobar Islands,Covishield
24004,36144,60148,24460,35688,Arunachal Pradesh,Covishield
26286,23806,50092,35951,14141,Assam,Covishield
8558,28652,37210,36461,749,Bihar,Covishield
14973,36934,51907,43194,8713,Chandigarh,Covishield
25278,4283,29561,5240,24321,Chhattisgarh,Covishield
49982,44311,94293,32122,62171,Delhi,Covishield
2193,26595,28788,8804,19984,Goa,Covishield
46744,24156,70900,35406,35494,Gujarat,Covishield
15918,32083,48001,43636,4365,Haryana,Covishield
32775,40503,73278,52755,20523,Himachal Pradesh,Covishield
31813,27356,59169,30902,28267,Jammu and Kashmir,Covishield
17867,4872,22739,15023,7716,Jharkhand,Covishield
43743,33365,77108,45018,32090,Karnataka,Covishield
41936,45331,87267,19108,68159,Kerala,Covishield
43706,5516,49222,8999,40223,Ladakh,Covishield
19804,33388,53192,8577,44615,Madhya Pradesh,Covishield
20955,47870,68825,64534,4291,Maharashtra,Covishield
49307,25474,74781,40157,34624,Manipur,Covishield
3749,17039,20788,15402,5386,Mizoram,Covishield
32179,41801,73980,69104,4876,Odisha,Covishield
27678,48887,76565,59571,16994,Puducherry,Covishield
28599,47971,76570,35359,41211,Punjab,Covishield
16437,2791,19228,6590,12638,Rajasthan,Covishield
24130,29473,53603,27821,25782,Tamil Nadu,Covishield
22389,18166,40555,35306,5249,Telengana,Covishield
4971,17450,22421,13706,8715,Tripura,Covishield
11909,24905,36814,12286,24528,Uttarakhand,Covishield
41269,20945,62214,48188,14026,Uttar Pradesh,Covishield
29553,13166,42719,10097,32622,West Bengal,Covishield
8234,5879,14113,7798,6315,Andhra Pradesh,Covishield
2032,20552,22584,5924,16660,Andaman and Nicobar Islands,Covishield
6194,9308,15502,11299,4203,Arunachal Pradesh,Covishield
49650,12348,61998,22160,39838,Assam,Covishield
7257,9797,17054,11766,5288,Bihar,Covishield
42655,48158,90813,77666,13147,Chandigarh,Covishield
16447,41352,57799,6659,51140,Chhattisgarh,Covishield
3507,34924,38431,26543,11888,Delhi,Covishield
18349,42075,60424,26899,33525,Goa,Covishield
20756,13145,33901,18268,15633,Gujarat,Covishield
35164,45298,80462,54243,26219,Haryana,Covishield
13382,22127,35509,13780,21729,Himachal Pradesh,Covishield
28749,48433,77182,42658,34524,Jammu and Kashmir,Covishield
17519,9220,26739,7215,19524,Jharkhand,Covishield
44069,10709,54778,16199,38579,Karnataka,Covishield
31828,6569,38397,9983,28414,Kerala,Covishield
23737,14357,38094,27654,10440,Ladakh,Covishield
29642,14055,43697,8208,35489,Madhya Pradesh,Covishield
17039,22984,40023,26094,13929,Maharashtra,Covishield
47995,28952,76947,37848,39099,Manipur,Covishield
49408,17337,66745,5917,60828,Mizoram,Covishield
20345,41646,61991,39109,22882,Nagaland,Covishield
25845,35870,61715,17611,44104,Odisha,Covishield
18275,31464,49739,18834,30905,Puducherry,Covishield
38777,44251,83028,52733,30295,Punjab,Covishield
46170,46907,93077,43925,49152,Rajasthan,Covishield
23026,15048,38074,27266,10808,Tamil Nadu,Covishield
3834,37648,41482,18363,23119,Telengana,Covishield
34046,31811,65857,48635,17222,Tripura,Covishield
22557,45175,67732,42863,24869,Uttarakhand,Covishield
37075,31320,68395,8241,60154,Uttar Pradesh,Covishield
39097,32206,71303,40491,30812,West Bengal,Covishield
8585,44963,53548,15019,38529,Andhra Pradesh,Covishield
48061,36628,84689,33942,50747,Andaman and Nicobar Islands,Covishield
29113,1758,30871,18643,12228,Arunachal Pradesh,Covishield
15959,23763,39722,38015,1707,Assam,Covishield
5302,32843,38145,18372,19773,Bihar,Covishield
40642,30910,71552,11250,60302,Chandigarh,Covishield
46899,12005,58904,52919,5985,Chhattisgarh,Covishield
7038,33008,40046,21725,18321,Delhi,Covishield
8405,20679,29084,23263,5821,Goa,Covishield
32761,12873,45634,41856,3778,Gujarat,Covishield
30964,45620,76584,12152,64432,Haryana,Covishield
6198,49149,55347,27518,27829,Himachal Pradesh,Covishield
16876,27207,44083,42072,2011,Jammu and Kashmir,Covishield
47072,31836,78908,70324,8584,Jharkhand,Covishield
26436,35740,62176,21898,40278,Karnataka,Covishield
9556,19426,28982,28399,583,Kerala,Covishield
7252,33026,40278,30463,9815,Ladakh,Covishield
4938,4332,9270,6976,2294,Madhya Pradesh,Covishield
18335,12143,30478,18535,11943,Maharashtra,Covishield
29266,19699,48965,9867,39098,Manipur,Covishield
25393,14901,40294,17180,23114,Meghalaya,Covishield
29441,41393,70834,58696,12138,Mizoram,Covishield
7757,15300,23057,22657,400,Nagaland,Covishield
2330,21022,23352,12961,10391,Odisha,Covishield
27511,35429,62940,30041,32899,Puducherry,Covishield
45935,32412,78347,41101,37246,Punjab,Covishield
23794,18712,42506,37025,5481,Rajasthan,Covishield
32132,42776,74908,19146,55762,Tamil Nadu,Covishield
40425,15369,55794,27709,28085,Telengana,Covishield
8408,39734,48142,40695,7447,Tripura,Covishield
20003,6344,26347,15252,11095,Uttarakhand,Covishield
19385,27152,46537,23401,23136,Uttar Pradesh,Covishield
10063,21776,31839,25671,6168,West Bengal,Covishield
18147,28210,46357,34123,12234,Andaman and Nicobar Islands,Covishield
48036,41885,89921,6573,83348,Andhra Pradesh,Covishield
3054,34349,37403,34676,2727,Arunachal Pradesh,Covishield
4926,6523,11449,6890,4559,Assam,Covishield
3917,8213,12130,7835,4295,Bihar,Covishield
4876,21876,26752,24965,1787,Chandigarh,Covishield
43126,32801,75927,63832,12095,Chhattisgarh,Covishield
8385,38483,46868,30349,16519,Delhi,Covishield
43295,13409,56704,30202,26502,Goa,Covishield
18811,26399,45210,19763,25447,Gujarat,Covishield
11112,26314,37426,23141,14285,Haryana,Covishield
8769,30050,38819,26452,12367,Himachal Pradesh,Covishield
43328,26755,70083,30640,39443,Jammu and Kashmir,Covishield
28618,26631,55249,41833,13416,Jharkhand,Covishield
7165,16861,24026,23208,818,Karnataka,Covishield
29187,6231,35418,10676,24742,Kerala,Covishield
11465,49807,61272,5729,55543,Ladakh,Covishield
23399,40009,63408,35055,28353,Madhya Pradesh,Covishield
3829,4144,7973,6556,1417,Maharashtra,Covishield
40304,1779,42083,35519,6564,Manipur,Covishield
12274,33671,45945,26675,19270,Meghalaya,Covishield
26487,29160,55647,47166,8481,Mizoram,Covishield
22825,27320,50145,45285,4860,Nagaland,Covishield
36999,44712,81711,40905,40806,Odisha,Covishield
40186,13533,53719,44529,9190,Puducherry,Covishield
17071,44703,61774,35163,26611,Punjab,Covishield
4082,15707,19789,6016,13773,Rajasthan,Covishield
3161,13004,16165,8679,7486,Tamil Nadu,Covishield
22625,48209,70834,27731,43103,Telengana,Covishield
2283,4681,6964,6452,512,Tripura,Covishield
12747,25987,38734,33832,4902,Uttarakhand,Covishield
16455,31826,48281,8299,39982,Uttar Pradesh,Covishield
26475,27326,53801,21471,32330,West Bengal,Covishield
17044,35558,52602,22056,30546,Andaman and Nicobar Islands,Covishield
17747,12442,30189,6969,23220,Andhra Pradesh,Covishield
11762,19959,31721,13365,18356,Arunachal Pradesh,Covishield
48001,34944,82945,67394,15551,Assam,Covishield
41743,11199,52942,25747,27195,Bihar,Covishield
7955,21408,29363,26468,2895,Chandigarh,Covishield
22222,6870,29092,12434,16658,Chhattisgarh,Covishield
29320,15208,44528,27528,17000,Delhi,Covishield
38134,22070,60204,8782,51422,Goa,Covishield
42246,38459,80705,8965,71740,Gujarat,Covishield
28572,17609,46181,7192,38989,Haryana,Covishield
4925,6346,11271,10016,1255,Himachal Pradesh,Covishield
9563,34372,43935,6604,37331,Jammu and Kashmir,Covishield
13860,12078,25938,23472,2466,Jharkhand,Covishield
13735,7762,21497,6687,14810,Karnataka,Covishield
44567,29890,74457,19769,54688,Kerala,Covishield
39868,2068,41936,9130,32806,Ladakh,Covishield
18130,29554,47684,28831,18853,Madhya Pradesh,Covishield
9774,9011,18785,8716,10069,Maharashtra,Covishield
30920,20423,51343,23883,27460,Manipur,Covishield
37927,4486,42413,19810,22603,Meghalaya,Covishield
1928,2429,4357,#NUM!,#NUM!,Mizoram,Covishield
48482,21628,70110,57688,12422,Nagaland,Covishield
29754,44207,73961,43068,30893,Odisha,Covishield
39966,28757,68723,49634,19089,Puducherry,Covishield
43879,6441,50320,40747,9573,Punjab,Covishield
11551,6998,18549,12331,6218,Rajasthan,Covishield
10968,25655,36623,5314,31309,Tamil Nadu,Covishield
20982,37707,58689,36987,21702,Telengana,Covishield
21753,43959,65712,61529,4183,Tripura,Covishield
10640,30844,41484,24766,16718,Uttarakhand,Covishield
6507,3548,10055,7866,2189,Uttar Pradesh,Covishield
5982,35467,41449,25520,15929,West Bengal,Covishield
10841,24929,35770,31967,3803,Andaman and Nicobar Islands,Covishield
8455,18228,26683,18063,8620,Andhra Pradesh,Covishield
22550,38118,60668,15810,44858,Arunachal Pradesh,Covishield
5610,48997,54607,17858,36749,Assam,Covishield
35769,28167,63936,45610,18326,Bihar,Covishield
41075,11554,52629,29774,22855,Chandigarh,Covishield
8666,42289,50955,8514,42441,Chhattisgarh,Covishield
14325,24871,39196,25841,13355,Delhi,Covishield
2149,17099,19248,12637,6611,Goa,Covishield
36619,47936,84555,6752,77803,Gujarat,Covishield
28095,32767,60862,11627,49235,Haryana,Covishield
17478,6552,24030,12715,11315,Himachal Pradesh,Covishield
13421,3040,16461,12170,4291,Jammu and Kashmir,Covishield
2737,30048,32785,21221,11564,Jharkhand,Covishield
7252,30895,38147,27204,10943,Karnataka,Covishield
38374,25385,63759,51947,11812,Kerala,Covishield
35284,5442,40726,23916,16810,Ladakh,Covishield
30486,16748,47234,33916,13318,Madhya Pradesh,Covishield
4604,12185,16789,6858,9931,Maharashtra,Covishield
4830,32378,37208,32468,4740,Manipur,Covishield
12073,27260,39333,30212,9121,Meghalaya,Covishield
41970,27398,69368,45873,23495,Mizoram,Covishield
27398,39418,66816,63453,3363,Nagaland,Covishield
4028,29689,33717,18364,15353,Odisha,Covishield
11263,14788,26051,16139,9912,Puducherry,Covishield
39833,8873,48706,29678,19028,Punjab,Covishield
12950,40695,53645,8211,45434,Rajasthan,Covishield
27211,41681,68892,28284,40608,Tamil Nadu,Covishield
17888,16521,34409,15484,18925,Telengana,Covishield
21331,26843,48174,46130,2044,Tripura,Covishield
6316,18829,25145,18967,6178,Uttarakhand,Covishield
14913,26990,41903,41077,826,Uttar Pradesh,Covishield
9420,10252,19672,8196,11476,West Bengal,Covishield
33782,49887,83669,81108,2561,Andaman and Nicobar Islands,Covishield
38240,40089,78329,13494,64835,Andhra Pradesh,Covishield
7850,22961,30811,15085,15726,Arunachal Pradesh,Covishield
5464,43763,49227,27513,21714,Assam,Covishield
33660,13697,47357,13599,33758,Bihar,Covishield
26907,29467,56374,55889,485,Chandigarh,Covishield
24512,14766,39278,26378,12900,Chhattisgarh,Covishield
11415,11619,23034,16327,6707,Delhi,Covishield
20879,48714,69593,30401,39192,Goa,Covishield
8760,38870,47630,27143,20487,Gujarat,Covishield
24709,10837,35546,33557,1989,Haryana,Covishield
21890,27284,49174,42865,6309,Himachal Pradesh,Covishield
32802,32897,65699,52804,12895,Jammu and Kashmir,Covishield
39872,33093,72965,35338,37627,Jharkhand,Covishield
16930,33314,50244,28891,21353,Karnataka,Covishield
28536,34514,63050,46300,16750,Kerala,Covishield
7591,9827,17418,8986,8432,Ladakh,Covishield
45881,37428,83309,66858,16451,Madhya Pradesh,Covishield
2950,27972,30922,16801,14121,Maharashtra,Covishield
49054,47844,96898,32933,63965,Manipur,Covishield
14173,36927,51100,23385,27715,Meghalaya,Covishield
46616,11506,58122,40542,17580,Mizoram,Covishield
21541,9268,30809,9607,21202,Nagaland,Covishield
8441,19083,27524,22111,5413,Odisha,Covishield
42176,32436,74612,46599,28013,Puducherry,Covishield
39742,44349,84091,45982,38109,Punjab,Covishield
42599,20670,63269,62120,1149,Rajasthan,Covishield
49527,47990,97517,93018,4499,Tamil Nadu,Covishield
25649,44789,70438,6608,63830,Telengana,Covishield
6617,30316,36933,12734,24199,Tripura,Covishield
24241,11190,35431,34621,810,Uttarakhand,Covishield
12413,13323,25736,14844,10892,Uttar Pradesh,Covishield
9817,16997,26814,8757,18057,West Bengal,Covishield
28265,21658,49923,15185,34738,Andaman and Nicobar Islands,Covishield
14570,33620,48190,11025,37165,Andhra Pradesh,Covishield
2174,28442,30616,18964,11652,Arunachal Pradesh,Covishield
27796,39288,67084,21491,45593,Assam,Covishield
43395,43300,86695,59664,27031,Bihar,Covishield
27891,45401,73292,46243,27049,Chandigarh,Covishield
38400,29753,68153,5551,62602,Chhattisgarh,Covishield
3581,38354,41935,5811,36124,Delhi,Covishield
1653,14935,16588,10218,6370,Goa,Covishield
5970,7280,13250,12179,1071,Gujarat,Covishield
24330,8141,32471,6196,26275,Haryana,Covishield
46886,24880,71766,20378,51388,Himachal Pradesh,Covishield
49181,12214,61395,35611,25784,Jammu and Kashmir,Covishield
9960,32512,42472,12357,30115,Jharkhand,Covishield
5580,36717,42297,17259,25038,Karnataka,Covishield
33021,15944,48965,14965,34000,Kerala,Covishield
26402,30375,56777,21914,34863,Ladakh,Covishield
37300,9137,46437,44798,1639,Madhya Pradesh,Covishield
32739,24846,57585,14341,43244,Maharashtra,Covishield
32923,15298,48221,28271,19950,Manipur,Covishield
6027,16515,22542,9399,13143,Meghalaya,Covishield
25819,13280,39099,12368,26731,Mizoram,Covishield
1662,14031,15693,8476,7217,Nagaland,Covishield
3975,5193,9168,7529,1639,Odisha,Covishield
33360,1934,35294,23094,12200,Puducherry,Covishield
46867,21131,67998,15618,52380,Punjab,Covishield
29374,38002,67376,16701,50675,Rajasthan,Covishield
16639,42510,59149,11966,47183,Tamil Nadu,Covishield
14444,20023,34467,26978,7489,Telengana,Covishield
43383,29689,73072,16121,56951,Tripura,Covishield
7719,20476,28195,17924,10271,Uttarakhand,Covishield
24039,13793,37832,5490,32342,Uttar Pradesh,Covishield
10423,46972,57395,47970,9425,West Bengal,Covishield
48495,35898,84393,82639,1754,Andaman and Nicobar Islands,Covishield
12795,48334,61129,5535,55594,Andhra Pradesh,Covishield
13900,45036,58936,38142,20794,Arunachal Pradesh,Covishield
30695,9319,40014,13500,26514,Assam,Covishield
1713,34327,36040,18243,17797,Bihar,Covishield
30851,7045,37896,22904,14992,Chandigarh,Covishield
47789,29712,77501,58349,19152,Chhattisgarh,Covishield
17105,44365,61470,14272,47198,Delhi,Covishield
28776,44319,73095,25794,47301,Goa,Covishield
35809,31615,67424,44630,22794,Gujarat,Covishield
8177,17619,25796,13401,12395,Haryana,Covishield
39678,22537,62215,12767,49448,Himachal Pradesh,Covishield
40566,8318,48884,16731,32153,Jammu and Kashmir,Covishield
43084,41996,85080,12723,72357,Jharkhand,Covishield
30348,45452,75800,74397,1403,Karnataka,Covishield
25971,41857,67828,39151,28677,Kerala,Covishield
19629,26540,46169,18032,28137,Ladakh,Covishield
26082,43164,69246,61109,8137,Madhya Pradesh,Covishield
16553,30269,46822,5755,41067,Maharashtra,Covishield
42711,16328,59039,23789,35250,Manipur,Covishield
6385,36356,42741,11650,31091,Meghalaya,Covishield
32148,45895,78043,71813,6230,Mizoram,Covishield
45351,30017,75368,45761,29607,Nagaland,Covishield
23773,30008,53781,15941,37840,Odisha,Covishield
20312,14733,35045,7776,27269,Puducherry,Covishield
11006,6151,17157,13980,3177,Punjab,Covishield
5377,15544,20921,18863,2058,Rajasthan,Covishield
48545,46070,94615,76268,18347,Tamil Nadu,Covishield
29590,11426,41016,7994,33022,Telengana,Covishield
47236,9585,56821,37576,19245,Tripura,Covishield
12230,30269,42499,27014,15485,Uttarakhand,Covishield
35717,24990,60707,47251,13456,Uttar Pradesh,Covishield
14038,7858,21896,18913,2983,West Bengal,Covishield
32273,49111,81384,11504,69880,Andaman and Nicobar Islands,Covishield
28768,11298,40066,26171,13895,Andhra Pradesh,Covishield
29181,34544,63725,44907,18818,Arunachal Pradesh,Covishield
13761,25700,39461,13399,26062,Assam,Covishield
34460,23281,57741,34310,23431,Bihar,Covishield
16215,35050,51265,21180,30085,Chandigarh,Covishield
47587,45916,93503,35435,58068,Chhattisgarh,Covishield
22112,32833,54945,18247,36698,Delhi,Covishield
4799,9927,14726,14235,491,Goa,Covishield
21610,32051,53661,34774,18887,Gujarat,Covishield
24830,33238,58068,42594,15474,Haryana,Covishield
20241,5462,25703,17365,8338,Himachal Pradesh,Covishield
49008,26420,75428,57519,17909,Jammu and Kashmir,Covishield
28740,14040,42780,41456,1324,Jharkhand,Covishield
11615,42728,54343,37790,16553,Karnataka,Covishield
14617,19566,34183,25464,8719,Kerala,Covishield
27089,47900,74989,11098,63891,Ladakh,Covishield
8610,25053,33663,26263,7400,Madhya Pradesh,Covishield
42170,8788,50958,26543,24415,Maharashtra,Covishield
26029,26436,52465,46453,6012,Manipur,Covishield
22555,9713,32268,7726,24542,Meghalaya,Covishield
33237,2590,35827,23809,12018,Mizoram,Covishield
8300,13999,22299,6657,15642,Nagaland,Covishield
7443,18057,25500,20015,5485,Odisha,Covishield
42226,28811,71037,40810,30227,Puducherry,Covishield
25079,46749,71828,24393,47435,Punjab,Covishield
35911,19772,55683,42659,13024,Rajasthan,Covishield
31628,8698,40326,24576,15750,Tamil Nadu,Covishield
33094,7989,41083,14013,27070,Telengana,Covishield
7075,15549,22624,18886,3738,Tripura,Covishield
38489,32734,71223,40332,30891,Uttarakhand,Covishield
45334,16989,62323,52837,9486,Uttar Pradesh,Covishield
24601,27593,52194,16905,35289,West Bengal,Covishield
38132,44125,82257,73355,8902,Andaman and Nicobar Islands,Covishield
25017,49814,74831,22334,52497,Andhra Pradesh,Covishield
6933,14231,21164,9287,11877,Arunachal Pradesh,Covishield
30790,18361,49151,26897,22254,Assam,Covishield
22547,49135,71682,42089,29593,Bihar,Covishield
11451,39705,51156,11324,39832,Chandigarh,Covishield
16808,24667,41475,26761,14714,Chhattisgarh,Covishield
35263,40142,75405,24672,50733,Delhi,Covishield
47733,42659,90392,83551,6841,Goa,Covishield
44683,5966,50649,41659,8990,Gujarat,Covishield
3692,5444,9136,5744,3392,Haryana,Covishield
24744,8557,33301,12502,20799,Himachal Pradesh,Covishield
32601,23103,55704,26207,29497,Jammu and Kashmir,Covishield
35080,45546,80626,29742,50884,Jharkhand,Covishield
6977,4670,11647,7693,3954,Karnataka,Covishield
43828,27862,71690,16665,55025,Kerala,Covishield
38295,39025,77320,23381,53939,Ladakh,Covishield
8172,28340,36512,23323,13189,Madhya Pradesh,Covishield
30159,30037,60196,15242,44954,Maharashtra,Covishield
49497,47606,97103,5535,91568,Manipur,Covishield
26142,14070,40212,34439,5773,Meghalaya,Covishield
9855,47298,57153,29778,27375,Mizoram,Covishield
9486,25522,35008,26796,8212,Odisha,Covishield
6235,27870,34105,28584,5521,Puducherry,Covishield
47622,27768,75390,32842,42548,Punjab,Covishield
30409,31252,61661,17235,44426,Rajasthan,Covishield
19076,6643,25719,9622,16097,Tamil Nadu,Covishield
14731,19811,34542,10996,23546,Telengana,Covishield
17994,48656,66650,64030,2620,Tripura,Covishield
20665,28556,49221,43888,5333,Uttarakhand,Covishield
35167,39431,74598,52885,21713,Uttar Pradesh,Covishield
22399,7773,30172,13881,16291,West Bengal,Covishield
34150,35857,70007,12614,57393,Andaman and Nicobar Islands,Covishield
10300,43224,53524,42399,11125,Andhra Pradesh,Covishield
3559,3955,7514,7300,214,Arunachal Pradesh,Covishield
46929,3554,50483,49974,509,Assam,Covishield
8506,25303,33809,9312,24497,Bihar,Covishield
23777,9414,33191,12249,20942,Chandigarh,Covishield
49506,29037,78543,64338,14205,Chhattisgarh,Covishield
7285,27964,35249,18192,17057,Delhi,Covishield
35622,47389,83011,46450,36561,Goa,Covishield
27687,19540,47227,23363,23864,Gujarat,Covishield
27946,39080,67026,5311,61715,Haryana,Covishield
37314,8263,45577,10723,34854,Himachal Pradesh,Covishield
40982,25998,66980,58897,8083,Jammu and Kashmir,Covishield
6714,40343,47057,36134,10923,Jharkhand,Covishield
40266,21645,61911,32735,29176,Karnataka,Covishield
17479,22576,40055,32136,7919,Kerala,Covishield
12413,3982,16395,13108,3287,Ladakh,Covishield
44399,21488,65887,18275,47612,Madhya Pradesh,Covishield
6217,44993,51210,28921,22289,Maharashtra,Covishield
28988,6286,35274,27143,8131,Manipur,Covishield
31423,5035,36458,27346,9112,Meghalaya,Covishield
6834,11006,17840,17654,186,Mizoram,Covishield
34560,4644,39204,5276,33928,Odisha,Covishield
37181,42780,79961,39350,40611,Puducherry,Covishield
4046,37833,41879,29069,12810,Punjab,Covishield
9052,17121,26173,22720,3453,Rajasthan,Covishield
49613,9134,58747,27551,31196,Tamil Nadu,Covishield
3765,18402,22167,8948,13219,Telengana,Covishield
33066,21959,55025,39294,15731,Tripura,Covishield
39944,45831,85775,16832,68943,Uttarakhand,Covishield
8445,22203,30648,23179,7469,Uttar Pradesh,Covishield
28212,40330,68542,20726,47816,West Bengal,Covishield
31916,10736,42652,22242,20410,Andaman and Nicobar Islands,Covishield
25826,36596,62422,7380,55042,Andhra Pradesh,Covishield
38888,42926,81814,44861,36953,Arunachal Pradesh,Covishield
37802,26076,63878,18314,45564,Assam,Covishield
47208,27267,74475,56001,18474,Bihar,Covishield
35515,25954,61469,13208,48261,Chandigarh,Covishield
47162,19978,67140,24875,42265,Chhattisgarh,Covishield
31896,39294,71190,67652,3538,Delhi,Covishield
35461,20245,55706,34872,20834,Goa,Covishield
27456,41940,69396,40423,28973,Gujarat,Covishield
7308,8684,15992,13321,2671,Haryana,Covishield
10820,4964,15784,12642,3142,Himachal Pradesh,Covishield
16851,17596,34447,10189,24258,Jammu and Kashmir,Covishield
1613,27897,29510,24861,4649,Jharkhand,Covishield
32038,6084,38122,14917,23205,Karnataka,Covishield
6452,5862,12314,7641,4673,Kerala,Covishield
5738,16237,21975,6611,15364,Ladakh,Covishield
1838,22560,24398,19493,4905,Madhya Pradesh,Covishield
39572,37466,77038,67363,9675,Maharashtra,Covishield
18800,9742,28542,6110,22432,Manipur,Covishield
36823,43029,79852,64842,15010,Meghalaya,Covishield
48081,20784,68865,43617,25248,Mizoram,Covishield
12602,27465,40067,27989,12078,Odisha,Covishield
43227,22266,65493,54127,11366,Puducherry,Covishield
9361,41762,51123,38659,12464,Punjab,Covishield
49224,43347,92571,89607,2964,Rajasthan,Covishield
22054,7507,29561,26563,2998,Tamil Nadu,Covishield
24425,26952,51377,10981,40396,Telengana,Covishield
46621,15101,61722,22513,39209,Tripura,Covishield
32913,1918,34831,20060,14771,Uttarakhand,Covishield
29259,18496,47755,39516,8239,Uttar Pradesh,Covishield
26854,27750,54604,13401,41203,West Bengal,Covishield
10483,19191,29674,17642,12032,Andaman and Nicobar Islands,Covishield
37876,17257,55133,52594,2539,Andhra Pradesh,Covishield
20189,26900,47089,33635,13454,Arunachal Pradesh,Covishield
47318,40926,88244,22354,65890,Assam,Covishield
45743,12815,58558,26053,32505,Bihar,Covishield
24596,39519,64115,50497,13618,Chandigarh,Covishield
23216,34859,58075,47446,10629,Chhattisgarh,Covishield
1972,11889,13861,11599,2262,Delhi,Covishield
5512,17199,22711,13540,9171,Goa,Covishield
40404,17595,57999,55346,2653,Gujarat,Covishield
6944,5124,12068,7085,4983,Haryana,Covishield
39716,32434,72150,17764,54386,Himachal Pradesh,Covishield
9356,38396,47752,15833,31919,Jammu and Kashmir,Covishield
19179,41464,60643,12064,48579,Jharkhand,Covishield
6010,34570,40580,18180,22400,Karnataka,Covishield
49574,40528,90102,12346,77756,Kerala,Covishield
36607,25771,62378,35631,26747,Ladakh,Covishield
48058,21671,69729,60014,9715,Madhya Pradesh,Covishield
1905,15528,17433,12386,5047,Maharashtra,Covishield
46926,46906,93832,77856,15976,Manipur,Covishield
24720,16964,41684,17334,24350,Meghalaya,Covishield
39151,25045,64196,57922,6274,Mizoram,Covishield
7232,34237,41469,27334,14135,Odisha,Covishield
40490,38431,78921,38565,40356,Puducherry,Covishield
9810,16528,26338,17154,9184,Punjab,Covishield
6694,8581,15275,6281,8994,Rajasthan,Covishield
20845,14124,34969,30319,4650,Tamil Nadu,Covishield
46757,29433,76190,5003,71187,Telengana,Covishield
13963,44553,58516,46795,11721,Tripura,Covishield
5552,32481,38033,27999,10034,Uttarakhand,Covishield
46520,10271,56791,45128,11663,Uttar Pradesh,Covishield
48622,38347,86969,77055,9914,West Bengal,Covishield
33683,25935,59618,5042,54576,Andaman and Nicobar Islands,Covishield
48233,17056,65289,33411,31878,Andhra Pradesh,Covishield
2598,3135,5733,5513,220,Arunachal Pradesh,Covishield
45979,13571,59550,48106,11444,Assam,Covishield
13855,31344,45199,44766,433,Bihar,Covishield
48134,30171,78305,28723,49582,Chandigarh,Covishield
6470,10756,17226,5026,12200,Chhattisgarh,Covishield
26371,9775,36146,17971,18175,Delhi,Covishield
19474,20052,39526,29888,9638,Goa,Covishield
26353,3649,30002,20609,9393,Gujarat,Covishield
34542,16802,51344,13514,37830,Haryana,Covishield
16988,41462,58450,53664,4786,Himachal Pradesh,Covishield
10501,4408,14909,11460,3449,Jammu and Kashmir,Covishield
45942,48282,94224,41699,52525,Jharkhand,Covishield
44283,2376,46659,21858,24801,Karnataka,Covishield
7687,3062,10749,6690,4059,Kerala,Covishield
38923,38762,77685,27368,50317,Ladakh,Covishield
23860,4509,28369,18172,10197,Madhya Pradesh,Covishield
38409,32373,70782,11495,59287,Maharashtra,Covishield
31151,34826,65977,5144,60833,Manipur,Covishield
13432,32889,46321,39243,7078,Meghalaya,Covishield
15881,18121,34002,15195,18807,Mizoram,Covishield
41455,28212,69667,47337,22330,Odisha,Covishield
42753,37125,79878,64463,15415,Puducherry,Covishield
28657,30864,59521,10337,49184,Punjab,Covishield
18612,13593,32205,22857,9348,Rajasthan,Covishield
7569,4311,11880,10860,1020,Tamil Nadu,Covishield
20548,14763,35311,11187,24124,Telengana,Covishield
18484,16760,35244,9493,25751,Tripura,Covishield
35375,40297,75672,28212,47460,Uttarakhand,Covishield
32036,27932,59968,40866,19102,Uttar Pradesh,Covishield
36326,5349,41675,30744,10931,West Bengal,Covishield
27674,31706,59380,26988,32392,Andaman and Nicobar Islands,Covishield
48927,13351,62278,7150,55128,Andhra Pradesh,Covishield
2437,18166,20603,17101,3502,Arunachal Pradesh,Covishield
26975,13288,40263,34618,5645,Assam,Covishield
32254,8803,41057,40480,577,Bihar,Covishield
18644,29798,48442,19045,29397,Chandigarh,Covishield
10253,7200,17453,8450,9003,Chhattisgarh,Covishield
26193,33533,59726,57663,2063,Delhi,Covishield
17225,35388,52613,10224,42389,Goa,Covishield
47535,9787,57322,43601,13721,Gujarat,Covishield
46237,37290,83527,81693,1834,Haryana,Covishield
29773,10902,40675,6229,34446,Himachal Pradesh,Covishield
16757,33156,49913,25477,24436,Jammu and Kashmir,Covishield
23828,15897,39725,36986,2739,Jharkhand,Covishield
23899,33015,56914,5210,51704,Karnataka,Covishield
25402,35849,61251,20331,40920,Kerala,Covishield
36059,17950,54009,36171,17838,Ladakh,Covishield
48597,19210,67807,7496,60311,Madhya Pradesh,Covishield
47567,40111,87678,78812,8866,Maharashtra,Covishield
5578,40084,45662,44368,1294,Manipur,Covishield
34111,41052,75163,52962,22201,Meghalaya,Covishield
12746,4563,17309,6316,10993,Mizoram,Covishield
41974,17361,59335,33049,26286,Odisha,Covishield
4672,49420,54092,7621,46471,Puducherry,Covishield
41404,7958,49362,19193,30169,Punjab,Covishield
3131,34097,37228,36622,606,Rajasthan,Covishield
33296,41177,74473,28763,45710,Tamil Nadu,Covishield
48606,34577,83183,50147,33036,Telengana,Covishield
17982,42255,60237,24330,35907,Tripura,Covishield
47119,18171,65290,36867,28423,Uttarakhand,Covishield
24559,6479,31038,6568,24470,Uttar Pradesh,Covishield
39120,12570,51690,16237,35453,West Bengal,Covishield
6834,7138,13972,5873,8099,Andaman and Nicobar Islands,Covishield
41651,3887,45538,17806,27732,Andhra Pradesh,Covishield
44664,35509,80173,75037,5136,Arunachal Pradesh,Covishield
3960,3114,7074,6181,893,Assam,Covishield
12963,49085,62048,12886,49162,Bihar,Covishield
45254,18549,63803,47349,16454,Chandigarh,Covishield
21031,2450,23481,21952,1529,Chhattisgarh,Covishield
10332,39327,49659,10886,38773,Delhi,Covishield
21888,8767,30655,17817,12838,Goa,Covishield
42019,5749,47768,30367,17401,Gujarat,Covishield
18492,44479,62971,60233,2738,Haryana,Covishield
16089,14815,30904,25907,4997,Himachal Pradesh,Covishield
49001,23065,72066,64425,7641,Jammu and Kashmir,Covishield
25007,22118,47125,21733,25392,Jharkhand,Covishield
24662,36261,60923,34872,26051,Karnataka,Covishield
2138,14897,17035,8827,8208,Kerala,Covishield
21067,28641,49708,35516,14192,Ladakh,Covishield
46311,44436,90747,64048,26699,Madhya Pradesh,Covishield
23542,23641,47183,34600,12583,Maharashtra,Covishield
4153,22726,26879,21469,5410,Manipur,Covishield
10784,44432,55216,6315,48901,Meghalaya,Covishield
17812,41106,58918,30091,28827,Mizoram,Covishield
48020,22630,70650,27849,42801,Odisha,Covishield
30688,20858,51546,13409,38137,Puducherry,Covishield
42056,9118,51174,9724,41450,Punjab,Covishield
39169,9789,48958,36738,12220,Rajasthan,Covishield
2629,14690,17319,16002,1317,Tamil Nadu,Covishield
24852,12860,37712,13715,23997,Telengana,Covishield
6257,5806,12063,12026,37,Tripura,Covishield
45409,21378,66787,45694,21093,Uttarakhand,Covishield
5479,28630,34109,19191,14918,Uttar Pradesh,Covishield
21685,49210,70895,60313,10582,West Bengal,Covishield
33480,43925,77405,12529,64876,Andaman and Nicobar Islands,Covishield
44206,12368,56574,35332,21242,Andhra Pradesh,Covishield
27182,39395,66577,56386,10191,Arunachal Pradesh,Covishield
25633,3016,28649,22489,6160,Assam,Covishield
45059,34178,79237,46702,32535,Bihar,Covishield
17656,37528,55184,19448,35736,Chandigarh,Covishield
14792,29976,44768,38279,6489,Chhattisgarh,Covishield
12999,7338,20337,15901,4436,Delhi,Covishield
27363,26078,53441,22586,30855,Goa,Covishield
29102,33778,62880,51536,11344,Gujarat,Covishield
39821,27354,67175,46646,20529,Haryana,Covishield
44773,16200,60973,6951,54022,Himachal Pradesh,Covishield
34019,47305,81324,47110,34214,Jammu and Kashmir,Covishield
44648,30422,75070,38715,36355,Jharkhand,Covishield
38734,41322,80056,23524,56532,Karnataka,Covishield
11360,21773,33133,11584,21549,Kerala,Covishield
45198,44688,89886,71268,18618,Ladakh,Covishield
6849,10229,17078,8592,8486,Madhya Pradesh,Covishield
30984,20755,51739,38330,13409,Maharashtra,Covishield
20696,4403,25099,5194,19905,Manipur,Covishield
15078,29657,44735,28566,16169,Meghalaya,Covishield
36903,11235,48138,18214,29924,Mizoram,Covishield
33900,14634,48534,38099,10435,Odisha,Covishield
5305,8385,13690,11888,1802,Puducherry,Covishield
1577,38977,40554,16152,24402,Punjab,Covishield
49147,5754,54901,52499,2402,Rajasthan,Covishield
23272,10280,33552,8977,24575,Tamil Nadu,Covishield
36261,41225,77486,17184,60302,Telengana,Covishield
31273,21576,52849,51464,1385,Tripura,Covishield
26289,34450,60739,25488,35251,Uttarakhand,Covishield
37799,2429,40228,38454,1774,Uttar Pradesh,Covishield
18843,2309,21152,13554,7598,West Bengal,Covishield
13220,26008,39228,29641,9587,Andaman and Nicobar Islands,Covishield
31585,14125,45710,5572,40138,Andhra Pradesh,Covishield
2572,21152,23724,11548,12176,Arunachal Pradesh,Covishield
22445,40233,62678,52666,10012,Assam,Covishield
15592,2460,18052,11600,6452,Bihar,Covishield
13906,8150,22056,12114,9942,Chandigarh,Covishield
35064,27072,62136,9104,53032,Chhattisgarh,Covishield
26387,32996,59383,20075,39308,Delhi,Covishield
26538,40462,67000,44721,22279,Goa,Covishield
2502,45224,47726,45341,2385,Gujarat,Covishield
34519,33094,67613,36142,31471,Haryana,Covishield
16984,18169,35153,27222,7931,Himachal Pradesh,Covishield
8934,21141,30075,14509,15566,Jammu and Kashmir,Covishield
21754,12316,34070,11708,22362,Jharkhand,Covishield
5979,17732,23711,11838,11873,Karnataka,Covishield
47593,19367,66960,27060,39900,Kerala,Covishield
10856,23413,34269,8018,26251,Ladakh,Covishield
29945,41450,71395,22280,49115,Madhya Pradesh,Covishield
43803,44396,88199,22872,65327,Maharashtra,Covishield
41074,9556,50630,41327,9303,Manipur,Covishield
23930,24994,48924,27523,21401,Meghalaya,Covishield
16979,35736,52715,11069,41646,Mizoram,Covishield
47843,46634,94477,39563,54914,Odisha,Covishield
49764,43498,93262,15228,78034,Puducherry,Covishield
48926,29414,78340,39874,38466,Punjab,Covishield
41844,48373,90217,32648,57569,Rajasthan,Covishield
17149,39223,56372,41897,14475,Tamil Nadu,Covishield
42292,3594,45886,34756,11130,Telengana,Covishield
10262,2562,12824,6686,6138,Tripura,Covishield
31830,10715,42545,23540,19005,Uttarakhand,Covishield
13855,8705,22560,5969,16591,Uttar Pradesh,Covishield
9080,35674,44754,37457,7297,West Bengal,Covishield
43347,8754,52101,20315,31786,Andaman and Nicobar Islands,Covishield
14547,44414,58961,6893,52068,Andhra Pradesh,Covishield
20040,4110,24150,22855,1295,Arunachal Pradesh,Covishield
35787,23763,59550,12476,47074,Assam,Covishield
34878,44612,79490,71189,8301,Bihar,Covishield
8031,7865,15896,14486,1410,Chandigarh,Covishield
10663,21167,31830,20978,10852,Chhattisgarh,Covishield
30651,15350,46001,24489,21512,Delhi,Covishield
39034,41889,80923,16665,64258,Goa,Covishield
29133,4271,33404,21540,11864,Gujarat,Covishield
9581,29924,39505,36528,2977,Haryana,Covishield
10468,27689,38157,27477,10680,Himachal Pradesh,Covishield
47945,48369,96314,71802,24512,Jammu and Kashmir,Covishield
23948,49981,73929,54366,19563,Jharkhand,Covishield
31622,37919,69541,17288,52253,Karnataka,Covishield
48152,41728,89880,15206,74674,Kerala,Covishield
36836,4943,41779,33643,8136,Ladakh,Covishield
36678,21057,57735,14792,42943,Madhya Pradesh,Covishield
48719,27890,76609,51736,24873,Maharashtra,Covishield
4435,14877,19312,13102,6210,Manipur,Covishield
6405,27391,33796,15147,18649,Meghalaya,Covishield
46416,9762,56178,33602,22576,Mizoram,Covishield
27391,42022,69413,31388,38025,Odisha,Covishield
30170,2873,33043,11618,21425,Puducherry,Covishield
1786,30886,32672,5786,26886,Punjab,Covishield
47704,10044,57748,10241,47507,Rajasthan,Covishield
7209,30324,37533,19568,17965,Tamil Nadu,Covishield
38345,30703,69048,5149,63899,Telengana,Covishield
5950,2290,8240,6076,2164,Tripura,Covishield
39253,45238,84491,57249,27242,Uttarakhand,Covishield
38841,32467,71308,43273,28035,Uttar Pradesh,Covishield
39252,30354,69606,49030,20576,West Bengal,Covishield
22630,25748,48378,38149,10229,Andaman and Nicobar Islands,Covishield
40235,14283,54518,35793,18725,Andhra Pradesh,Covishield
33434,17661,51095,10183,40912,Arunachal Pradesh,Covishield
32449,4699,37148,33040,4108,Assam,Covishield
32143,18781,50924,29604,21320,Bihar,Covishield
22574,10351,32925,17906,15019,Chandigarh,Covishield
43201,4260,47461,37509,9952,Chhattisgarh,Covishield
3285,4693,7978,6377,1601,Delhi,Covishield
17964,39198,57162,30650,26512,Goa,Covishield
5806,31247,37053,26608,10445,Gujarat,Covishield
31917,7131,39048,12233,26815,Haryana,Covishield
31384,35021,66405,25862,40543,Himachal Pradesh,Covishield
25307,17601,42908,14446,28462,Jammu and Kashmir,Covishield
41643,15957,57600,23223,34377,Jharkhand,Covishield
23240,33571,56811,12911,43900,Karnataka,Covishield
41702,35647,77349,75106,2243,Kerala,Covishield
15356,1808,17164,11675,5489,Ladakh,Covishield
29222,23818,53040,5725,47315,Madhya Pradesh,Covishield
15500,39162,54662,14996,39666,Maharashtra,Covishield
40363,18055,58418,11938,46480,Manipur,Covishield
22032,11541,33573,17429,16144,Meghalaya,Covishield
40570,18469,59039,54360,4679,Mizoram,Covishield
20018,31087,51105,6665,44440,Odisha,Covishield
9511,20038,29549,18328,11221,Puducherry,Covishield
40140,41294,81434,71965,9469,Punjab,Covishield
8477,21288,29765,11404,18361,Rajasthan,Covishield
33750,49380,83130,79897,3233,Tamil Nadu,Covishield
17109,31189,48298,31425,16873,Telengana,Covishield
38250,15446,53696,41893,11803,Tripura,Covishield
6212,45613,51825,51768,57,Uttarakhand,Covishield
24541,8956,33497,20188,13309,Uttar Pradesh,Covishield
15926,21906,37832,23107,14725,West Bengal,Covishield
40523,44725,85248,28277,56971,Andaman and Nicobar Islands,Covishield
38686,48126,86812,46249,40563,Andhra Pradesh,Covishield
20378,17069,37447,15476,21971,Arunachal Pradesh,Covishield
6189,4091,10280,7865,2415,Assam,Covishield
10327,30001,40328,19667,20661,Bihar,Covishield
48640,31082,79722,10524,69198,Chandigarh,Covishield
35106,28552,63658,35519,28139,Chhattisgarh,Covishield
7689,7463,15152,10374,4778,Delhi,Covishield
2314,49033,51347,6686,44661,Goa,Covishield
29633,37799,67432,54506,12926,Gujarat,Covishield
39142,25534,64676,40220,24456,Haryana,Covishield
43006,33977,76983,15833,61150,Himachal Pradesh,Covishield
28719,44674,73393,20990,52403,Jammu and Kashmir,Covishield
14553,28571,43124,14220,28904,Jharkhand,Covishield
30128,38552,68680,38980,29700,Karnataka,Covishield
20235,29894,50129,27290,22839,Kerala,Covishield
21695,34070,55765,36826,18939,Ladakh,Covishield
16995,34965,51960,29919,22041,Madhya Pradesh,Covishield
34822,11849,46671,10821,35850,Maharashtra,Covishield
7746,33066,40812,13687,27125,Manipur,Covishield
12121,37517,49638,32223,17415,Meghalaya,Covishield
17496,9674,27170,8328,18842,Mizoram,Covishield
24127,1771,25898,8049,17849,Odisha,Covishield
4952,36623,41575,16761,24814,Puducherry,Covishield
3254,23617,26871,9878,16993,Punjab,Covishield
2261,43403,45664,6489,39175,Rajasthan,Covishield
49820,12414,62234,61186,1048,Tamil Nadu,Covishield
38698,20764,59462,9185,50277,Telengana,Covishield
19453,19743,39196,36735,2461,Tripura,Covishield
30960,23334,54294,41391,12903,Uttarakhand,Covishield
31983,9052,41035,27643,13392,Uttar Pradesh,Covishield
6208,35124,41332,27185,14147,West Bengal,Covishield
9337,8292,17629,10572,7057,Andaman and Nicobar Islands,Covishield
47925,13746,61671,8230,53441,Andhra Pradesh,Covishield
10447,42716,53163,10801,42362,Arunachal Pradesh,Covishield
16925,22881,39806,5480,34326,Assam,Covishield
37036,39138,76174,12097,64077,Bihar,Covishield
38748,39148,77896,42489,35407,Chandigarh,Covishield
45531,11155,56686,19175,37511,Chhattisgarh,Covishield
40517,13885,54402,6794,47608,Delhi,Covishield
29414,48780,78194,61328,16866,Goa,Covishield
36294,3711,40005,20499,19506,Gujarat,Covishield
23783,46105,69888,43218,26670,Haryana,Covishield
41265,31894,73159,15466,57693,Himachal Pradesh,Covishield
35752,14353,50105,5681,44424,Jammu and Kashmir,Covishield
16787,31637,48424,28636,19788,Jharkhand,Covishield
4589,45124,49713,23597,26116,Karnataka,Covishield
49896,12091,61987,9284,52703,Kerala,Covishield
23078,44697,67775,24204,43571,Ladakh,Covishield
40348,6521,46869,30272,16597,Madhya Pradesh,Covishield
40337,24739,65076,16117,48959,Maharashtra,Covishield
45736,11544,57280,47935,9345,Manipur,Covishield
28244,28499,56743,23033,33710,Meghalaya,Covishield
29493,48714,78207,24195,54012,Mizoram,Covishield
13860,36245,50105,13312,36793,Odisha,Covishield
21294,27447,48741,27330,21411,Puducherry,Covishield
4746,15988,20734,10578,10156,Punjab,Covishield
34112,36362,70474,63012,7462,Rajasthan,Covishield
30769,17299,48068,40111,7957,Tamil Nadu,Covishield
41182,43050,84232,20580,63652,Telengana,Covishield
33555,4955,38510,31588,6922,Tripura,Covishield
34360,33191,67551,6078,61473,Uttarakhand,Covishield
42738,39334,82072,41495,40577,Uttar Pradesh,Covishield
27251,7828,35079,34100,979,West Bengal,Covishield
49732,21216,70948,34090,36858,Andaman and Nicobar Islands,Covishield
21661,5001,26662,8819,17843,Andhra Pradesh,Covishield
32942,18559,51501,8662,42839,Arunachal Pradesh,Covishield
14747,5876,20623,6778,13845,Assam,Covishield
15732,25472,41204,34944,6260,Bihar,Covishield
27143,36000,63143,38774,24369,Chandigarh,Covishield
47995,22599,70594,31755,38839,Chhattisgarh,Covishield
23338,2318,25656,11150,14506,Delhi,Covishield
19396,21415,40811,36415,4396,Goa,Covishield
20369,2579,22948,18215,4733,Gujarat,Covishield
17631,3317,20948,17423,3525,Haryana,Covishield
13350,46553,59903,7622,52281,Himachal Pradesh,Covishield
47408,39997,87405,69552,17853,Jammu and Kashmir,Covishield
29315,4100,33415,28685,4730,Jharkhand,Covishield
15352,30284,45636,38447,7189,Karnataka,Covishield
9151,35411,44562,12788,31774,Kerala,Covishield
30094,49899,79993,75184,4809,Ladakh,Covishield
19961,8987,28948,7790,21158,Madhya Pradesh,Covishield
34059,2169,36228,8626,27602,Maharashtra,Covishield
45923,47511,93434,5497,87937,Manipur,Covishield
32329,12301,44630,31749,12881,Meghalaya,Covishield
1948,49558,51506,39396,12110,Mizoram,Covishield
19604,21953,41557,22747,18810,Odisha,Covishield
31943,5494,37437,17996,19441,Puducherry,Covishield
4084,28859,32943,5701,27242,Punjab,Covishield
49376,6130,55506,11485,44021,Rajasthan,Covishield
18400,19657,38057,25650,12407,Tamil Nadu,Covishield
35727,48464,84191,41357,42834,Telengana,Covishield
21532,39362,60894,16411,44483,Tripura,Covishield
41596,1876,43472,28238,15234,Uttarakhand,Covishield
21355,43570,64925,15536,49389,Uttar Pradesh,Covishield
8026,21489,29515,20524,8991,West Bengal,Covishield
13150,22714,35864,11242,24622,Andaman and Nicobar Islands,Covishield
39724,48901,88625,74001,14624,Andhra Pradesh,Covishield
9503,14190,23693,11541,12152,Arunachal Pradesh,Covishield
6744,40583,47327,26075,21252,Assam,Covishield
48728,45973,94701,31440,63261,Bihar,Covishield
45892,18973,64865,51500,13365,Chandigarh,Covishield
37654,22891,60545,53701,6844,Chhattisgarh,Covishield
7656,24368,32024,5482,26542,Dadra and Nagar Haveli and Daman and Diu,Covishield
28106,3148,31254,28954,2300,Delhi,Covishield
33959,39468,73427,59470,13957,Goa,Covishield
32149,14972,47121,18807,28314,Gujarat,Covishield
26572,38544,65116,6566,58550,Haryana,Covishield
13002,24250,37252,17555,19697,Himachal Pradesh,Covishield
49857,49814,99671,70905,28766,Jammu and Kashmir,Covishield
28786,17036,45822,26852,18970,Jharkhand,Covishield
12754,11296,24050,16031,8019,Karnataka,Covishield
44341,36859,81200,10742,70458,Kerala,Covishield
22406,44564,66970,16870,50100,Ladakh,Covishield
31180,39390,70570,18417,52153,Madhya Pradesh,Covishield
28392,20243,48635,20071,28564,Maharashtra,Covishield
15974,35489,51463,42734,8729,Manipur,Covishield
26374,36514,62888,12678,50210,Meghalaya,Covishield
18286,7947,26233,12879,13354,Mizoram,Covishield
10461,40981,51442,45209,6233,Odisha,Covishield
28811,5278,34089,22382,11707,Puducherry,Covishield
24136,48716,72852,46608,26244,Punjab,Covishield
41825,22889,64714,23488,41226,Rajasthan,Covishield
2073,2144,4217,#NUM!,#NUM!,Tamil Nadu,Covishield
4057,47294,51351,42707,8644,Telengana,Covishield
27441,18491,45932,11250,34682,Tripura,Covishield
13052,32936,45988,41616,4372,Uttarakhand,Covishield
23193,39882,63075,58887,4188,Uttar Pradesh,Covishield
22402,33631,56033,45402,10631,West Bengal,Covishield
23508,26043,49551,9059,40492,Andaman and Nicobar Islands,Covishield
38628,24602,63230,42307,20923,Andhra Pradesh,Covishield
43597,36862,80459,48833,31626,Arunachal Pradesh,Covishield
45221,40154,85375,83556,1819,Assam,Covishield
43078,45157,88235,85266,2969,Bihar,Covishield
49301,33895,83196,49437,33759,Chandigarh,Covishield
5305,35854,41159,35900,5259,Chhattisgarh,Covishield
16648,31390,48038,40566,7472,Dadra and Nagar Haveli and Daman and Diu,Covishield
21933,44963,66896,31964,34932,Delhi,Covishield
47200,17142,64342,61918,2424,Goa,Covishield
36775,10820,47595,17893,29702,Gujarat,Covishield
16045,8090,24135,9437,14698,Haryana,Covishield
34266,38876,73142,73077,65,Himachal Pradesh,Covishield
9447,33033,42480,31761,10719,Jammu and Kashmir,Covishield
9546,40410,49956,27902,22054,Jharkhand,Covishield
48626,18644,67270,23330,43940,Karnataka,Covishield
17661,47134,64795,27554,37241,Kerala,Covishield
47166,7720,54886,26168,28718,Ladakh,Covishield
16743,36336,53079,34630,18449,Madhya Pradesh,Covishield
12976,45077,58053,57459,594,Maharashtra,Covishield
41734,2855,44589,33152,11437,Manipur,Covishield
47503,29709,77212,39558,37654,Meghalaya,Covishield
49106,29708,78814,58826,19988,Mizoram,Covishield
11709,26592,38301,13238,25063,Odisha,Covishield
24866,2602,27468,15013,12455,Puducherry,Covishield
39314,33727,73041,68607,4434,Punjab,Covishield
31128,41956,73084,5470,67614,Rajasthan,Covishield
30289,2183,32472,15485,16987,Tamil Nadu,Covishield
2007,47827,49834,18486,31348,Telengana,Covishield
7654,44705,52359,7655,44704,Tripura,Covishield
49290,28602,77892,68219,9673,Uttarakhand,Covishield
38873,27765,66638,20342,46296,Uttar Pradesh,Covishield
20308,21416,41724,16751,24973,West Bengal,Covishield
49264,30245,79509,28007,51502,Andaman and Nicobar Islands,Covishield
35113,41154,76267,64580,11687,Andhra Pradesh,Covishield
2778,25672,28450,15682,12768,Arunachal Pradesh,Covishield
30928,22878,53806,9255,44551,Assam,Covishield
44513,39293,83806,30580,53226,Bihar,Covishield
26539,27414,53953,11011,42942,Chandigarh,Covishield
6621,26955,33576,27987,5589,Chhattisgarh,Covishield
27003,34256,61259,5730,55529,Dadra and Nagar Haveli and Daman and Diu,Covishield
30465,6859,37324,36835,489,Delhi,Covishield
14345,13214,27559,12254,15305,Goa,Covishield
26222,46830,73052,26645,46407,Gujarat,Covishield
31396,24062,55458,22893,32565,Haryana,Covishield
27549,19953,47502,17433,30069,Himachal Pradesh,Covishield
38570,47537,86107,31090,55017,Jammu and Kashmir,Covishield
14044,6109,20153,11916,8237,Jharkhand,Covishield
27084,40126,67210,42075,25135,Karnataka,Covishield
38815,21723,60538,24371,36167,Kerala,Covishield
15480,2010,17490,12610,4880,Ladakh,Covishield
27131,36431,63562,59064,4498,Madhya Pradesh,Covishield
20964,17183,38147,15517,22630,Maharashtra,Covishield
27746,2973,30719,16519,14200,Manipur,Covishield
10697,47600,58297,17830,40467,Meghalaya,Covishield
2298,15842,18140,12869,5271,Mizoram,Covishield
32924,23860,56784,12838,43946,Odisha,Covishield
7240,26280,33520,30800,2720,Puducherry,Covishield
33022,20358,53380,11656,41724,Punjab,Covishield
6500,30172,36672,8291,28381,Rajasthan,Covishield
35326,29343,64669,47683,16986,Tamil Nadu,Covishield
26992,33362,60354,21878,38476,Telengana,Covishield
41401,8688,50089,30029,20060,Tripura,Covishield
46008,26931,72939,71522,1417,Uttarakhand,Covishield
46501,31677,78178,47296,30882,Uttar Pradesh,Covishield
42093,47044,89137,71140,17997,West Bengal,Covishield
45261,23339,68600,24709,43891,Andaman and Nicobar Islands,Covishield
42049,30866,72915,61366,11549,Andhra Pradesh,Covishield
1666,43739,45405,16158,29247,Arunachal Pradesh,Covishield
29439,44336,73775,12856,60919,Assam,Covishield
25958,49252,75210,20949,54261,Bihar,Covishield
25081,38446,63527,29443,34084,Chandigarh,Covishield
9865,11612,21477,5220,16257,Chhattisgarh,Covishield
6560,7424,13984,13618,366,Dadra and Nagar Haveli and Daman and Diu,Covishield
3026,38294,41320,30116,11204,Delhi,Covishield
16794,41166,57960,55433,2527,Goa,Covishield
3520,3882,7402,5023,2379,Gujarat,Covishield
37635,21095,58730,55303,3427,Haryana,Covishield
18066,6813,24879,21790,3089,Himachal Pradesh,Covishield
1612,48187,49799,21561,28238,Jammu and Kashmir,Covishield
13172,33886,47058,24979,22079,Jharkhand,Covishield
27872,42852,70724,32180,38544,Karnataka,Covishield
27215,23119,50334,48438,1896,Kerala,Covishield
35790,48628,84418,24398,60020,Ladakh,Covishield
9455,4988,14443,8211,6232,Madhya Pradesh,Covishield
28907,31103,60010,53958,6052,Maharashtra,Covishield
36578,24705,61283,12260,49023,Manipur,Covishield
46788,10344,57132,43158,13974,Meghalaya,Covishield
17523,6545,24068,13812,10256,Mizoram,Covishield
11499,38752,50251,14049,36202,Odisha,Covishield
16938,12133,29071,15734,13337,Puducherry,Covishield
3804,33867,37671,8934,28737,Punjab,Covishield
34610,43556,78166,50538,27628,Rajasthan,Covishield
40501,21542,62043,29689,32354,Tamil Nadu,Covishield
10009,9569,19578,8430,11148,Telengana,Covishield
41323,46405,87728,54525,33203,Tripura,Covishield
25341,48214,73555,10289,63266,Uttarakhand,Covishield
27971,49933,77904,16086,61818,Uttar Pradesh,Covishield
28063,37240,65303,44543,20760,West Bengal,Covishield
44576,35173,79749,63675,16074,Andaman and Nicobar Islands,Covishield
29522,31130,60652,46539,14113,Andhra Pradesh,Covishield
2711,48920,51631,12279,39352,Arunachal Pradesh,Covishield
13860,23656,37516,15848,21668,Assam,Covishield
42289,35713,78002,21312,56690,Bihar,Covishield
20085,42529,62614,24062,38552,Chandigarh,Covishield
36417,34878,71295,32477,38818,Chhattisgarh,Covishield
31455,24902,56357,25144,31213,Dadra and Nagar Haveli and Daman and Diu,Covishield
8529,37816,46345,15611,30734,Delhi,Covishield
11249,31007,42256,16341,25915,Goa,Covishield
29389,44315,73704,16760,56944,Gujarat,Covishield
43419,15986,59405,13761,45644,Haryana,Covishield
34066,38046,72112,45183,26929,Himachal Pradesh,Covishield
9738,21514,31252,14806,16446,Jammu and Kashmir,Covishield
15093,23988,39081,17184,21897,Jharkhand,Covishield
41463,47683,89146,33612,55534,Karnataka,Covishield
17428,43609,61037,8177,52860,Kerala,Covishield
43908,6153,50061,5174,44887,Ladakh,Covishield
30837,29161,59998,12649,47349,Madhya Pradesh,Covishield
6087,16771,22858,11202,11656,Maharashtra,Covishield
35677,43452,79129,5858,73271,Manipur,Covishield
9826,30491,40317,7025,33292,Meghalaya,Covishield
48309,28298,76607,22789,53818,Mizoram,Covishield
3266,18707,21973,13768,8205,Odisha,Covishield
41384,6678,48062,8576,39486,Puducherry,Covishield
41031,44372,85403,68034,17369,Punjab,Covishield
37366,28643,66009,56680,9329,Rajasthan,Covishield
49471,6807,56278,38471,17807,Tamil Nadu,Covishield
24325,37460,61785,25509,36276,Telengana,Covishield
8438,37257,45695,16245,29450,Tripura,Covishield
31199,19384,50583,38730,11853,Uttarakhand,Covishield
3100,2605,5705,5484,221,Uttar Pradesh,Covishield
21613,33639,55252,46141,9111,West Bengal,Covishield
7860,15493,23353,18027,5326,Andaman and Nicobar Islands,Covishield
38647,17922,56569,11295,45274,Andhra Pradesh,Covishield
6015,9816,15831,12775,3056,Arunachal Pradesh,Covishield
13896,6056,19952,7459,12493,Assam,Covishield
45534,23811,69345,12767,56578,Bihar,Covishield
36911,24722,61633,60366,1267,Chandigarh,Covishield
19903,18174,38077,36273,1804,Chhattisgarh,Covishield
14438,19006,33444,23415,10029,Dadra and Nagar Haveli and Daman and Diu,Covishield
26593,34865,61458,21841,39617,Delhi,Covishield
42185,13052,55237,46007,9230,Goa,Covishield
19536,11486,31022,6590,24432,Gujarat,Covishield
33093,30139,63232,36542,26690,Haryana,Covishield
2185,9286,11471,10044,1427,Himachal Pradesh,Covishield
41703,35937,77640,29998,47642,Jammu and Kashmir,Covishield
16340,13353,29693,25192,4501,Jharkhand,Covishield
29501,3380,32881,11806,21075,Karnataka,Covishield
10943,37646,48589,45024,3565,Kerala,Covishield
35841,7796,43637,18982,24655,Ladakh,Covishield
3997,9417,13414,12133,1281,Madhya Pradesh,Covishield
25251,30532,55783,39136,16647,Maharashtra,Covishield
18670,7544,26214,6045,20169,Manipur,Covishield
14402,20363,34765,19007,15758,Meghalaya,Covishield
28753,33757,62510,14793,47717,Mizoram,Covishield
8670,27274,35944,11061,24883,Odisha,Covishield
48652,31397,80049,59538,20511,Puducherry,Covishield
41156,33047,74203,46610,27593,Punjab,Covishield
45987,31592,77579,37934,39645,Rajasthan,Covishield
17764,49407,67171,35620,31551,Tamil Nadu,Covishield
44187,31453,75640,17412,58228,Telengana,Covishield
1920,25650,27570,5350,22220,Tripura,Covishield
35648,26498,62146,39871,22275,Uttarakhand,Covishield
18665,47076,65741,52224,13517,Uttar Pradesh,Covishield
39457,26402,65859,40528,25331,West Bengal,Covishield
33533,23431,56964,34829,22135,Andaman and Nicobar Islands,Covishield
9432,37416,46848,19472,27376,Andhra Pradesh,Covishield
47531,38730,86261,77998,8263,Arunachal Pradesh,Covishield
24517,41637,66154,15220,50934,Assam,Covishield
45097,9470,54567,23497,31070,Bihar,Covishield
26563,43264,69827,6227,63600,Chandigarh,Covishield
5483,35780,41263,38623,2640,Chhattisgarh,Covishield
27205,29592,56797,21413,35384,Dadra and Nagar Haveli and Daman and Diu,Covishield
42120,16986,59106,44750,14356,Delhi,Covishield
7165,31095,38260,12462,25798,Goa,Covishield
43317,15477,58794,58652,142,Gujarat,Covishield
13190,32610,45800,44526,1274,Haryana,Covishield
17525,27797,45322,33625,11697,Himachal Pradesh,Covishield
44492,40914,85406,13609,71797,Jammu and Kashmir,Covishield
20149,35758,55907,15922,39985,Jharkhand,Covishield
45201,14525,59726,19786,39940,Karnataka,Covishield
1934,4226,6160,5183,977,Kerala,Covishield
19945,18717,38662,21440,17222,Ladakh,Covishield
22891,32295,55186,41377,13809,Madhya Pradesh,Covishield
29636,30026,59662,50902,8760,Maharashtra,Covishield
6565,45833,52398,13498,38900,Manipur,Covishield
34207,15117,49324,26010,23314,Meghalaya,Covishield
15051,20903,35954,15572,20382,Mizoram,Covishield
47958,21444,69402,6613,62789,Odisha,Covishield
47563,33257,80820,54998,25822,Puducherry,Covishield
5815,9504,15319,11674,3645,Punjab,Covishield
48635,18138,66773,66712,61,Rajasthan,Covishield
2210,29870,32080,18310,13770,Tamil Nadu,Covishield
31852,47922,79774,61426,18348,Telengana,Covishield
4988,21253,26241,19513,6728,Tripura,Covishield
41043,47938,88981,44218,44763,Uttarakhand,Covishield
19203,10432,29635,29195,440,Uttar Pradesh,Covishield
17970,3833,21803,16604,5199,West Bengal,Covishield
49547,20527,70074,45039,25035,Andaman and Nicobar Islands,Covishield
35898,27955,63853,44315,19538,Andhra Pradesh,Covishield
35039,17069,52108,5639,46469,Arunachal Pradesh,Covishield
28361,46594,74955,73742,1213,Assam,Covishield
4370,43812,48182,17712,30470,Bihar,Covishield
23650,46880,70530,44979,25551,Chandigarh,Covishield
19964,13908,33872,27799,6073,Chhattisgarh,Covishield
48268,17414,65682,59619,6063,Dadra and Nagar Haveli and Daman and Diu,Covishield
28990,25977,54967,44290,10677,Delhi,Covishield
39416,17158,56574,56342,232,Goa,Covishield
14103,22508,36611,25356,11255,Gujarat,Covishield
23305,42612,65917,41772,24145,Haryana,Covishield
25471,1565,27036,22892,4144,Himachal Pradesh,Covishield
38755,13602,52357,25333,27024,Jammu and Kashmir,Covishield
5345,19733,25078,8596,16482,Jharkhand,Covishield
36925,42840,79765,47661,32104,Karnataka,Covishield
47573,43130,90703,21899,68804,Kerala,Covishield
27466,32527,59993,18558,41435,Ladakh,Covishield
12192,18446,30638,18835,11803,Madhya Pradesh,Covishield
16175,36609,52784,47294,5490,Maharashtra,Covishield
31468,4057,35525,12049,23476,Manipur,Covishield
19369,48164,67533,17246,50287,Meghalaya,Covishield
8370,5909,14279,9890,4389,Mizoram,Covishield
29370,18077,47447,36281,11166,Odisha,Covishield
3175,8825,12000,6065,5935,Puducherry,Covishield
10703,16036,26739,16821,9918,Punjab,Covishield
29229,37876,67105,20008,47097,Rajasthan,Covishield
8935,46583,55518,24614,30904,Tamil Nadu,Covishield
48367,11085,59452,56311,3141,Telengana,Covishield
11512,13232,24744,20717,4027,Tripura,Covishield
10999,49688,60687,37034,23653,Uttarakhand,Covishield
9672,34763,44435,19008,25427,Uttar Pradesh,Covishield
33041,35486,68527,13627,54900,West Bengal,Covishield
22388,36851,59239,46277,12962,Andaman and Nicobar Islands,Covishield
49056,20933,69989,24671,45318,Andhra Pradesh,Covishield
12106,19367,31473,26917,4556,Arunachal Pradesh,Covishield
8306,45550,53856,35714,18142,Assam,Covishield
3097,14958,18055,15344,2711,Bihar,Covishield
10533,28579,39112,21324,17788,Chandigarh,Covishield
6030,31317,37347,33120,4227,Chhattisgarh,Covishield
21763,42133,63896,51172,12724,Dadra and Nagar Haveli and Daman and Diu,Covishield
13376,44712,58088,7390,50698,Delhi,Covishield
31682,45751,77433,75968,1465,Goa,Covishield
37271,12280,49551,46749,2802,Gujarat,Covishield
29077,37739,66816,52378,14438,Haryana,Covishield
34474,23230,57704,52927,4777,Himachal Pradesh,Covishield
15172,10541,25713,24927,786,Jammu and Kashmir,Covishield
31673,40118,71791,59800,11991,Jharkhand,Covishield
9519,29709,39228,25074,14154,Karnataka,Covishield
20081,32341,52422,7030,45392,Kerala,Covishield
20450,2665,23115,12815,10300,Ladakh,Covishield
38990,31575,70565,50336,20229,Madhya Pradesh,Covishield
35255,43113,78368,77176,1192,Maharashtra,Covishield
21248,17305,38553,8921,29632,Manipur,Covishield
28493,11249,39742,15509,24233,Meghalaya,Covishield
31189,22722,53911,24791,29120,Mizoram,Covishield
5847,38422,44269,11680,32589,Odisha,Covishield
8173,25752,33925,15344,18581,Puducherry,Covishield
19701,5481,25182,6095,19087,Punjab,Covishield
48047,25959,74006,25153,48853,Rajasthan,Covishield
37165,46932,84097,58437,25660,Tamil Nadu,Covishield
35194,13188,48382,21053,27329,Telengana,Covishield
31771,15157,46928,39431,7497,Tripura,Covishield
42477,22295,64772,50030,14742,Uttarakhand,Covishield
43859,11521,55380,53665,1715,Uttar Pradesh,Covishield
45340,39015,84355,8540,75815,West Bengal,Covishield
24586,18414,43000,17952,25048,Andaman and Nicobar Islands,Covishield
41405,12978,54383,36844,17539,Andhra Pradesh,Covishield
24655,19922,44577,35354,9223,Arunachal Pradesh,Covishield
4177,5799,9976,9017,959,Assam,Covishield
30274,26526,56800,41191,15609,Bihar,Covishield
8951,36939,45890,31248,14642,Chandigarh,Covishield
36041,34398,70439,57182,13257,Chhattisgarh,Covishield
15194,9162,24356,16195,8161,Dadra and Nagar Haveli and Daman and Diu,Covishield
30072,40154,70226,47464,22762,Delhi,Covishield
29671,19774,49445,19236,30209,Goa,Covishield
23620,12604,36224,21878,14346,Gujarat,Covishield
48854,17641,66495,17001,49494,Haryana,Covishield
34920,39622,74542,48673,25869,Himachal Pradesh,Covishield
19887,20819,40706,29859,10847,Jammu and Kashmir,Covishield
2451,4416,6867,5448,1419,Jharkhand,Covishield
49993,18307,68300,14120,54180,Karnataka,Covishield
44109,17243,61352,15783,45569,Kerala,Covishield
47256,32055,79311,8318,70993,Ladakh,Covishield
17135,26787,43922,38642,5280,Madhya Pradesh,Covishield
10916,26086,37002,34669,2333,Maharashtra,Covishield
17926,6906,24832,24188,644,Manipur,Covishield
27603,21343,48946,41551,7395,Meghalaya,Covishield
33474,26520,59994,27269,32725,Mizoram,Covishield
20572,21415,41987,21684,20303,Odisha,Covishield
23739,14548,38287,16380,21907,Puducherry,Covishield
19609,43811,63420,5670,57750,Punjab,Covishield
40562,16221,56783,38361,18422,Rajasthan,Covishield
13812,47943,61755,58943,2812,Tamil Nadu,Covishield
42182,49896,92078,74280,17798,Telengana,Covishield
1638,20774,22412,18061,4351,Tripura,Covishield
4006,17313,21319,17344,3975,Uttarakhand,Covishield
24790,44941,69731,64539,5192,Uttar Pradesh,Covishield
17973,23804,41777,18731,23046,West Bengal,Covishield
33808,3885,37693,19493,18200,Andaman and Nicobar Islands,Covishield
36323,34778,71101,69701,1400,Andhra Pradesh,Covishield
4812,3485,8297,8193,104,Arunachal Pradesh,Covishield
11032,23328,34360,8510,25850,Assam,Covishield
30750,22671,53421,28782,24639,Bihar,Covishield
18489,44448,62937,54800,8137,Chandigarh,Covishield
27951,45604,73555,53887,19668,Chhattisgarh,Covishield
6069,3880,9949,5470,4479,Dadra and Nagar Haveli and Daman and Diu,Covishield
29054,12220,41274,13280,27994,Delhi,Covishield
39736,23148,62884,25731,37153,Goa,Covishield
19233,9172,28405,27978,427,Gujarat,Covishield
3954,14594,18548,9921,8627,Haryana,Covishield
33216,11908,45124,41003,4121,Himachal Pradesh,Covishield
45350,6156,51506,7428,44078,Jammu and Kashmir,Covishield
32059,44455,76514,55402,21112,Jharkhand,Covishield
45566,8564,54130,42571,11559,Karnataka,Covishield
40138,35558,75696,38912,36784,Kerala,Covishield
46533,36729,83262,61428,21834,Ladakh,Covishield
31934,3893,35827,17818,18009,Madhya Pradesh,Covishield
12499,33974,46473,13513,32960,Maharashtra,Covishield
37139,22500,59639,26392,33247,Manipur,Covishield
47945,26010,73955,18291,55664,Meghalaya,Covishield
41052,3573,44625,36432,8193,Mizoram,Covishield
41813,20660,62473,60863,1610,Odisha,Covishield
20387,21572,41959,14059,27900,Puducherry,Covishield
28843,26667,55510,13805,41705,Punjab,Covishield
42434,30686,73120,15451,57669,Rajasthan,Covishield
42671,3369,46040,26073,19967,Tamil Nadu,Covishield
12454,13883,26337,20680,5657,Telengana,Covishield
4223,19801,24024,17598,6426,Tripura,Covishield
24518,4057,28575,28480,95,Uttarakhand,Covishield
49759,27143,76902,75648,1254,Uttar Pradesh,Covishield
15832,14996,30828,27966,2862,West Bengal,Covishield
9160,30897,40057,34614,5443,Andaman and Nicobar Islands,Covishield
38254,21112,59366,29550,29816,Andhra Pradesh,Covishield
18355,39455,57810,30033,27777,Arunachal Pradesh,Covishield
35499,37283,72782,37035,35747,Assam,Covishield
14436,28314,42750,19373,23377,Bihar,Covishield
12370,24259,36629,25271,11358,Chandigarh,Covishield
7836,18092,25928,12419,13509,Chhattisgarh,Covishield
28792,39923,68715,46967,21748,Dadra and Nagar Haveli and Daman and Diu,Covishield
38520,22097,60617,55070,5547,Delhi,Covishield
30481,10603,41084,27508,13576,Goa,Covishield
47714,39465,87179,18566,68613,Gujarat,Covishield
4295,9992,14287,6796,7491,Haryana,Covishield
8310,12936,21246,8299,12947,Himachal Pradesh,Covishield
43726,29765,73491,15208,58283,Jammu and Kashmir,Covishield
41742,22881,64623,37846,26777,Jharkhand,Covishield
10033,11220,21253,11266,9987,Karnataka,Covishield
11599,8824,20423,10958,9465,Kerala,Covishield
39168,42057,81225,15353,65872,Ladakh,Covishield
6416,20446,26862,11526,15336,Madhya Pradesh,Covishield
6279,4420,10699,9137,1562,Maharashtra,Covishield
27567,24984,52551,39174,13377,Manipur,Covishield
46255,19576,65831,61823,4008,Meghalaya,Covishield
30313,30075,60388,49902,10486,Mizoram,Covishield
21426,44626,66052,48226,17826,Odisha,Covishield
17495,49504,66999,29557,37442,Puducherry,Covishield
18598,30707,49305,38302,11003,Punjab,Covishield
49417,41015,90432,47868,42564,Rajasthan,Covishield
10385,41648,52033,35372,16661,Tamil Nadu,Covishield
21714,28390,50104,11943,38161,Telengana,Covishield
17207,3542,20749,6470,14279,Tripura,Covishield
20709,43777,64486,41838,22648,Uttarakhand,Covishield
38089,20841,58930,57395,1535,Uttar Pradesh,Covishield
22896,19653,42549,32936,9613,West Bengal,Covishield
38046,47327,85373,43995,41378,Andaman and Nicobar Islands,Covishield
8613,38059,46672,37966,8706,Andhra Pradesh,Covishield
33984,11677,45661,11184,34477,Arunachal Pradesh,Covishield
48460,4232,52692,14156,38536,Assam,Covishield
15567,14757,30324,8821,21503,Bihar,Covishield
30880,42291,73171,36869,36302,Chandigarh,Covishield
49018,3389,52407,26894,25513,Chhattisgarh,Covishield
27277,48592,75869,43191,32678,Dadra and Nagar Haveli and Daman and Diu,Covishield
43854,7741,51595,5150,46445,Delhi,Covishield
5100,7438,12538,8450,4088,Goa,Covishield
45348,29345,74693,53558,21135,Gujarat,Covishield
32609,7117,39726,24796,14930,Haryana,Covishield
24591,6859,31450,31440,10,Himachal Pradesh,Covishield
28870,23485,52355,44181,8174,Jammu and Kashmir,Covishield
49662,9642,59304,10916,48388,Jharkhand,Covishield
18679,18838,37517,7846,29671,Karnataka,Covishield
20273,25513,45786,30602,15184,Kerala,Covishield
43513,6998,50511,41471,9040,Ladakh,Covishield
31363,21374,52737,45551,7186,Madhya Pradesh,Covishield
7557,29444,37001,5007,31994,Maharashtra,Covishield
24516,36715,61231,13144,48087,Manipur,Covishield
16553,10151,26704,11740,14964,Meghalaya,Covishield
31112,46000,77112,8888,68224,Mizoram,Covishield
30257,47281,77538,59784,17754,Odisha,Covishield
24873,15861,40734,31656,9078,Puducherry,Covishield
1898,21357,23255,20979,2276,Punjab,Covishield
12554,2171,14725,12889,1836,Rajasthan,Covishield
46303,28580,74883,43759,31124,Tamil Nadu,Covishield
11564,9021,20585,10975,9610,Telengana,Covishield
22770,17813,40583,22923,17660,Tripura,Covishield
9621,4326,13947,9066,4881,Uttarakhand,Covishield
2055,36466,38521,30732,7789,Uttar Pradesh,Covishield
38578,21384,59962,57389,2573,West Bengal,Covishield
45684,35085,80769,42924,37845,Andaman and Nicobar Islands,Covishield
32411,13010,45421,40638,4783,Andhra Pradesh,Covishield
36563,19695,56258,47909,8349,Arunachal Pradesh,Covishield
24438,42607,67045,17492,49553,Assam,Covishield
15804,8769,24573,10982,13591,Bihar,Covishield
17928,41972,59900,17176,42724,Chandigarh,Covishield
23844,3449,27293,26472,821,Chhattisgarh,Covishield
25790,48396,74186,25017,49169,Dadra and Nagar Haveli and Daman and Diu,Covishield
30298,4137,34435,5051,29384,Delhi,Covishield
42461,13794,56255,36174,20081,Goa,Covishield
47914,19130,67044,33706,33338,Gujarat,Covishield
32104,16791,48895,14759,34136,Haryana,Covishield
11241,11225,22466,7821,14645,Himachal Pradesh,Covishield
40997,11720,52717,49163,3554,Jammu and Kashmir,Covishield
33922,29019,62941,6221,56720,Jharkhand,Covishield
42423,20613,63036,9301,53735,Karnataka,Covishield
41424,28095,69519,32061,37458,Kerala,Covishield
43817,20394,64211,33881,30330,Ladakh,Covishield
41521,19764,61285,18687,42598,Madhya Pradesh,Covishield
11308,18780,30088,28218,1870,Maharashtra,Covishield
39771,18622,58393,48277,10116,Manipur,Covishield
36265,22402,58667,55679,2988,Meghalaya,Covishield
14174,15309,29483,22866,6617,Mizoram,Covishield
21463,42401,63864,45618,18246,Odisha,Covishield
31657,8575,40232,16050,24182,Puducherry,Covishield
45365,43701,89066,5171,83895,Punjab,Covishield
2895,32085,34980,13007,21973,Rajasthan,Covishield
12851,45298,58149,17571,40578,Tamil Nadu,Covishield
5634,43401,49035,14167,34868,Telengana,Covishield
43606,38623,82229,33579,48650,Tripura,Covishield
44890,14618,59508,55293,4215,Uttarakhand,Covishield
34679,17630,52309,40817,11492,Uttar Pradesh,Covishield
19251,26960,46211,11381,34830,West Bengal,Covishield
23979,45883,69862,56604,13258,Andaman and Nicobar Islands,Covishield
28257,10170,38427,19804,18623,Andhra Pradesh,Covishield
32068,35118,67186,64676,2510,Arunachal Pradesh,Covishield
13339,38104,51443,16618,34825,Assam,Covishield
19329,16830,36159,7573,28586,Bihar,Covishield
17875,18348,36223,32861,3362,Chandigarh,Covishield
49373,35884,85257,38356,46901,Chhattisgarh,Covishield
32926,5456,38382,22785,15597,Dadra and Nagar Haveli and Daman and Diu,Covishield
4680,30149,34829,31556,3273,Delhi,Covishield
5113,12196,17309,9626,7683,Goa,Covishield
3686,18101,21787,11399,10388,Gujarat,Covishield
42089,18623,60712,6082,54630,Haryana,Covishield
27707,35842,63549,25860,37689,Himachal Pradesh,Covishield
32172,44423,76595,71035,5560,Jammu and Kashmir,Covishield
44386,5936,50322,47829,2493,Jharkhand,Covishield
22251,22319,44570,18173,26397,Karnataka,Covishield
28103,4316,32419,14488,17931,Kerala,Covishield
32334,14877,47211,36000,11211,Ladakh,Covishield
15776,14952,30728,18967,11761,Madhya Pradesh,Covishield
12746,38586,51332,31075,20257,Maharashtra,Covishield
3139,23354,26493,9430,17063,Manipur,Covishield
35145,22630,57775,56334,1441,Meghalaya,Covishield
46360,43386,89746,74508,15238,Mizoram,Covishield
11487,43111,54598,31997,22601,Odisha,Covishield
36825,26221,63046,47748,15298,Puducherry,Covishield
34744,30933,65677,63982,1695,Punjab,Covishield
15141,20059,35200,25637,9563,Rajasthan,Covishield
1961,44237,46198,14729,31469,Tamil Nadu,Covishield
18481,17854,36335,30989,5346,Telengana,Covishield
36184,19508,55692,11135,44557,Tripura,Covishield
26965,27868,54833,30772,24061,Uttarakhand,Covishield
29918,13211,43129,5761,37368,Uttar Pradesh,Covishield
22026,13083,35109,29489,5620,West Bengal,Covishield
28827,18476,47303,45250,2053,Cases being reassigned to states,Covishield
24831,18083,42914,35705,7209,Andaman and Nicobar Islands,Covishield
49511,14246,63757,15305,48452,Andhra Pradesh,Covishield
14413,13892,28305,14702,13603,Arunachal Pradesh,Covishield
32010,43771,75781,22834,52947,Assam,Covishield
18050,49270,67320,36985,30335,Bihar,Covishield
48003,28599,76602,6188,70414,Chandigarh,Covishield
4502,19271,23773,17331,6442,Chhattisgarh,Covishield
24390,39218,63608,25989,37619,Dadra and Nagar Haveli and Daman and Diu,Covishield
37742,13182,50924,36914,14010,Delhi,Covishield
14544,39294,53838,25966,27872,Goa,Covishield
2813,46923,49736,25653,24083,Gujarat,Covishield
47140,39621,86761,64798,21963,Haryana,Covishield
30514,36853,67367,36739,30628,Himachal Pradesh,Covishield
46591,41324,87915,45258,42657,Jammu and Kashmir,Covishield
23408,29317,52725,7472,45253,Jharkhand,Covishield
12230,33569,45799,19654,26145,Karnataka,Covishield
40722,39629,80351,8434,71917,Kerala,Covishield
39058,7646,46704,37646,9058,Ladakh,Covishield
4202,31596,35798,25197,10601,Madhya Pradesh,Covishield
8342,31791,40133,36203,3930,Maharashtra,Covishield
41904,15495,57399,48714,8685,Manipur,Covishield
35966,12125,48091,12878,35213,Meghalaya,Covishield
45262,42118,87380,71203,16177,Mizoram,Covishield
25680,45452,71132,9128,62004,Odisha,Covishield
18802,38171,56973,50341,6632,Puducherry,Covishield
35772,2785,38557,30611,7946,Punjab,Covishield
24543,40767,65310,22573,42737,Rajasthan,Covishield
12759,44365,57124,16697,40427,Tamil Nadu,Covishield
6960,15548,22508,14410,8098,Telengana,Covishield
5246,15984,21230,10342,10888,Tripura,Covishield
23045,31174,54219,17985,36234,Uttarakhand,Covishield
17377,1712,19089,17936,1153,Uttar Pradesh,Covishield
44256,5236,49492,34304,15188,West Bengal,Covishield
28855,6987,35842,20818,15024,Cases being reassigned to states,Covishield
32837,33899,66736,16502,50234,Andaman and Nicobar Islands,Covishield
41871,38136,80007,8700,71307,Andhra Pradesh,Covishield
34036,45886,79922,13860,66062,Arunachal Pradesh,Covishield
34897,35756,70653,40295,30358,Assam,Covishield
40563,37369,77932,42641,35291,Bihar,Covishield
17469,20121,37590,15416,22174,Chandigarh,Covishield
22444,10887,33331,29913,3418,Chhattisgarh,Covishield
36798,25158,61956,21119,40837,Dadra and Nagar Haveli and Daman and Diu,Covishield
28435,5332,33767,24734,9033,Delhi,Covishield
49216,14169,63385,9493,53892,Goa,Covishield
27997,48689,76686,68552,8134,Gujarat,Covishield
36613,21943,58556,26382,32174,Haryana,Covishield
19126,5119,24245,11257,12988,Himachal Pradesh,Covishield
7305,40434,47739,44224,3515,Jammu and Kashmir,Covishield
42379,15349,57728,15640,42088,Jharkhand,Covishield
18633,29294,47927,31977,15950,Karnataka,Covishield
26781,30170,56951,45704,11247,Kerala,Covishield
32268,31805,64073,10089,53984,Ladakh,Covishield
45112,33164,78276,57844,20432,Madhya Pradesh,Covishield
11653,21393,33046,27713,5333,Maharashtra,Covishield
11732,5731,17463,16252,1211,Manipur,Covishield
1813,30974,32787,27563,5224,Meghalaya,Covishield
49155,9092,58247,26279,31968,Mizoram,Covishield
5041,19160,24201,11893,12308,Odisha,Covishield
40577,39332,79909,60601,19308,Puducherry,Covishield
4456,2566,7022,5213,1809,Punjab,Covishield
3831,22180,26011,5151,20860,Rajasthan,Covishield
4541,10381,14922,9953,4969,Tamil Nadu,Covishield
18153,14995,33148,12035,21113,Telengana,Covishield
22293,20505,42798,16446,26352,Tripura,Covishield
17941,45910,63851,29948,33903,Uttarakhand,Covishield
19001,27024,46025,40463,5562,Uttar Pradesh,Covishield
37350,5142,42492,34887,7605,West Bengal,Covishield
37556,3469,41025,20810,20215,Cases being reassigned to states,Covishield
44730,25305,70035,25308,44727,Andaman and Nicobar Islands,Covishield
32565,29268,61833,40286,21547,Andhra Pradesh,Covishield
27536,41920,69456,31375,38081,Arunachal Pradesh,Covishield
25118,19711,44829,16378,28451,Assam,Covishield
4474,22604,27078,10912,16166,Bihar,Covishield
9212,26417,35629,24021,11608,Chandigarh,Covishield
15825,42413,58238,55704,2534,Chhattisgarh,Covishield
33830,41018,74848,23831,51017,Dadra and Nagar Haveli and Daman and Diu,Covishield
19569,20824,40393,5289,35104,Delhi,Covishield
14067,34425,48492,31213,17279,Goa,Covishield
32130,20460,52590,18708,33882,Gujarat,Covishield
45568,11823,57391,11585,45806,Haryana,Covishield
7765,43043,50808,5169,45639,Himachal Pradesh,Covishield
23548,23364,46912,44026,2886,Jammu and Kashmir,Covishield
44343,6728,51071,25227,25844,Jharkhand,Covishield
13739,3215,16954,8027,8927,Karnataka,Covishield
10020,35785,45805,34810,10995,Kerala,Covishield
28030,45206,73236,48756,24480,Ladakh,Covishield
28081,22797,50878,11191,39687,Madhya Pradesh,Covishield
33858,9449,43307,38133,5174,Maharashtra,Covishield
6948,2655,9603,7594,2009,Manipur,Covishield
46550,39095,85645,85442,203,Meghalaya,Covishield
18634,40508,59142,19203,39939,Mizoram,Covishield
9337,41322,50659,39176,11483,Odisha,Covishield
14852,38694,53546,5891,47655,Puducherry,Covishield
45377,31040,76417,24436,51981,Punjab,Covishield
31492,36100,67592,11064,56528,Rajasthan,Covishield
33461,2587,36048,31037,5011,Tamil Nadu,Covishield
12253,34562,46815,39973,6842,Telengana,Covishield
29768,31587,61355,15519,45836,Tripura,Covishield
23209,28621,51830,45937,5893,Uttarakhand,Covishield
48424,48855,97279,17721,79558,Uttar Pradesh,Covishield
9768,25306,35074,11148,23926,West Bengal,Covishield
42927,42751,85678,74817,10861,Cases being reassigned to states,Covishield
11821,19814,31635,26959,4676,Andaman and Nicobar Islands,Covishield
16402,44556,60958,19605,41353,Andhra Pradesh,Covishield
29299,5050,34349,16286,18063,Arunachal Pradesh,Covishield
26144,43269,69413,25601,43812,Assam,Covishield
20956,3607,24563,16152,8411,Bihar,Covishield
2852,23696,26548,16492,10056,Chandigarh,Covishield
15907,49692,65599,27923,37676,Chhattisgarh,Covishield
15091,11382,26473,9201,17272,Dadra and Nagar Haveli and Daman and Diu,Covishield
26491,37120,63611,48878,14733,Delhi,Covishield
39638,36778,76416,32597,43819,Goa,Covishield
12823,13483,26306,26217,89,Gujarat,Covishield
34955,37767,72722,26256,46466,Haryana,Covishield
29500,43501,73001,27869,45132,Himachal Pradesh,Covishield
14694,10430,25124,20387,4737,Jammu and Kashmir,Covishield
1613,45624,47237,41738,5499,Jharkhand,Covishield
41437,36654,78091,76451,1640,Karnataka,Covishield
12089,9603,21692,11463,10229,Kerala,Covishield
6175,7233,13408,9543,3865,Ladakh,Covishield
2236,34038,36274,32637,3637,Madhya Pradesh,Covishield
19719,35094,54813,39358,15455,Maharashtra,Covishield
36201,22225,58426,21182,37244,Manipur,Covishield
40367,35399,75766,11627,64139,Meghalaya,Covishield
20653,31893,52546,46306,6240,Mizoram,Covishield
21574,36489,58063,45065,12998,Odisha,Covishield
34622,11384,46006,14827,31179,Puducherry,Covishield
49063,3191,52254,27460,24794,Punjab,Covishield
33340,44560,77900,11196,66704,Rajasthan,Covishield
49969,46929,96898,88052,8846,Sikkim,Covishield
15997,22686,38683,16207,22476,Tamil Nadu,Covishield
32706,7103,39809,15203,24606,Telengana,Covishield
17143,31689,48832,48557,275,Tripura,Covishield
21863,33980,55843,35830,20013,Uttarakhand,Covishield
49217,13981,63198,16585,46613,Uttar Pradesh,Covishield
2038,40780,42818,15294,27524,West Bengal,Covishield
2885,24490,27375,8865,18510,Cases being reassigned to states,Covishield
21772,13084,34856,28731,6125,Andaman and Nicobar Islands,Covishield
9185,19971,29156,15085,14071,Andhra Pradesh,Covishield
39391,41208,80599,65590,15009,Arunachal Pradesh,Covishield
30370,8455,38825,33622,5203,Assam,Covishield
6638,45650,52288,50225,2063,Bihar,Covishield
12443,34460,46903,23466,23437,Chandigarh,Covishield
11154,43844,54998,27426,27572,Chhattisgarh,Covishield
22692,31684,54376,35059,19317,Dadra and Nagar Haveli and Daman and Diu,Covishield
34691,22405,57096,32523,24573,Delhi,Covishield
1882,40287,42169,7139,35030,Goa,Covishield
9690,31750,41440,19480,21960,Gujarat,Covishield
48040,37946,85986,73098,12888,Haryana,Covishield
11375,49479,60854,19454,41400,Himachal Pradesh,Covishield
49398,19984,69382,21333,48049,Jammu and Kashmir,Covishield
33336,2516,35852,24014,11838,Jharkhand,Covishield
8590,30933,39523,12117,27406,Karnataka,Covishield
38682,3035,41717,30362,11355,Kerala,Covishield
26054,28987,55041,13696,41345,Ladakh,Covishield
19501,43786,63287,28594,34693,Madhya Pradesh,Covishield
36933,26308,63241,9972,53269,Maharashtra,Covishield
29459,6800,36259,35514,745,Manipur,Covishield
39642,11754,51396,10118,41278,Meghalaya,Covishield
3701,3969,7670,7285,385,Mizoram,Covishield
2293,48497,50790,50459,331,Odisha,Covishield
13892,37988,51880,35111,16769,Puducherry,Covishield
35047,28417,63464,19636,43828,Punjab,Covishield
6038,44301,50339,9593,40746,Rajasthan,Covishield
36887,31288,68175,19568,48607,Sikkim,Covishield
29010,36794,65804,47378,18426,Tamil Nadu,Covishield
11407,6274,17681,16878,803,Telengana,Covishield
25229,32966,58195,24765,33430,Tripura,Covishield
28292,42497,70789,29976,40813,Uttarakhand,Covishield
12538,36322,48860,37539,11321,Uttar Pradesh,Covishield
12227,45525,57752,55848,1904,West Bengal,Covishield
38990,42830,81820,66373,15447,Cases being reassigned to states,Covishield
13451,23973,37424,10655,26769,Andaman and Nicobar Islands,Covishield
7813,31791,39604,30018,9586,Andhra Pradesh,Covishield
24792,17731,42523,40236,2287,Arunachal Pradesh,Covishield
45785,43350,89135,24871,64264,Assam,Covishield
15222,27290,42512,36384,6128,Bihar,Covishield
6484,25054,31538,6073,25465,Chandigarh,Covishield
34091,43315,77406,26409,50997,Chhattisgarh,Covishield
18884,22794,41678,12805,28873,Dadra and Nagar Haveli and Daman and Diu,Covishield
33594,22463,56057,26723,29334,Delhi,Covishield
35970,48720,84690,11350,73340,Goa,Covishield
37764,31432,69196,44016,25180,Gujarat,Covishield
39639,45275,84914,17006,67908,Haryana,Covishield
7370,43800,51170,18943,32227,Himachal Pradesh,Covishield
14781,40905,55686,19368,36318,Jammu and Kashmir,Covishield
34005,20302,54307,23442,30865,Jharkhand,Covishield
30763,38217,68980,17544,51436,Karnataka,Covishield
46929,2629,49558,15861,33697,Kerala,Covishield
3758,8631,12389,6265,6124,Ladakh,Covishield
11914,30249,42163,35377,6786,Madhya Pradesh,Covishield
21889,34036,55925,29319,26606,Maharashtra,Covishield
34265,35526,69791,9241,60550,Manipur,Covishield
39592,15668,55260,27689,27571,Meghalaya,Covishield
48419,34958,83377,43108,40269,Mizoram,Covishield
17306,33997,51303,10630,40673,Nagaland,Covishield
7901,47044,54945,53254,1691,Odisha,Covishield
33830,47428,81258,66993,14265,Puducherry,Covishield
17989,10977,28966,6344,22622,Punjab,Covishield
10549,38594,49143,21779,27364,Rajasthan,Covishield
23347,41835,65182,33764,31418,Sikkim,Covishield
49927,12116,62043,37170,24873,Tamil Nadu,Covishield
41916,28039,69955,31304,38651,Telengana,Covishield
25799,13055,38854,7842,31012,Tripura,Covishield
42706,19639,62345,40269,22076,Uttarakhand,Covishield
25114,27826,52940,9732,43208,Uttar Pradesh,Covishield
9761,21953,31714,28482,3232,West Bengal,Covishield
40158,41722,81880,52513,29367,Cases being reassigned to states,Covishield
4943,29253,34196,21864,12332,Andaman and Nicobar Islands,Covishield
22651,25869,48520,44552,3968,Andhra Pradesh,Covishield
41393,39490,80883,6959,73924,Arunachal Pradesh,Covishield
38666,3117,41783,32940,8843,Assam,Covishield
40845,11812,52657,24465,28192,Bihar,Covishield
39858,38739,78597,64692,13905,Chandigarh,Covishield
47034,45176,92210,60085,32125,Chhattisgarh,Covishield
42761,17854,60615,50388,10227,Dadra and Nagar Haveli and Daman and Diu,Covishield
8111,25822,33933,11078,22855,Delhi,Covishield
35070,16619,51689,45839,5850,Goa,Covishield
23076,43685,66761,15760,51001,Gujarat,Covishield
9140,22517,31657,10687,20970,Haryana,Covishield
12309,44776,57085,36193,20892,Himachal Pradesh,Covishield
33639,23923,57562,17771,39791,Jammu and Kashmir,Covishield
26747,25688,52435,12743,39692,Jharkhand,Covishield
25911,24523,50434,21644,28790,Karnataka,Covishield
37633,16446,54079,31039,23040,Kerala,Covishield
43600,23094,66694,23312,43382,Ladakh,Covishield
44297,4622,48919,28444,20475,Madhya Pradesh,Covishield
21484,48851,70335,9107,61228,Maharashtra,Covishield
46943,39203,86146,57874,28272,Manipur,Covishield
16612,6031,22643,18662,3981,Meghalaya,Covishield
17752,7463,25215,15412,9803,Mizoram,Covishield
10587,30293,40880,23996,16884,Nagaland,Covishield
22472,24884,47356,18316,29040,Odisha,Covishield
49748,22404,72152,17321,54831,Puducherry,Covishield
46509,32834,79343,49207,30136,Punjab,Covishield
33552,45313,78865,63469,15396,Rajasthan,Covishield
39275,32092,71367,20616,50751,Sikkim,Covishield
30846,24384,55230,15741,39489,Tamil Nadu,Covishield
18021,25680,43701,14058,29643,Telengana,Covishield
38595,6190,44785,23747,21038,Tripura,Covishield
26069,16280,42349,31083,11266,Uttarakhand,Covishield
21946,2548,24494,9790,14704,Uttar Pradesh,Covishield
23337,14691,38028,8229,29799,West Bengal,Covishield
3879,44448,48327,33331,14996,Cases being reassigned to states,Covishield
23767,6032,29799,12777,17022,Andaman and Nicobar Islands,Covishield
35864,22338,58202,29730,28472,Andhra Pradesh,Covishield
12468,16523,28991,12770,16221,Arunachal Pradesh,Covishield
43791,30551,74342,38535,35807,Assam,Covishield
3376,25330,28706,17718,10988,Bihar,Covishield
43041,9207,52248,44742,7506,Chandigarh,Covishield
41637,21462,63099,9804,53295,Chhattisgarh,Covishield
20289,24508,44797,8882,35915,Dadra and Nagar Haveli and Daman and Diu,Covishield
15933,2856,18789,11903,6886,Delhi,Covishield
22005,6825,28830,25224,3606,Goa,Covishield
27049,11273,38322,17624,20698,Gujarat,Covishield
29296,17858,47154,14825,32329,Haryana,Covishield
8639,7753,16392,5139,11253,Himachal Pradesh,Covishield
30132,3062,33194,5796,27398,Jammu and Kashmir,Covishield
34380,43526,77906,56773,21133,Jharkhand,Covishield
37650,15166,52816,16759,36057,Karnataka,Covishield
24828,6021,30849,21897,8952,Kerala,Covishield
46809,40231,87040,39147,47893,Ladakh,Covishield
27951,24947,52898,14503,38395,Madhya Pradesh,Covishield
29043,15101,44144,39958,4186,Maharashtra,Covishield
24817,26994,51811,42298,9513,Manipur,Covishield
12839,14382,27221,26103,1118,Meghalaya,Covishield
37273,38294,75567,14418,61149,Mizoram,Covishield
32879,48071,80950,29633,51317,Nagaland,Covishield
41317,47511,88828,9157,79671,Odisha,Covishield
35240,6479,41719,35783,5936,Puducherry,Covishield
2833,42368,45201,25689,19512,Punjab,Covishield
25497,47965,73462,13601,59861,Rajasthan,Covishield
13399,49993,63392,61636,1756,Sikkim,Covishield
16284,33418,49702,21480,28222,Tamil Nadu,Covishield
6213,41680,47893,20110,27783,Telengana,Covishield
47650,44849,92499,47851,44648,Tripura,Covishield
23629,27620,51249,35805,15444,Uttarakhand,Covishield
33300,47819,81119,47402,33717,Uttar Pradesh,Covishield
42389,19198,61587,35252,26335,West Bengal,Covishield
46143,39813,85956,34839,51117,Cases being reassigned to states,Covishield
32826,2867,35693,30397,5296,Andaman and Nicobar Islands,Covishield
19350,3645,22995,15341,7654,Andhra Pradesh,Covishield
26478,43100,69578,54257,15321,Arunachal Pradesh,Covishield
33792,16658,50450,49976,474,Assam,Covishield
44827,43817,88644,57152,31492,Bihar,Covishield
32454,43477,75931,28865,47066,Chandigarh,Covishield
12911,38996,51907,43775,8132,Chhattisgarh,Covishield
4214,22758,26972,17289,9683,Dadra and Nagar Haveli and Daman and Diu,Covishield
25853,41411,67264,14882,52382,Delhi,Covishield
25981,7389,33370,25158,8212,Goa,Covishield
38656,27156,65812,38127,27685,Gujarat,Covishield
29983,15349,45332,21917,23415,Haryana,Covishield
31607,8359,39966,21925,18041,Himachal Pradesh,Covishield
28664,49597,78261,14498,63763,Jammu and Kashmir,Covishield
15473,4340,19813,7614,12199,Jharkhand,Covishield
11378,10431,21809,21153,656,Karnataka,Covishield
18907,21041,39948,24612,15336,Kerala,Covishield
26931,14556,41487,15391,26096,Ladakh,Covishield
44492,32353,76845,60384,16461,Madhya Pradesh,Covishield
32778,16673,49451,45286,4165,Maharashtra,Covishield
17482,18080,35562,18653,16909,Manipur,Covishield
13777,21875,35652,21896,13756,Meghalaya,Covishield
1900,35364,37264,30140,7124,Mizoram,Covishield
21415,46183,67598,18474,49124,Nagaland,Covishield
28550,46009,74559,52579,21980,Odisha,Covishield
19162,7001,26163,12246,13917,Puducherry,Covishield
16954,47137,64091,24276,39815,Punjab,Covishield
31268,2828,34096,25989,8107,Rajasthan,Covishield
35036,36597,71633,13396,58237,Sikkim,Covishield
19532,39215,58747,47472,11275,Tamil Nadu,Covishield
10273,10539,20812,15029,5783,Telengana,Covishield
35308,9631,44939,26105,18834,Tripura,Covishield
7472,48317,55789,52182,3607,Uttarakhand,Covishield
23318,44978,68296,54563,13733,Uttar Pradesh,Covishield
41342,32660,74002,54118,19884,West Bengal,Covishield
40964,46897,87861,72124,15737,Cases being reassigned to states,Covishield
37629,16775,54404,17210,37194,Andaman and Nicobar Islands,Covishield
3927,47132,51059,20487,30572,Andhra Pradesh,Covishield
12249,3751,16000,10747,5253,Arunachal Pradesh,Covishield
5150,37453,42603,34556,8047,Assam,Covishield
11434,20165,31599,27310,4289,Bihar,Covishield
14289,48510,62799,13305,49494,Chandigarh,Covishield
24728,31160,55888,44830,11058,Chhattisgarh,Covishield
25388,3951,29339,8819,20520,Dadra and Nagar Haveli and Daman and Diu,Covishield
35724,49625,85349,17917,67432,Delhi,Covishield
5575,36493,42068,28325,13743,Goa,Covishield
6351,22787,29138,15494,13644,Gujarat,Covishield
44693,4763,49456,14005,35451,Haryana,Covishield
8494,23797,32291,16930,15361,Himachal Pradesh,Covishield
24130,2678,26808,12501,14307,Jammu and Kashmir,Covishield
14399,1762,16161,15633,528,Jharkhand,Covishield
44936,21649,66585,6150,60435,Karnataka,Covishield
25435,5299,30734,23068,7666,Kerala,Covishield
25594,9457,35051,17628,17423,Ladakh,Covishield
34624,20048,54672,42839,11833,Madhya Pradesh,Covishield
4602,9499,14101,6367,7734,Maharashtra,Covishield
10455,22483,32938,30579,2359,Manipur,Covishield
49757,14215,63972,7896,56076,Meghalaya,Covishield
19735,46580,66315,35790,30525,Mizoram,Covishield
23833,6179,30012,11584,18428,Nagaland,Covishield
9554,44233,53787,12003,41784,Odisha,Covishield
29459,13152,42611,8565,34046,Puducherry,Covishield
33660,17401,51061,39884,11177,Punjab,Covishield
33734,2639,36373,31723,4650,Rajasthan,Covishield
38255,3531,41786,19220,22566,Sikkim,Covishield
15814,26545,42359,12872,29487,Tamil Nadu,Covishield
42774,34278,77052,48543,28509,Telengana,Covishield
4803,23517,28320,14798,13522,Tripura,Covishield
3802,4443,8245,6587,1658,Uttarakhand,Covishield
43241,28116,71357,55848,15509,Uttar Pradesh,Covishield
24488,44578,69066,57233,11833,West Bengal,Covishield
1699,48305,50004,31647,18357,Cases being reassigned to states,Covishield
35564,15539,51103,35635,15468,Andaman and Nicobar Islands,Covishield
37961,29023,66984,62187,4797,Andhra Pradesh,Covishield
28244,33437,61681,32888,28793,Arunachal Pradesh,Covishield
10666,3946,14612,6646,7966,Assam,Covishield
10330,14772,25102,16964,8138,Bihar,Covishield
37971,5264,43235,8436,34799,Chandigarh,Covishield
47878,35953,83831,37655,46176,Chhattisgarh,Covishield
48497,16730,65227,35424,29803,Dadra and Nagar Haveli and Daman and Diu,Covishield
25589,22895,48484,46189,2295,Delhi,Covishield
32836,43134,75970,8702,67268,Goa,Covishield
24620,22238,46858,9557,37301,Gujarat,Covishield
17536,12196,29732,5745,23987,Haryana,Covishield
46426,39613,86039,10598,75441,Himachal Pradesh,Covishield
19349,33443,52792,50396,2396,Jammu and Kashmir,Covishield
9173,6475,15648,7281,8367,Jharkhand,Covishield
27590,8919,36509,33695,2814,Karnataka,Covishield
18355,18162,36517,20272,16245,Kerala,Covishield
35316,49295,84611,15709,68902,Ladakh,Covishield
22333,5302,27635,18754,8881,Madhya Pradesh,Covishield
23543,42946,66489,40680,25809,Maharashtra,Covishield
37795,21037,58832,12814,46018,Manipur,Covishield
22079,43909,65988,62034,3954,Meghalaya,Covishield
16508,44032,60540,57822,2718,Mizoram,Covishield
39693,27121,66814,51627,15187,Nagaland,Covishield
20357,11665,32022,9940,22082,Odisha,Covishield
32834,11456,44290,31089,13201,Puducherry,Covishield
9526,41326,50852,44657,6195,Punjab,Covishield
18032,9331,27363,13718,13645,Rajasthan,Covishield
26068,28664,54732,35010,19722,Sikkim,Covishield
30937,24670,55607,8457,47150,Tamil Nadu,Covishield
15762,27804,43566,27847,15719,Telengana,Covishield
37384,35478,72862,6942,65920,Tripura,Covishield
46943,30663,77606,18877,58729,Uttarakhand,Covishield
46207,9682,55889,55589,300,Uttar Pradesh,Covishield
30501,15234,45735,38478,7257,West Bengal,Covishield
43487,4791,48278,7608,40670,Cases being reassigned to states,Covishield
46958,28895,75853,38753,37100,Andaman and Nicobar Islands,Covishield
2500,43141,45641,27329,18312,Andhra Pradesh,Covishield
27766,14788,42554,28708,13846,Arunachal Pradesh,Covishield
15188,20139,35327,15678,19649,Assam,Covishield
19870,3347,23217,18860,4357,Bihar,Covishield
40692,9017,49709,39415,10294,Chandigarh,Covishield
15969,15405,31374,6528,24846,Chhattisgarh,Covishield
43460,7914,51374,21988,29386,Dadra and Nagar Haveli and Daman and Diu,Covishield
12115,12965,25080,23828,1252,Delhi,Covishield
33565,5204,38769,28243,10526,Goa,Covishield
43702,36738,80440,32489,47951,Gujarat,Covishield
33437,33420,66857,59068,7789,Haryana,Covishield
43452,20017,63469,52189,11280,Himachal Pradesh,Covishield
33792,49101,82893,30830,52063,Jammu and Kashmir,Covishield
33376,48092,81468,54192,27276,Jharkhand,Covishield
44287,11717,56004,30492,25512,Karnataka,Covishield
9783,48470,58253,15677,42576,Kerala,Covishield
35903,39772,75675,68118,7557,Ladakh,Covishield
7229,49651,56880,50105,6775,Madhya Pradesh,Covishield
3296,28312,31608,28321,3287,Maharashtra,Covishield
40920,23076,63996,24973,39023,Manipur,Covishield
38811,17583,56394,51613,4781,Meghalaya,Covishield
38601,46482,85083,56513,28570,Mizoram,Covishield
23251,46209,69460,39625,29835,Nagaland,Covishield
42063,41352,83415,12639,70776,Odisha,Covishield
23912,12590,36502,27282,9220,Puducherry,Covishield
28274,22938,51212,18054,33158,Punjab,Covishield
17770,46385,64155,5115,59040,Rajasthan,Covishield
12723,6120,18843,9687,9156,Sikkim,Covishield
40255,13856,54111,23009,31102,Tamil Nadu,Covishield
44346,21163,65509,19195,46314,Telengana,Covishield
36563,2634,39197,9550,29647,Tripura,Covishield
46985,12003,58988,43570,15418,Uttarakhand,Covishield
44796,44681,89477,10900,78577,Uttar Pradesh,Covishield
44011,35307,79318,53212,26106,West Bengal,Covishield
11724,37441,49165,12370,36795,Cases being reassigned to states,Covishield
36559,24062,60621,24968,35653,Andaman and Nicobar Islands,Covishield
12441,35359,47800,5377,42423,Andhra Pradesh,Covishield
43693,21623,65316,17983,47333,Arunachal Pradesh,Covishield
20531,44551,65082,48760,16322,Assam,Covishield
30479,15582,46061,29639,16422,Bihar,Covishield
28488,34803,63291,44390,18901,Chandigarh,Covishield
40276,15440,55716,33144,22572,Chhattisgarh,Covishield
19209,34508,53717,19977,33740,Dadra and Nagar Haveli and Daman and Diu,Covishield
7026,44281,51307,27075,24232,Delhi,Covishield
38195,49072,87267,69152,18115,Goa,Covishield
15087,33290,48377,25039,23338,Gujarat,Covishield
46957,42911,89868,76245,13623,Haryana,Covishield
32438,17296,49734,33802,15932,Himachal Pradesh,Covishield
30904,19640,50544,46320,4224,Jammu and Kashmir,Covishield
41670,41582,83252,12860,70392,Jharkhand,Covishield
15264,15610,30874,19643,11231,Karnataka,Covishield
13158,12288,25446,7194,18252,Kerala,Covishield
9173,25308,34481,20262,14219,Ladakh,Covishield
44868,10675,55543,18377,37166,Madhya Pradesh,Covishield
14284,14278,28562,24423,4139,Maharashtra,Covishield
26263,38272,64535,7071,57464,Manipur,Covishield
8970,41460,50430,34141,16289,Meghalaya,Covishield
23497,38168,61665,47458,14207,Mizoram,Covishield
11248,21869,33117,14152,18965,Nagaland,Covishield
33229,36389,69618,6774,62844,Odisha,Covishield
5117,43168,48285,42766,5519,Puducherry,Covishield
31511,14096,45607,44575,1032,Punjab,Covishield
16727,4446,21173,12554,8619,Rajasthan,Covishield
8093,3137,11230,5078,6152,Sikkim,Covishield
22908,32621,55529,49823,5706,Tamil Nadu,Covishield
14273,2677,16950,15082,1868,Telengana,Covishield
34966,42820,77786,69094,8692,Tripura,Covishield
8052,48418,56470,42662,13808,Uttarakhand,Covishield
2305,36068,38373,5401,32972,Uttar Pradesh,Covishield
7889,49023,56912,31373,25539,West Bengal,Covishield
28065,32403,60468,47459,13009,Cases being reassigned to states,Covishield
3407,27783,31190,29725,1465,Andaman and Nicobar Islands,Covishield
35393,18784,54177,40713,13464,Andhra Pradesh,Covishield
28840,39608,68448,28665,39783,Arunachal Pradesh,Covishield
5907,2727,8634,5578,3056,Assam,Covishield
47660,14041,61701,49722,11979,Bihar,Covishield
44967,32090,77057,7393,69664,Chandigarh,Covishield
27513,6879,34392,23011,11381,Chhattisgarh,Covishield
33940,41331,75271,18349,56922,Dadra and Nagar Haveli and Daman and Diu,Covishield
46224,35791,82015,66506,15509,Delhi,Covishield
24316,13605,37921,24643,13278,Goa,Covishield
1601,39240,40841,37986,2855,Gujarat,Covishield
49180,30590,79770,12474,67296,Haryana,Covishield
14226,43726,57952,15462,42490,Himachal Pradesh,Covishield
39359,43828,83187,47089,36098,Jammu and Kashmir,Covishield
25040,2396,27436,20572,6864,Jharkhand,Covishield
32373,47956,80329,45985,34344,Karnataka,Covishield
11022,8195,19217,11125,8092,Kerala,Covishield
28228,26785,55013,42888,12125,Ladakh,Covishield
2291,21390,23681,13011,10670,Madhya Pradesh,Covishield
6514,35967,42481,9442,33039,Maharashtra,Covishield
47849,28110,75959,7262,68697,Manipur,Covishield
37097,29288,66385,24639,41746,Meghalaya,Covishield
38509,24483,62992,20217,42775,Mizoram,Covishield
40965,23620,64585,15433,49152,Nagaland,Covishield
18344,43254,61598,33940,27658,Odisha,Covishield
32041,39332,71373,46722,24651,Puducherry,Covishield
15428,25883,41311,16415,24896,Punjab,Covishield
38293,21328,59621,45656,13965,Rajasthan,Covishield
49470,3784,53254,14653,38601,Sikkim,Covishield
16209,37041,53250,33238,20012,Tamil Nadu,Covishield
37238,6666,43904,26021,17883,Telengana,Covishield
9166,12066,21232,19610,1622,Tripura,Covishield
21291,34186,55477,36081,19396,Uttarakhand,Covishield
17271,29653,46924,33816,13108,Uttar Pradesh,Covishield
16671,39075,55746,49513,6233,West Bengal,Covishield
38158,34402,72560,45347,27213,Cases being reassigned to states,Covishield
5488,15927,21415,19926,1489,Andaman and Nicobar Islands,Covishield
45046,18723,63769,26075,37694,Andhra Pradesh,Covishield
42126,47752,89878,14389,75489,Arunachal Pradesh,Covishield
4565,8106,12671,6212,6459,Assam,Covishield
16940,21591,38531,24810,13721,Bihar,Covishield
34002,48380,82382,45527,36855,Chandigarh,Covishield
12071,34471,46542,42200,4342,Chhattisgarh,Covishield
43832,27489,71321,46448,24873,Dadra and Nagar Haveli and Daman and Diu,Covishield
14791,42707,57498,11937,45561,Delhi,Covishield
46580,9465,56045,26908,29137,Goa,Covishield
10218,44293,54511,13603,40908,Gujarat,Covishield
48288,3300,51588,48874,2714,Haryana,Covishield
32166,34457,66623,59466,7157,Himachal Pradesh,Covishield
15258,16098,31356,9028,22328,Jammu and Kashmir,Covishield
32304,48814,81118,8065,73053,Jharkhand,Covishield
10530,29278,39808,30244,9564,Karnataka,Covishield
16769,2474,19243,5686,13557,Kerala,Covishield
49275,24927,74202,51218,22984,Ladakh,Covishield
4087,11256,15343,9660,5683,Madhya Pradesh,Covishield
10753,25511,36264,20407,15857,Maharashtra,Covishield
8122,30124,38246,12076,26170,Manipur,Covishield
2149,13416,15565,9416,6149,Meghalaya,Covishield
26067,13465,39532,11193,28339,Mizoram,Covishield
11860,11871,23731,16213,7518,Nagaland,Covishield
32003,23657,55660,21639,34021,Odisha,Covishield
6010,46385,52395,39078,13317,Puducherry,Covishield
47721,42158,89879,72250,17629,Punjab,Covishield
22716,24983,47699,29585,18114,Rajasthan,Covishield
23105,29386,52491,38688,13803,Sikkim,Covishield
39234,47147,86381,28177,58204,Tamil Nadu,Covishield
22118,31156,53274,12643,40631,Telengana,Covishield
27597,8218,35815,18669,17146,Tripura,Covishield
26722,35820,62542,39233,23309,Uttarakhand,Covishield
46817,46655,93472,28190,65282,Uttar Pradesh,Covishield
38884,15836,54720,25221,29499,West Bengal,Covishield
12838,9424,22262,21879,383,Cases being reassigned to states,Covishield
23756,11488,35244,9196,26048,Andaman and Nicobar Islands,Covishield
38176,30721,68897,23342,45555,Andhra Pradesh,Covishield
6471,13741,20212,19936,276,Arunachal Pradesh,Covishield
34363,4874,39237,12573,26664,Assam,Covishield
2444,15430,17874,9689,8185,Bihar,Covishield
48748,8516,57264,10835,46429,Chandigarh,Covishield
19447,27655,47102,22108,24994,Chhattisgarh,Covishield
14327,38072,52399,16938,35461,Dadra and Nagar Haveli and Daman and Diu,Covishield
39354,35062,74416,20126,54290,Delhi,Covishield
2962,46461,49423,20376,29047,Goa,Covishield
21707,17145,38852,23756,15096,Gujarat,Covishield
33077,43280,76357,29980,46377,Haryana,Covishield
13292,23893,37185,32505,4680,Himachal Pradesh,Covishield
13053,21472,34525,16019,18506,Jammu and Kashmir,Covishield
16285,38560,54845,37177,17668,Jharkhand,Covishield
4408,15898,20306,8834,11472,Karnataka,Covishield
15253,34828,50081,25230,24851,Kerala,Covishield
7570,44304,51874,32519,19355,Ladakh,Covishield
19451,29235,48686,32719,15967,Madhya Pradesh,Covishield
37432,29264,66696,49024,17672,Maharashtra,Covishield
28032,24900,52932,9652,43280,Manipur,Covishield
49898,31559,81457,9192,72265,Meghalaya,Covishield
23371,9765,33136,31335,1801,Mizoram,Covishield
47903,28031,75934,41383,34551,Nagaland,Covishield
23762,6090,29852,5991,23861,Odisha,Covishield
8988,7792,16780,10577,6203,Puducherry,Covishield
39698,27899,67597,21743,45854,Punjab,Covishield
25719,16701,42420,13282,29138,Rajasthan,Covishield
45062,21027,66089,13448,52641,Sikkim,Covishield
32784,36656,69440,28592,40848,Tamil Nadu,Covishield
11034,28410,39444,30165,9279,Telengana,Covishield
4484,16937,21421,16015,5406,Tripura,Covishield
31680,42347,74027,30882,43145,Uttarakhand,Covishield
6505,17714,24219,19657,4562,Uttar Pradesh,Covishield
26083,22899,48982,34268,14714,West Bengal,Covishield
35176,34513,69689,59404,10285,Cases being reassigned to states,Covishield
10181,37618,47799,22055,25744,Andaman and Nicobar Islands,Covishield
16604,2030,18634,11993,6641,Andhra Pradesh,Covishield
24156,3804,27960,17866,10094,Arunachal Pradesh,Covishield
10908,11067,21975,5722,16253,Assam,Covishield
3269,39134,42403,17700,24703,Bihar,Covishield
37357,37203,74560,17198,57362,Chandigarh,Covishield
22890,16862,39752,39609,143,Chhattisgarh,Covishield
12623,29418,42041,20974,21067,Dadra and Nagar Haveli and Daman and Diu,Covishield
8927,41709,50636,8994,41642,Delhi,Covishield
34193,20670,54863,48616,6247,Goa,Covishield
27795,9436,37231,14021,23210,Gujarat,Covishield
28519,17943,46462,24240,22222,Haryana,Covishield
23771,16641,40412,9789,30623,Himachal Pradesh,Covishield
48919,9310,58229,27465,30764,Jammu and Kashmir,Covishield
29873,47290,77163,11015,66148,Jharkhand,Covishield
18115,17930,36045,32113,3932,Karnataka,Covishield
21927,31049,52976,19967,33009,Kerala,Covishield
7136,4871,12007,7402,4605,Ladakh,Covishield
34642,49629,84271,31356,52915,Madhya Pradesh,Covishield
40033,17397,57430,47216,10214,Maharashtra,Covishield
12153,24819,36972,22590,14382,Manipur,Covishield
47566,5051,52617,26188,26429,Meghalaya,Covishield
11763,32819,44582,24539,20043,Mizoram,Covishield
6131,46713,52844,33372,19472,Nagaland,Covishield
43159,13989,57148,18095,39053,Odisha,Covishield
33200,30717,63917,12101,51816,Puducherry,Covishield
21777,47301,69078,57510,11568,Punjab,Covishield
22221,20611,42832,17583,25249,Rajasthan,Covishield
5529,44596,50125,8586,41539,Sikkim,Covishield
10194,5263,15457,12748,2709,Tamil Nadu,Covishield
40291,3714,44005,24005,20000,Telengana,Covishield
2710,36541,39251,8301,30950,Tripura,Covishield
42263,5612,47875,21097,26778,Uttarakhand,Covishield
24368,29519,53887,5619,48268,Uttar Pradesh,Covishield
43688,19788,63476,49559,13917,West Bengal,Covishield
30852,8825,39677,12550,27127,Cases being reassigned to states,Covishield
16986,13454,30440,23793,6647,Andaman and Nicobar Islands,Covishield
44441,40744,85185,76047,9138,Andhra Pradesh,Covishield
27677,10962,38639,14537,24102,Arunachal Pradesh,Covishield
26913,33671,60584,22985,37599,Assam,Covishield
8664,6840,15504,8737,6767,Bihar,Covishield
48545,49922,98467,63104,35363,Chandigarh,Covishield
9515,43895,53410,6152,47258,Chhattisgarh,Covishield
29616,47500,77116,31976,45140,Dadra and Nagar Haveli and Daman and Diu,Covishield
11926,37957,49883,7178,42705,Delhi,Covishield
18082,45617,63699,31536,32163,Goa,Covishield
25183,37965,63148,60262,2886,Gujarat,Covishield
41198,21274,62472,56237,6235,Haryana,Covishield
23031,14204,37235,23305,13930,Himachal Pradesh,Covishield
26472,40773,67245,5687,61558,Jammu and Kashmir,Covishield
28247,30119,58366,35039,23327,Jharkhand,Covishield
45069,8439,53508,16507,37001,Karnataka,Covishield
4100,3609,7709,5228,2481,Kerala,Covishield
19754,16145,35899,22881,13018,Ladakh,Covishield
28611,30780,59391,58016,1375,Madhya Pradesh,Covishield
21974,2352,24326,21774,2552,Maharashtra,Covishield
6062,2923,8985,8189,796,Manipur,Covishield
2234,44942,47176,27305,19871,Meghalaya,Covishield
10158,42740,52898,5627,47271,Mizoram,Covishield
7485,45899,53384,17018,36366,Nagaland,Covishield
9275,41815,51090,39883,11207,Odisha,Covishield
30522,28152,58674,25431,33243,Puducherry,Covishield
43131,30087,73218,58625,14593,Punjab,Covishield
1886,44570,46456,20744,25712,Rajasthan,Covishield
8875,23484,32359,18990,13369,Sikkim,Covishield
33700,14171,47871,29853,18018,Tamil Nadu,Covishield
15870,30091,45961,34034,11927,Telengana,Covishield
14319,7928,22247,15058,7189,Tripura,Covishield
46563,48565,95128,83825,11303,Uttarakhand,Covishield
31023,48048,79071,21955,57116,Uttar Pradesh,Covishield
2540,35834,38374,19245,19129,West Bengal,Covishield
3611,20618,24229,13278,10951,Cases being reassigned to states,Covishield
37068,7814,44882,36377,8505,Andaman and Nicobar Islands,Covishield
14447,21718,36165,10943,25222,Andhra Pradesh,Covishield
24677,30056,54733,40812,13921,Arunachal Pradesh,Covishield
48997,10242,59239,51056,8183,Assam,Covishield
42626,48775,91401,32546,58855,Bihar,Covishield
21865,1866,23731,18941,4790,Chandigarh,Covishield
40976,39377,80353,10215,70138,Chhattisgarh,Covishield
17576,3140,20716,5553,15163,Dadra and Nagar Haveli and Daman and Diu,Covishield
27202,33684,60886,27226,33660,Delhi,Covishield
35518,26396,61914,21084,40830,Goa,Covishield
44037,3857,47894,40753,7141,Gujarat,Covishield
47615,33546,81161,60333,20828,Haryana,Covishield
18217,37799,56016,48370,7646,Himachal Pradesh,Covishield
28664,35376,64040,18819,45221,Jammu and Kashmir,Covishield
14075,22474,36549,35753,796,Jharkhand,Covishield
14003,48946,62949,5688,57261,Karnataka,Covishield
23503,49450,72953,42708,30245,Kerala,Covishield
20594,43659,64253,63672,581,Ladakh,Covishield
18106,20598,38704,25578,13126,Madhya Pradesh,Covishield
4595,26307,30902,11884,19018,Maharashtra,Covishield
22977,32437,55414,19410,36004,Manipur,Covishield
20155,34925,55080,33604,21476,Meghalaya,Covishield
37443,47994,85437,41773,43664,Mizoram,Covishield
30883,22523,53406,34900,18506,Nagaland,Covishield
46815,3202,50017,43621,6396,Odisha,Covishield
7686,47386,55072,16368,38704,Puducherry,Covishield
29710,3256,32966,25461,7505,Punjab,Covishield
31875,29063,60938,10102,50836,Rajasthan,Covishield
34298,28466,62764,14174,48590,Sikkim,Covishield
5431,4971,10402,8811,1591,Tamil Nadu,Covishield
17444,40646,58090,13555,44535,Telengana,Covishield
47761,24471,72232,45172,27060,Tripura,Covishield
44205,38084,82289,11524,70765,Uttarakhand,Covishield
36802,36229,73031,20307,52724,Uttar Pradesh,Covishield
49406,28412,77818,51074,26744,West Bengal,Covishield
11913,7850,19763,9812,9951,Cases being reassigned to states,Covishield
13205,16924,30129,12047,18082,Andaman and Nicobar Islands,Covishield
10381,8684,19065,13053,6012,Andhra Pradesh,Covishield
29998,14336,44334,35683,8651,Arunachal Pradesh,Covishield
38160,32098,70258,66650,3608,Assam,Covishield
3428,16741,20169,8901,11268,Bihar,Covishield
49062,40091,89153,87929,1224,Chandigarh,Covishield
24637,6525,31162,16268,14894,Chhattisgarh,Covishield
37300,13376,50676,16329,34347,Dadra and Nagar Haveli and Daman and Diu,Covishield
14297,7747,22044,6260,15784,Delhi,Covishield
26580,6319,32899,24646,8253,Goa,Covishield
4434,8784,13218,10481,2737,Gujarat,Covishield
24742,4512,29254,14840,14414,Haryana,Covishield
38521,33970,72491,41137,31354,Himachal Pradesh,Covishield
45278,1746,47024,38331,8693,Jammu and Kashmir,Covishield
2639,45471,48110,15853,32257,Jharkhand,Covishield
4239,15573,19812,18504,1308,Karnataka,Covishield
27680,9978,37658,13137,24521,Kerala,Covishield
31453,10323,41776,24352,17424,Ladakh,Covishield
47454,19855,67309,6894,60415,Madhya Pradesh,Covishield
11518,32067,43585,19147,24438,Maharashtra,Covishield
28853,34776,63629,30475,33154,Manipur,Covishield
33606,31608,65214,33385,31829,Meghalaya,Covishield
47455,49033,96488,7874,88614,Mizoram,Covishield
45687,13562,59249,15062,44187,Nagaland,Covishield
41595,36106,77701,38228,39473,Odisha,Covishield
47962,48037,95999,32097,63902,Puducherry,Covishield
21227,19611,40838,26177,14661,Punjab,Covishield
46815,3017,49832,12172,37660,Rajasthan,Covishield
32972,37634,70606,7395,63211,Sikkim,Covishield
30383,44002,74385,6114,68271,Tamil Nadu,Covishield
37116,6676,43792,38706,5086,Telengana,Covishield
37608,15242,52850,28200,24650,Tripura,Covishield
34401,7147,41548,18705,22843,Uttarakhand,Covishield
18802,44396,63198,49359,13839,Uttar Pradesh,Covishield
1835,7260,9095,5971,3124,West Bengal,Covishield
17670,14218,31888,8483,23405,Cases being reassigned to states,Covishield
29602,12446,42048,32744,9304,Andaman and Nicobar Islands,Covishield
30263,18389,48652,5713,42939,Andhra Pradesh,Covishield
32967,39274,72241,18640,53601,Arunachal Pradesh,Covishield
23145,31303,54448,24706,29742,Assam,Covishield
22754,15538,38292,34944,3348,Bihar,Covishield
3765,22386,26151,21605,4546,Chandigarh,Covishield
26130,42325,68455,29058,39397,Chhattisgarh,Covishield
7309,21848,29157,11476,17681,Dadra and Nagar Haveli and Daman and Diu,Covishield
34048,20412,54460,22959,31501,Delhi,Covishield
49266,31181,80447,38317,42130,Goa,Covishield
10937,45899,56836,11804,45032,Gujarat,Covishield
2231,7220,9451,7426,2025,Haryana,Covishield
31359,39988,71347,36239,35108,Himachal Pradesh,Covishield
14572,41107,55679,52837,2842,Jammu and Kashmir,Covishield
45528,19602,65130,15129,50001,Jharkhand,Covishield
19129,12948,32077,24781,7296,Karnataka,Covishield
45891,17332,63223,57742,5481,Kerala,Covishield
42432,12979,55411,50759,4652,Ladakh,Covishield
46039,48188,94227,92312,1915,Madhya Pradesh,Covishield
15616,1826,17442,17240,202,Maharashtra,Covishield
44284,42405,86689,21677,65012,Manipur,Covishield
46587,38407,84994,46819,38175,Meghalaya,Covishield
10215,19647,29862,29317,545,Mizoram,Covishield
18098,28287,46385,22159,24226,Nagaland,Covishield
31439,28715,60154,38840,21314,Odisha,Covishield
29104,7344,36448,33656,2792,Puducherry,Covishield
12825,31569,44394,9520,34874,Punjab,Covishield
45676,8194,53870,9207,44663,Rajasthan,Covishield
26835,38186,65021,24113,40908,Sikkim,Covishield
10150,7363,17513,10728,6785,Tamil Nadu,Covishield
41758,1786,43544,32907,10637,Telengana,Covishield
41964,23533,65497,30726,34771,Tripura,Covishield
41811,5949,47760,5133,42627,Uttarakhand,Covishield
14705,2403,17108,13268,3840,Uttar Pradesh,Covishield
12737,10944,23681,21768,1913,West Bengal,Covishield
14515,5215,19730,14465,5265,Cases being reassigned to states,Covishield
13194,33123,46317,23759,22558,Andaman and Nicobar Islands,Covishield
18265,23784,42049,14802,27247,Andhra Pradesh,Covishield
2907,34783,37690,11156,26534,Arunachal Pradesh,Covishield
37024,29963,66987,32914,34073,Assam,Covishield
4283,16006,20289,9072,11217,Bihar,Covishield
26306,1922,28228,17142,11086,Chandigarh,Covishield
47220,36722,83942,82428,1514,Chhattisgarh,Covishield
20413,12014,32427,5342,27085,Dadra and Nagar Haveli and Daman and Diu,Covishield
18588,30476,49064,39040,10024,Daman & Diu,Covishield
17636,45072,62708,14265,48443,Delhi,Covishield
11410,14091,25501,8368,17133,Goa,Covishield
29049,33060,62109,36033,26076,Gujarat,Covishield
14427,15603,30030,25801,4229,Haryana,Covishield
15138,26940,42078,6504,35574,Himachal Pradesh,Covishield
32467,46626,79093,16577,62516,Jammu and Kashmir,Covishield
36694,19282,55976,46479,9497,Jharkhand,Covishield
25030,9192,34222,5560,28662,Karnataka,Covishield
32541,29030,61571,19013,42558,Kerala,Covishield
35833,42088,77921,45371,32550,Ladakh,Covishield
45869,14874,60743,58996,1747,Madhya Pradesh,Covishield
37375,40948,78323,11712,66611,Maharashtra,Covishield
11171,29993,41164,5187,35977,Manipur,Covishield
3623,17238,20861,13932,6929,Meghalaya,Covishield
9375,3688,13063,6759,6304,Mizoram,Covishield
20190,42464,62654,13094,49560,Nagaland,Covishield
8079,35205,43284,25401,17883,Odisha,Covishield
6873,4976,11849,8382,3467,Puducherry,Covishield
9135,41673,50808,32618,18190,Punjab,Covishield
28736,20901,49637,30990,18647,Rajasthan,Covishield
40801,27594,68395,39668,28727,Sikkim,Covishield
32057,5029,37086,20706,16380,Tamil Nadu,Covishield
13731,12990,26721,7752,18969,Telengana,Covishield
21719,31496,53215,47362,5853,Tripura,Covishield
28467,46877,75344,64519,10825,Uttarakhand,Covishield
26001,19964,45965,35785,10180,Uttar Pradesh,Covishield
21849,31169,53018,47422,5596,West Bengal,Covishield
38126,37301,75427,53346,22081,Cases being reassigned to states,Covishield
43401,28951,72352,48847,23505,Andaman and Nicobar Islands,Covishield
39599,2276,41875,35821,6054,Andhra Pradesh,Covishield
7068,25673,32741,16960,15781,Arunachal Pradesh,Covishield
41511,18000,59511,8286,51225,Assam,Covishield
28623,5699,34322,17354,16968,Bihar,Covishield
49970,47273,97243,84657,12586,Chandigarh,Covishield
48330,2892,51222,50463,759,Chhattisgarh,Covishield
39943,32597,72540,38774,33766,Dadra and Nagar Haveli and Daman and Diu,Covishield
4681,8827,13508,12523,985,Delhi,Covishield
7458,21177,28635,9276,19359,Goa,Covishield
3297,26037,29334,9550,19784,Gujarat,Covishield
38189,34270,72459,44199,28260,Haryana,Covishield
34409,13151,47560,41161,6399,Himachal Pradesh,Covishield
11844,33503,45347,38395,6952,Jammu and Kashmir,Covishield
30458,14748,45206,17585,27621,Jharkhand,Covishield
5292,47114,52406,12410,39996,Karnataka,Covishield
46178,16210,62388,24311,38077,Kerala,Covishield
18378,12993,31371,13384,17987,Ladakh,Covishield
22929,1590,24519,14346,10173,Madhya Pradesh,Covishield
22583,29059,51642,34504,17138,Maharashtra,Covishield
27840,21130,48970,21351,27619,Manipur,Covishield
15078,22709,37787,37708,79,Meghalaya,Covishield
15152,35007,50159,43807,6352,Mizoram,Covishield
43208,7072,50280,13535,36745,Nagaland,Covishield
4011,39547,43558,9952,33606,Odisha,Covishield
5494,5597,11091,5153,5938,Puducherry,Covishield
36199,1535,37734,11288,26446,Punjab,Covishield
36040,35298,71338,55809,15529,Rajasthan,Covishield
21637,41833,63470,62819,651,Sikkim,Covishield
21556,28871,50427,32566,17861,Tamil Nadu,Covishield
20635,32216,52851,39116,13735,Telengana,Covishield
18337,17471,35808,34430,1378,Tripura,Covishield
30361,7624,37985,6074,31911,Uttarakhand,Covishield
38695,41383,80078,43501,36577,Uttar Pradesh,Covishield
31725,33160,64885,44681,20204,West Bengal,Covishield
34651,22799,57450,53508,3942,Cases being reassigned to states,Covishield
11141,38135,49276,33698,15578,Andaman and Nicobar Islands,Covishield
44064,7295,51359,40084,11275,Andhra Pradesh,Covishield
26612,26535,53147,38725,14422,Arunachal Pradesh,Covishield
37024,40006,77030,28670,48360,Assam,Covishield
38294,26919,65213,39975,25238,Bihar,Covishield
23931,2738,26669,21046,5623,Chandigarh,Covishield
23539,49395,72934,33118,39816,Chhattisgarh,Covishield
38391,13838,52229,16150,36079,Dadra and Nagar Haveli and Daman and Diu,Covishield
39876,28070,67946,38264,29682,Delhi,Covishield
21724,34058,55782,39997,15785,Goa,Covishield
29137,25799,54936,12090,42846,Gujarat,Covishield
26881,22762,49643,31489,18154,Haryana,Covishield
24195,13766,37961,20674,17287,Himachal Pradesh,Covishield
1585,41507,43092,15302,27790,Jammu and Kashmir,Covishield
12073,22699,34772,5377,29395,Jharkhand,Covishield
2389,21985,24374,24364,10,Karnataka,Covishield
19890,28886,48776,20389,28387,Kerala,Covishield
2936,20730,23666,12089,11577,Ladakh,Covishield
17389,31110,48499,38818,9681,Madhya Pradesh,Covishield
26499,13562,40061,11171,28890,Maharashtra,Covishield
33243,36533,69776,50993,18783,Manipur,Covishield
28183,27441,55624,11441,44183,Meghalaya,Covishield
8360,25266,33626,23461,10165,Mizoram,Covishield
31482,40269,71751,16095,55656,Nagaland,Covishield
33565,14633,48198,7328,40870,Odisha,Covishield
18785,44574,63359,54764,8595,Puducherry,Covishield
40956,19678,60634,57705,2929,Punjab,Covishield
2823,25461,28284,21517,6767,Rajasthan,Covishield
49953,5084,55037,22932,32105,Sikkim,Covishield
20092,19965,40057,8948,31109,Tamil Nadu,Covishield
4743,34048,38791,9560,29231,Telengana,Covishield
43045,44004,87049,35832,51217,Tripura,Covishield
42219,30425,72644,25606,47038,Uttarakhand,Covishield
44088,37897,81985,23048,58937,Uttar Pradesh,Covishield
45416,26425,71841,60017,11824,West Bengal,Covishield
17631,40684,58315,40290,18025,Cases being reassigned to states,Covishield
19470,10718,30188,15164,15024,Andaman and Nicobar Islands,Covishield
40400,40682,81082,64356,16726,Andhra Pradesh,Covishield
47419,21095,68514,7757,60757,Arunachal Pradesh,Covishield
1667,1522,3189,#NUM!,#NUM!,Assam,Covishield
7596,46993,54589,27093,27496,Bihar,Covishield
18310,43127,61437,46907,14530,Chandigarh,Covishield
32135,18726,50861,49002,1859,Chhattisgarh,Covishield
5429,7013,12442,6893,5549,Dadra and Nagar Haveli and Daman and Diu,Covishield
25115,45278,70393,25399,44994,Delhi,Covishield
32337,22429,54766,38980,15786,Goa,Covishield
17671,25834,43505,20356,23149,Gujarat,Covishield
22093,46681,68774,62101,6673,Haryana,Covishield
22404,12131,34535,8741,25794,Himachal Pradesh,Covishield
41653,24593,66246,64126,2120,Jammu and Kashmir,Sputnik
25372,26921,52293,31384,20909,Jharkhand,Sputnik
46256,36772,83028,23795,59233,Karnataka,Sputnik
42167,31946,74113,43192,30921,Kerala,Sputnik
31014,29725,60739,22804,37935,Ladakh,Sputnik
13693,40096,53789,31169,22620,Madhya Pradesh,Sputnik
20946,44910,65856,29168,36688,Maharashtra,Sputnik
15233,48679,63912,22088,41824,Manipur,Sputnik
26083,5641,31724,14875,16849,Meghalaya,Sputnik
2221,13821,16042,5430,10612,Mizoram,Sputnik
2966,22965,25931,17436,8495,Nagaland,Sputnik
2479,17261,19740,10915,8825,Odisha,Sputnik
45996,8450,54446,25248,29198,Puducherry,Sputnik
18889,37367,56256,16492,39764,Punjab,Sputnik
42907,27029,69936,53217,16719,Rajasthan,Sputnik
15563,7720,23283,21234,2049,Sikkim,Sputnik
30001,8491,38492,36341,2151,Tamil Nadu,Sputnik
29202,49822,79024,22046,56978,Telengana,Sputnik
5822,4596,10418,6972,3446,Tripura,Sputnik
8899,28490,37389,16365,21024,Uttarakhand,Sputnik
39945,23748,63693,41644,22049,Uttar Pradesh,Sputnik
30053,34003,64056,32520,31536,West Bengal,Sputnik
28820,34470,63290,32333,30957,Cases being reassigned to states,Sputnik
41252,17429,58681,39321,19360,Andaman and Nicobar Islands,Sputnik
15215,1599,16814,15065,1749,Andhra Pradesh,Sputnik
5751,17520,23271,14790,8481,Arunachal Pradesh,Sputnik
32573,45703,78276,10231,68045,Assam,Sputnik
9719,49600,59319,58752,567,Bihar,Sputnik
24377,10059,34436,23883,10553,Chandigarh,Sputnik
34937,3678,38615,17800,20815,Chhattisgarh,Sputnik
8038,23624,31662,20374,11288,Dadra and Nagar Haveli and Daman and Diu,Sputnik
32902,16295,49197,21397,27800,Delhi,Sputnik
6120,19198,25318,23473,1845,Goa,Sputnik
11119,39875,50994,37399,13595,Gujarat,Sputnik
10267,33500,43767,10482,33285,Haryana,Sputnik
30293,44084,74377,55697,18680,Himachal Pradesh,Sputnik
40155,19641,59796,7165,52631,Jammu and Kashmir,Sputnik
20388,30316,50704,17954,32750,Jharkhand,Sputnik
43956,8575,52531,25657,26874,Karnataka,Sputnik
37976,23664,61640,59145,2495,Kerala,Sputnik
23443,41265,64708,43812,20896,Ladakh,Sputnik
44450,14874,59324,54790,4534,Madhya Pradesh,Sputnik
12986,33415,46401,43460,2941,Maharashtra,Sputnik
12547,18355,30902,16914,13988,Manipur,Sputnik
42205,18840,61045,52674,8371,Meghalaya,Sputnik
26930,24803,51733,47609,4124,Mizoram,Sputnik
11293,35361,46654,20335,26319,Nagaland,Sputnik
8186,25751,33937,23513,10424,Odisha,Sputnik
43667,28520,72187,26070,46117,Puducherry,Sputnik
43037,32985,76022,7740,68282,Punjab,Sputnik
2329,41896,44225,25722,18503,Rajasthan,Sputnik
34470,10989,45459,43962,1497,Sikkim,Sputnik
46752,45809,92561,51804,40757,Tamil Nadu,Sputnik
48159,30538,78697,30435,48262,Telengana,Sputnik
20333,25420,45753,34981,10772,Tripura,Sputnik
11787,25305,37092,15204,21888,Uttarakhand,Sputnik
42049,6268,48317,5572,42745,Uttar Pradesh,Sputnik
13863,45768,59631,33585,26046,West Bengal,Sputnik
42784,35156,77940,21595,56345,Cases being reassigned to states,Sputnik
20632,41387,62019,5977,56042,Andaman and Nicobar Islands,Sputnik
11957,29370,41327,40564,763,Andhra Pradesh,Sputnik
3868,46308,50176,38070,12106,Arunachal Pradesh,Sputnik
12107,49967,62074,7123,54951,Assam,Sputnik
29022,26960,55982,24141,31841,Bihar,Sputnik
45203,42154,87357,12463,74894,Chandigarh,Sputnik
1987,7208,9195,8390,805,Chhattisgarh,Sputnik
7266,34427,41693,12001,29692,Dadra and Nagar Haveli and Daman and Diu,Sputnik
6238,28684,34922,17463,17459,Delhi,Sputnik
23527,49716,73243,63881,9362,Goa,Sputnik
25571,11659,37230,11204,26026,Gujarat,Sputnik
47902,46600,94502,63655,30847,Haryana,Sputnik
45980,17904,63884,38243,25641,Himachal Pradesh,Sputnik
36423,38191,74614,64605,10009,Jammu and Kashmir,Sputnik
47030,40206,87236,7456,79780,Jharkhand,Sputnik
38366,35010,73376,60712,12664,Karnataka,Sputnik
21748,16928,38676,27681,10995,Kerala,Sputnik
22138,6295,28433,27832,601,Ladakh,Sputnik
35547,27933,63480,36930,26550,Madhya Pradesh,Sputnik
2512,38389,40901,28726,12175,Maharashtra,Sputnik
30917,39844,70761,53044,17717,Manipur,Sputnik
20159,21158,41317,12215,29102,Meghalaya,Sputnik
47909,26776,74685,11015,63670,Mizoram,Sputnik
32548,47701,80249,23112,57137,Nagaland,Sputnik
12568,36265,48833,12590,36243,Odisha,Sputnik
39407,41419,80826,78610,2216,Puducherry,Sputnik
35309,26944,62253,24079,38174,Punjab,Sputnik
9232,28171,37403,7598,29805,Rajasthan,Sputnik
27242,17872,45114,26599,18515,Sikkim,Sputnik
17849,39580,57429,10075,47354,Tamil Nadu,Sputnik
11847,21386,33233,10429,22804,Telengana,Sputnik
9576,2546,12122,6935,5187,Tripura,Sputnik
13232,24375,37607,5087,32520,Uttarakhand,Sputnik
14954,30669,45623,26121,19502,Uttar Pradesh,Sputnik
38733,1802,40535,5118,35417,West Bengal,Sputnik
15935,1719,17654,14739,2915,Cases being reassigned to states,Sputnik
48983,7243,56226,47196,9030,Andaman and Nicobar Islands,Sputnik
15673,18632,34305,16878,17427,Andhra Pradesh,Sputnik
28546,49154,77700,65545,12155,Arunachal Pradesh,Sputnik
9609,5045,14654,14240,414,Assam,Sputnik
21180,42497,63677,53460,10217,Bihar,Sputnik
25921,7687,33608,11164,22444,Chandigarh,Sputnik
20185,38029,58214,46851,11363,Chhattisgarh,Sputnik
15544,1905,17449,6114,11335,Dadra and Nagar Haveli and Daman and Diu,Sputnik
4959,43769,48728,37107,11621,Delhi,Sputnik
33644,27105,60749,44880,15869,Goa,Sputnik
29326,37002,66328,54411,11917,Gujarat,Sputnik
47447,21716,69163,51724,17439,Haryana,Sputnik
35398,15757,51155,38373,12782,Himachal Pradesh,Sputnik
33221,12138,45359,14921,30438,Jammu and Kashmir,Sputnik
15262,15991,31253,8831,22422,Jharkhand,Sputnik
3113,13183,16296,5346,10950,Karnataka,Sputnik
28156,42960,71116,63497,7619,Kerala,Sputnik
22547,41583,64130,30373,33757,Ladakh,Sputnik
42876,10579,53455,53419,36,Madhya Pradesh,Sputnik
37445,29437,66882,10060,56822,Maharashtra,Sputnik
25330,36995,62325,38595,23730,Manipur,Sputnik
2716,27079,29795,20082,9713,Meghalaya,Sputnik
3647,22996,26643,8028,18615,Mizoram,Sputnik
49494,14440,63934,27224,36710,Nagaland,Sputnik
36993,3313,40306,19538,20768,Odisha,Sputnik
29981,23839,53820,53557,263,Puducherry,Sputnik
2972,2263,5235,5039,196,Punjab,Sputnik
12879,39172,52051,41450,10601,Rajasthan,Sputnik
14277,28060,42337,6003,36334,Sikkim,Sputnik
36352,3516,39868,21335,18533,Tamil Nadu,Sputnik
22268,48941,71209,7934,63275,Telengana,Sputnik
34706,44689,79395,10500,68895,Tripura,Sputnik
1671,14046,15717,9057,6660,Uttarakhand,Sputnik
25377,12833,38210,6867,31343,Uttar Pradesh,Sputnik
41128,6705,47833,38777,9056,West Bengal,Sputnik
10910,22224,33134,9079,24055,Cases being reassigned to states,Sputnik
12492,39399,51891,6722,45169,Andaman and Nicobar Islands,Sputnik
18184,44119,62303,33960,28343,Andhra Pradesh,Sputnik
10742,34956,45698,33570,12128,Arunachal Pradesh,Sputnik
34432,46791,81223,15647,65576,Assam,Sputnik
20130,41759,61889,32667,29222,Bihar,Sputnik
27069,42914,69983,6977,63006,Chandigarh,Sputnik
36815,25765,62580,15171,47409,Chhattisgarh,Sputnik
4966,32481,37447,16601,20846,Dadra and Nagar Haveli and Daman and Diu,Sputnik
40167,33562,73729,26406,47323,Delhi,Sputnik
41164,14999,56163,32974,23189,Goa,Sputnik
43897,8421,52318,49130,3188,Gujarat,Sputnik
3381,16452,19833,16657,3176,Haryana,Sputnik
17804,45235,63039,34928,28111,Himachal Pradesh,Sputnik
43076,39401,82477,23298,59179,Jammu and Kashmir,Sputnik
39700,14216,53916,13056,40860,Jharkhand,Sputnik
13229,19954,33183,12936,20247,Karnataka,Sputnik
17396,45229,62625,20640,41985,Kerala,Sputnik
15225,47556,62781,47959,14822,Ladakh,Sputnik
9736,29709,39445,36089,3356,Madhya Pradesh,Sputnik
47189,47758,94947,6657,88290,Maharashtra,Sputnik
13222,4779,18001,11018,6983,Manipur,Sputnik
9421,11806,21227,21172,55,Meghalaya,Sputnik
46636,37416,84052,73192,10860,Mizoram,Sputnik
10487,39129,49616,32957,16659,Nagaland,Sputnik
23772,45668,69440,42875,26565,Odisha,Sputnik
19104,19950,39054,12132,26922,Puducherry,Sputnik
22211,18558,40769,30926,9843,Punjab,Sputnik
19244,27018,46262,28187,18075,Rajasthan,Sputnik
6307,8032,14339,13049,1290,Sikkim,Sputnik
35525,2067,37592,36103,1489,Tamil Nadu,Sputnik
49007,42102,91109,78873,12236,Telengana,Sputnik
22577,34604,57181,39664,17517,Tripura,Sputnik
4909,43467,48376,32341,16035,Uttarakhand,Sputnik
48513,8184,56697,17960,38737,Uttar Pradesh,Sputnik
21874,26468,48342,8407,39935,West Bengal,Sputnik
7462,20418,27880,19789,8091,Cases being reassigned to states,Sputnik
10547,10829,21376,20421,955,Andaman and Nicobar Islands,Sputnik
18610,7376,25986,5269,20717,Andhra Pradesh,Sputnik
38700,36994,75694,30359,45335,Arunachal Pradesh,Sputnik
33674,41536,75210,47962,27248,Assam,Sputnik
25783,16618,42401,41076,1325,Bihar,Sputnik
18493,38923,57416,46152,11264,Chandigarh,Sputnik
44701,33128,77829,59628,18201,Chhattisgarh,Sputnik
15627,11250,26877,16345,10532,Dadra and Nagar Haveli and Daman and Diu,Sputnik
17953,9155,27108,17117,9991,Delhi,Sputnik
44014,14344,58358,7040,51318,Goa,Sputnik
13243,21440,34683,21841,12842,Gujarat,Sputnik
3023,11231,14254,7461,6793,Haryana,Sputnik
48199,46428,94627,19851,74776,Himachal Pradesh,Sputnik
16960,5452,22412,8690,13722,Jammu and Kashmir,Sputnik
47964,46785,94749,36697,58052,Jharkhand,Sputnik
24573,27687,52260,12820,39440,Karnataka,Sputnik
22903,10147,33050,30677,2373,Kerala,Sputnik
30369,41588,71957,10918,61039,Ladakh,Sputnik
38365,14766,53131,40263,12868,Madhya Pradesh,Sputnik
39610,37298,76908,11969,64939,Maharashtra,Sputnik
37009,8382,45391,34336,11055,Manipur,Sputnik
41585,10426,52011,48920,3091,Meghalaya,Sputnik
29373,3015,32388,32337,51,Mizoram,Sputnik
48831,40048,88879,69226,19653,Nagaland,Sputnik
30019,6967,36986,7745,29241,Odisha,Sputnik
23184,34108,57292,20627,36665,Puducherry,Sputnik
47662,22126,69788,18866,50922,Punjab,Sputnik
5050,14718,19768,7485,12283,Rajasthan,Sputnik
18717,33674,52391,17580,34811,Sikkim,Sputnik
28732,35065,63797,59782,4015,Tamil Nadu,Sputnik
26160,31234,57394,14679,42715,Telengana,Sputnik
17104,15692,32796,31090,1706,Tripura,Sputnik
5108,46218,51326,44787,6539,Uttarakhand,Sputnik
19613,19478,39091,18898,20193,Uttar Pradesh,Sputnik
47733,32505,80238,39235,41003,West Bengal,Sputnik
8753,42057,50810,40401,10409,Cases being reassigned to states,Sputnik
20228,38360,58588,37192,21396,Andaman and Nicobar Islands,Sputnik
27510,37433,64943,26111,38832,Andhra Pradesh,Sputnik
15386,17676,33062,32083,979,Arunachal Pradesh,Sputnik
39768,12155,51923,27436,24487,Assam,Sputnik
49995,37519,87514,79399,8115,Bihar,Sputnik
11821,7704,19525,13724,5801,Chandigarh,Sputnik
42141,9065,51206,25428,25778,Chhattisgarh,Sputnik
25510,41074,66584,20919,45665,Dadra and Nagar Haveli and Daman and Diu,Sputnik
14756,9650,24406,14460,9946,Delhi,Sputnik
42990,6914,49904,30423,19481,Goa,Sputnik
43172,44290,87462,39461,48001,Gujarat,Sputnik
40204,28129,68333,11546,56787,Haryana,Sputnik
31666,17161,48827,30629,18198,Himachal Pradesh,Sputnik
40287,23806,64093,38166,25927,Jammu and Kashmir,Sputnik
17549,41894,59443,12998,46445,Jharkhand,Sputnik
23263,27916,51179,7001,44178,Karnataka,Sputnik
16211,21292,37503,29948,7555,Kerala,Sputnik
13776,34873,48649,42270,6379,Ladakh,Sputnik
49376,16434,65810,63352,2458,Madhya Pradesh,Sputnik
28809,44500,73309,17600,55709,Maharashtra,Sputnik
27764,13571,41335,14342,26993,Manipur,Sputnik
35134,29027,64161,35386,28775,Meghalaya,Sputnik
11444,32386,43830,28575,15255,Mizoram,Sputnik
47306,37219,84525,58344,26181,Nagaland,Sputnik
18238,10924,29162,20566,8596,Odisha,Sputnik
6271,3775,10046,5769,4277,Puducherry,Sputnik
42162,4714,46876,35392,11484,Punjab,Sputnik
36253,15087,51340,31062,20278,Rajasthan,Sputnik
31951,27080,59031,56082,2949,Sikkim,Sputnik
3933,12375,16308,6600,9708,Tamil Nadu,Sputnik
24034,36887,60921,13992,46929,Telengana,Sputnik
10848,26203,37051,32718,4333,Tripura,Sputnik
45151,30453,75604,41237,34367,Uttarakhand,Sputnik
11103,30255,41358,13450,27908,Uttar Pradesh,Sputnik
37174,32528,69702,18280,51422,West Bengal,Sputnik
14998,24507,39505,20903,18602,Cases being reassigned to states,Sputnik
44990,48545,93535,82174,11361,Andaman and Nicobar Islands,Sputnik
34549,14924,49473,12237,37236,Andhra Pradesh,Sputnik
14546,22959,37505,12752,24753,Arunachal Pradesh,Sputnik
36097,10515,46612,19592,27020,Assam,Sputnik
6207,34267,40474,24971,15503,Bihar,Sputnik
45590,22343,67933,26369,41564,Chandigarh,Sputnik
28406,30355,58761,12103,46658,Chhattisgarh,Sputnik
19595,7832,27427,24110,3317,Dadra and Nagar Haveli and Daman and Diu,Sputnik
29392,17405,46797,5400,41397,Delhi,Sputnik
16120,40435,56555,50255,6300,Goa,Sputnik
25314,14095,39409,38782,627,Gujarat,Sputnik
45103,36413,81516,15794,65722,Haryana,Sputnik
34106,13598,47704,29597,18107,Himachal Pradesh,Sputnik
34314,18793,53107,49421,3686,Jammu and Kashmir,Sputnik
23926,12233,36159,23729,12430,Jharkhand,Sputnik
6879,35247,42126,35946,6180,Karnataka,Sputnik
37691,5411,43102,13633,29469,Kerala,Sputnik
43776,44799,88575,13340,75235,Ladakh,Sputnik
18046,17484,35530,12986,22544,Madhya Pradesh,Sputnik
45630,4966,50596,45512,5084,Maharashtra,Sputnik
12661,15331,27992,27305,687,Manipur,Sputnik
42534,31712,74246,33827,40419,Meghalaya,Sputnik
26529,30624,57153,49696,7457,Mizoram,Sputnik
4834,31256,36090,34164,1926,Nagaland,Sputnik
29731,8964,38695,25136,13559,Odisha,Sputnik
4302,13139,17441,13069,4372,Puducherry,Sputnik
49830,46666,96496,30379,66117,Punjab,Sputnik
41606,19939,61545,22735,38810,Rajasthan,Sputnik
49331,17405,66736,59006,7730,Sikkim,Sputnik
21032,27544,48576,37032,11544,Tamil Nadu,Sputnik
43966,20838,64804,11588,53216,Telengana,Sputnik
35319,44639,79958,30458,49500,Tripura,Sputnik
37879,19777,57656,46751,10905,Uttarakhand,Sputnik
18858,49146,68004,47544,20460,Uttar Pradesh,Sputnik
16452,31115,47567,34229,13338,West Bengal,Sputnik
38739,33148,71887,60482,11405,Cases being reassigned to states,Sputnik
9258,39462,48720,31465,17255,Andaman and Nicobar Islands,Sputnik
10489,40444,50933,27930,23003,Andhra Pradesh,Sputnik
5540,10030,15570,14352,1218,Arunachal Pradesh,Sputnik
11803,41191,52994,18046,34948,Assam,Sputnik
6036,7228,13264,6906,6358,Bihar,Sputnik
11024,1694,12718,7354,5364,Chandigarh,Sputnik
7052,24539,31591,7908,23683,Chhattisgarh,Sputnik
11209,31112,42321,16474,25847,Dadra and Nagar Haveli and Daman and Diu,Sputnik
47215,28115,75330,51758,23572,Delhi,Sputnik
21241,18567,39808,13404,26404,Goa,Sputnik
13433,24638,38071,22494,15577,Gujarat,Sputnik
14409,9814,24223,15754,8469,Haryana,Sputnik
35513,11877,47390,43519,3871,Himachal Pradesh,Sputnik
19595,5209,24804,13504,11300,Jammu and Kashmir,Sputnik
5764,21217,26981,5898,21083,Jharkhand,Sputnik
7914,19009,26923,12795,14128,Karnataka,Sputnik
34977,29788,64765,26633,38132,Kerala,Sputnik
9143,33429,42572,20785,21787,Ladakh,Sputnik
21719,1846,23565,15319,8246,Madhya Pradesh,Sputnik
30651,33093,63744,45048,18696,Maharashtra,Sputnik
41223,28389,69612,40728,28884,Manipur,Sputnik
36261,31737,67998,30490,37508,Meghalaya,Sputnik
34967,32023,66990,35629,31361,Mizoram,Sputnik
30417,33555,63972,54434,9538,Nagaland,Sputnik
28763,12276,41039,35666,5373,Odisha,Sputnik
24703,24130,48833,26882,21951,Puducherry,Sputnik
41414,40791,82205,57312,24893,Punjab,Sputnik
34166,28255,62421,28135,34286,Rajasthan,Sputnik
24119,40519,64638,64438,200,Sikkim,Sputnik
37841,7850,45691,33987,11704,Tamil Nadu,Sputnik
42943,45931,88874,51771,37103,Telengana,Sputnik
38655,11643,50298,39196,11102,Tripura,Sputnik
2472,32041,34513,24871,9642,Uttarakhand,Sputnik
32145,37384,69529,45684,23845,Uttar Pradesh,Sputnik
13639,16279,29918,11325,18593,West Bengal,Sputnik
25291,13616,38907,32270,6637,Cases being reassigned to states,Sputnik
19275,49245,68520,59841,8679,Andaman and Nicobar Islands,Sputnik
5418,12447,17865,9555,8310,Andhra Pradesh,Sputnik
38800,35514,74314,16097,58217,Arunachal Pradesh,Sputnik
16966,4947,21913,15705,6208,Assam,Sputnik
10091,47955,58046,45057,12989,Bihar,Sputnik
35412,9411,44823,9818,35005,Chandigarh,Sputnik
9144,49199,58343,16236,42107,Chhattisgarh,Sputnik
27490,18626,46116,31870,14246,Dadra and Nagar Haveli and Daman and Diu,Sputnik
42599,22506,65105,59405,5700,Delhi,Sputnik
9441,7193,16634,10276,6358,Goa,Sputnik
28408,16838,45246,25247,19999,Gujarat,Sputnik
47941,25056,72997,34845,38152,Haryana,Sputnik
43209,36152,79361,40411,38950,Himachal Pradesh,Sputnik
19965,37689,57654,53440,4214,Jammu and Kashmir,Sputnik
30870,14546,45416,34727,10689,Jharkhand,Sputnik
2470,28056,30526,7829,22697,Karnataka,Sputnik
28037,48495,76532,65153,11379,Kerala,Sputnik
21987,5618,27605,7513,20092,Ladakh,Sputnik
26089,30854,56943,38924,18019,Madhya Pradesh,Sputnik
31460,33039,64499,38021,26478,Maharashtra,Sputnik
45634,12510,58144,22749,35395,Manipur,Sputnik
21172,1715,22887,21551,1336,Meghalaya,Sputnik
28283,25685,53968,46474,7494,Mizoram,Sputnik
31521,46281,77802,5157,72645,Nagaland,Sputnik
43341,36011,79352,34631,44721,Odisha,Sputnik
37108,32614,69722,66623,3099,Puducherry,Sputnik
29690,10719,40409,13001,27408,Punjab,Sputnik
28445,31205,59650,17852,41798,Rajasthan,Sputnik
33608,34330,67938,14431,53507,Sikkim,Sputnik
41342,31104,72446,42883,29563,Tamil Nadu,Sputnik
11943,32737,44680,17665,27015,Telengana,Sputnik
29663,35722,65385,49501,15884,Tripura,Sputnik
40372,2311,42683,24072,18611,Uttarakhand,Sputnik
45419,7542,52961,6651,46310,Uttar Pradesh,Sputnik
29208,22293,51501,43262,8239,West Bengal,Sputnik
4316,5115,9431,5405,4026,Cases being reassigned to states,Sputnik
7178,38244,45422,17345,28077,Andaman and Nicobar Islands,Sputnik
43305,33321,76626,67789,8837,Andhra Pradesh,Sputnik
31257,22842,54099,13091,41008,Arunachal Pradesh,Sputnik
34871,21307,56178,25746,30432,Assam,Sputnik
23533,42042,65575,63125,2450,Bihar,Sputnik
25509,22417,47926,29279,18647,Chandigarh,Sputnik
31483,39703,71186,21632,49554,Chhattisgarh,Sputnik
46754,18687,65441,5489,59952,Dadra and Nagar Haveli and Daman and Diu,Sputnik
6024,32525,38549,14052,24497,Delhi,Sputnik
24401,42226,66627,21953,44674,Goa,Sputnik
4817,49522,54339,6466,47873,Gujarat,Sputnik
3024,27047,30071,21348,8723,Haryana,Sputnik
9227,12487,21714,20601,1113,Himachal Pradesh,Sputnik
22483,26997,49480,49329,151,Jammu and Kashmir,Sputnik
17642,46352,63994,20356,43638,Jharkhand,Sputnik
6343,41708,48051,41109,6942,Karnataka,Sputnik
44129,34257,78386,20571,57815,Kerala,Sputnik
48143,10979,59122,53003,6119,Ladakh,Sputnik
24945,16946,41891,36237,5654,Madhya Pradesh,Sputnik
41261,9024,50285,49507,778,Maharashtra,Sputnik
18379,24946,43325,29259,14066,Manipur,Sputnik
19023,43713,62736,45327,17409,Meghalaya,Sputnik
21773,1762,23535,11897,11638,Mizoram,Sputnik
34788,2604,37392,13471,23921,Nagaland,Sputnik
40148,18533,58681,18075,40606,Odisha,Sputnik
48834,12287,61121,16683,44438,Puducherry,Sputnik
18301,14667,32968,18373,14595,Punjab,Sputnik
17922,36826,54748,23235,31513,Rajasthan,Sputnik
26719,20561,47280,6546,40734,Sikkim,Sputnik
7172,11871,19043,10504,8539,Tamil Nadu,Sputnik
41921,4743,46664,29475,17189,Telengana,Sputnik
7080,10002,17082,12037,5045,Tripura,Sputnik
46124,34167,80291,5181,75110,Uttarakhand,Sputnik
29585,11881,41466,7316,34150,Uttar Pradesh,Sputnik
47134,21506,68640,29643,38997,West Bengal,Sputnik
47582,10725,58307,10039,48268,Cases being reassigned to states,Sputnik
18052,36185,54237,15417,38820,Andaman and Nicobar Islands,Sputnik
28665,8434,37099,32269,4830,Andhra Pradesh,Sputnik
34190,25048,59238,42497,16741,Arunachal Pradesh,Sputnik
49294,2555,51849,7086,44763,Assam,Sputnik
8030,20177,28207,14329,13878,Bihar,Sputnik
25689,2361,28050,24390,3660,Chandigarh,Sputnik
35263,34584,69847,12049,57798,Chhattisgarh,Sputnik
24515,20414,44929,40345,4584,Dadra and Nagar Haveli and Daman and Diu,Sputnik
24405,35585,59990,39270,20720,Delhi,Sputnik
19449,31221,50670,15679,34991,Goa,Sputnik
21207,42461,63668,27382,36286,Gujarat,Sputnik
37543,41051,78594,71070,7524,Haryana,Sputnik
41504,10717,52221,21503,30718,Himachal Pradesh,Sputnik
44847,22759,67606,28328,39278,Jammu and Kashmir,Sputnik
45141,2908,48049,25238,22811,Jharkhand,Sputnik
34974,13831,48805,47610,1195,Karnataka,Sputnik
41238,8487,49725,20870,28855,Kerala,Sputnik
14230,45556,59786,56133,3653,Ladakh,Sputnik
19678,19669,39347,8330,31017,Madhya Pradesh,Sputnik
47143,33943,81086,45152,35934,Maharashtra,Sputnik
28258,26739,54997,36364,18633,Manipur,Sputnik
20411,15463,35874,17381,18493,Meghalaya,Sputnik
29029,38041,67070,6170,60900,Mizoram,Sputnik
48341,42145,90486,40929,49557,Nagaland,Sputnik
40962,19728,60690,9129,51561,Odisha,Sputnik
20636,30792,51428,39507,11921,Puducherry,Sputnik
46053,11735,57788,9903,47885,Punjab,Sputnik
38357,27011,65368,49908,15460,Rajasthan,Sputnik
6462,28542,35004,33035,1969,Sikkim,Sputnik
42612,24606,67218,61647,5571,Tamil Nadu,Sputnik
30331,9336,39667,36154,3513,Telengana,Sputnik
43467,12653,56120,14294,41826,Tripura,Sputnik
44203,20182,64385,50968,13417,Uttarakhand,Sputnik
41278,28540,69818,11628,58190,Uttar Pradesh,Sputnik
19380,22291,41671,22698,18973,West Bengal,Sputnik
6276,49932,56208,53620,2588,Cases being reassigned to states,Sputnik
45849,40956,86805,80269,6536,Andaman and Nicobar Islands,Sputnik
20432,34337,54769,32247,22522,Andhra Pradesh,Sputnik
27400,44086,71486,65889,5597,Arunachal Pradesh,Sputnik
44335,6936,51271,14112,37159,Assam,Sputnik
4011,36666,40677,7714,32963,Bihar,Sputnik
16118,49983,66101,12067,54034,Chandigarh,Sputnik
16847,18954,35801,26550,9251,Chhattisgarh,Sputnik
37288,14982,52270,30840,21430,Dadra and Nagar Haveli and Daman and Diu,Sputnik
35015,31661,66676,31855,34821,Delhi,Sputnik
47895,15592,63487,20011,43476,Goa,Sputnik
11381,23681,35062,13483,21579,Gujarat,Sputnik
13834,39720,53554,6606,46948,Haryana,Sputnik
34430,34150,68580,34250,34330,Himachal Pradesh,Sputnik
41847,3327,45174,39595,5579,Jammu and Kashmir,Sputnik
48326,29604,77930,58098,19832,Jharkhand,Sputnik
4186,5025,9211,5943,3268,Karnataka,Sputnik
6060,45059,51119,43542,7577,Kerala,Sputnik
21946,40582,62528,50860,11668,Ladakh,Sputnik
49144,13427,62571,43434,19137,Madhya Pradesh,Sputnik
20016,36958,56974,31370,25604,Maharashtra,Sputnik
41544,19366,60910,51505,9405,Manipur,Sputnik
44352,30763,75115,38269,36846,Meghalaya,Sputnik
43722,4568,48290,48034,256,Mizoram,Sputnik
17091,27164,44255,14824,29431,Nagaland,Sputnik
36779,6825,43604,20691,22913,Odisha,Sputnik
14632,47734,62366,52057,10309,Puducherry,Sputnik
21591,7962,29553,8703,20850,Punjab,Sputnik
42304,38135,80439,7937,72502,Rajasthan,Sputnik
43867,17913,61780,41015,20765,Sikkim,Sputnik
4894,8603,13497,10796,2701,Tamil Nadu,Sputnik
45386,25213,70599,19377,51222,Telengana,Sputnik
16235,12585,28820,5867,22953,Tripura,Sputnik
36034,20022,56056,50324,5732,Uttarakhand,Sputnik
30116,11982,42098,11433,30665,Uttar Pradesh,Sputnik
5931,19072,25003,9735,15268,West Bengal,Sputnik
7376,35393,42769,24502,18267,Cases being reassigned to states,Sputnik
47077,46661,93738,74393,19345,Andaman and Nicobar Islands,Sputnik
34892,4297,39189,10921,28268,Andhra Pradesh,Sputnik
28699,32899,61598,47147,14451,Arunachal Pradesh,Sputnik
17279,16868,34147,21635,12512,Assam,Sputnik
18382,9754,28136,8104,20032,Bihar,Sputnik
15185,47302,62487,28246,34241,Chandigarh,Sputnik
35863,30558,66421,43191,23230,Chhattisgarh,Sputnik
34789,25690,60479,37548,22931,Dadra and Nagar Haveli and Daman and Diu,Sputnik
21540,34496,56036,55736,300,Delhi,Sputnik
6861,32864,39725,27043,12682,Goa,Sputnik
13186,45143,58329,50372,7957,Gujarat,Sputnik
21796,28625,50421,35795,14626,Haryana,Sputnik
17287,31923,49210,45042,4168,Himachal Pradesh,Sputnik
23981,23398,47379,13633,33746,Jammu and Kashmir,Sputnik
33588,9486,43074,17150,25924,Jharkhand,Sputnik
6831,2707,9538,8076,1462,Karnataka,Sputnik
14185,14137,28322,11416,16906,Kerala,Sputnik
14011,20461,34472,27242,7230,Ladakh,Sputnik
29816,9193,39009,28281,10728,Madhya Pradesh,Sputnik
31846,2463,34309,30610,3699,Maharashtra,Sputnik
39646,38504,78150,21544,56606,Manipur,Sputnik
27413,20797,48210,38559,9651,Meghalaya,Sputnik
37939,46088,84027,25315,58712,Mizoram,Sputnik
44775,33610,78385,12168,66217,Nagaland,Sputnik
43547,15197,58744,27272,31472,Odisha,Sputnik
42558,32705,75263,14545,60718,Puducherry,Sputnik
37451,15555,53006,23056,29950,Punjab,Sputnik
41374,23020,64394,59914,4480,Rajasthan,Sputnik
27928,40235,68163,26426,41737,Sikkim,Sputnik
26170,9473,35643,34527,1116,Tamil Nadu,Sputnik
15639,28578,44217,14783,29434,Telengana,Sputnik
32377,28103,60480,54850,5630,Tripura,Sputnik
38324,13419,51743,43963,7780,Uttarakhand,Sputnik
46488,6673,53161,24264,28897,Uttar Pradesh,Sputnik
15145,34716,49861,25667,24194,West Bengal,Sputnik
29632,17849,47481,5430,42051,Cases being reassigned to states,Sputnik
45940,47027,92967,13709,79258,Andaman and Nicobar Islands,Sputnik
30288,34438,64726,62822,1904,Andhra Pradesh,Sputnik
18123,31906,50029,17871,32158,Arunachal Pradesh,Sputnik
37296,40899,78195,25465,52730,Assam,Sputnik
6285,24930,31215,17071,14144,Bihar,Sputnik
20062,35479,55541,6923,48618,Chandigarh,Sputnik
37657,16140,53797,9877,43920,Chhattisgarh,Sputnik
5337,47422,52759,44039,8720,Dadra and Nagar Haveli and Daman and Diu,Sputnik
17905,23000,40905,33400,7505,Delhi,Sputnik
49804,26124,75928,48290,27638,Goa,Sputnik
14230,39075,53305,20812,32493,Gujarat,Sputnik
15737,11060,26797,23186,3611,Haryana,Sputnik
36744,20204,56948,33222,23726,Himachal Pradesh,Sputnik
43120,15603,58723,53201,5522,Jammu and Kashmir,Sputnik
42964,16597,59561,34787,24774,Jharkhand,Sputnik
26740,43052,69792,15705,54087,Karnataka,Sputnik
49230,17812,67042,12009,55033,Kerala,Sputnik
39279,26463,65742,30018,35724,Ladakh,Sputnik
20094,15023,35117,32542,2575,Madhya Pradesh,Sputnik
17164,5242,22406,11131,11275,Maharashtra,Sputnik
39080,5121,44201,26019,18182,Manipur,Sputnik
19876,15096,34972,9749,25223,Meghalaya,Sputnik
22329,31196,53525,17722,35803,Mizoram,Sputnik
6045,42317,48362,32404,15958,Nagaland,Sputnik
38673,33593,72266,53452,18814,Odisha,Sputnik
40398,42351,82749,70774,11975,Puducherry,Sputnik
23647,28858,52505,24602,27903,Punjab,Sputnik
27544,42005,69549,24346,45203,Rajasthan,Sputnik
8501,49240,57741,31852,25889,Sikkim,Sputnik
31296,27814,59110,23298,35812,Tamil Nadu,Sputnik
22002,33702,55704,21051,34653,Telengana,Sputnik
3668,12866,16534,9764,6770,Tripura,Sputnik
24266,39286,63552,6257,57295,Uttarakhand,Sputnik
8764,28584,37348,29084,8264,Uttar Pradesh,Sputnik
41174,17310,58484,57921,563,West Bengal,Sputnik
47851,19619,67470,30511,36959,Cases being reassigned to states,Sputnik
13429,15796,29225,19307,9918,Andaman and Nicobar Islands,Sputnik
10123,43128,53251,20790,32461,Andhra Pradesh,Sputnik
17795,6951,24746,11352,13394,Arunachal Pradesh,Sputnik
47286,33377,80663,15153,65510,Assam,Sputnik
28144,8789,36933,34520,2413,Bihar,Sputnik
6045,2326,8371,5202,3169,Chandigarh,Sputnik
30188,10001,40189,24789,15400,Chhattisgarh,Sputnik
29121,25214,54335,51870,2465,Dadra and Nagar Haveli and Daman and Diu,Sputnik
2849,17550,20399,7194,13205,Delhi,Sputnik
11984,29670,41654,14075,27579,Goa,Sputnik
30055,12189,42244,32799,9445,Gujarat,Sputnik
28018,22803,50821,47468,3353,Haryana,Sputnik
32666,2010,34676,8184,26492,Himachal Pradesh,Sputnik
6739,30538,37277,23180,14097,Jammu and Kashmir,Sputnik
11755,8813,20568,14910,5658,Jharkhand,Sputnik
44599,31035,75634,46819,28815,Karnataka,Sputnik
44206,11416,55622,39174,16448,Kerala,Sputnik
10220,3408,13628,8364,5264,Ladakh,Sputnik
30420,28691,59111,37294,21817,Madhya Pradesh,Sputnik
38815,25931,64746,34811,29935,Maharashtra,Sputnik
9672,29903,39575,7208,32367,Manipur,Sputnik
1919,40082,42001,20974,21027,Meghalaya,Sputnik
6678,7951,14629,12200,2429,Mizoram,Sputnik
14259,18222,32481,31654,827,Nagaland,Sputnik
31239,15510,46749,44849,1900,Odisha,Sputnik
28376,42784,71160,26926,44234,Puducherry,Sputnik
32435,15018,47453,21988,25465,Punjab,Sputnik
28014,30776,58790,11464,47326,Rajasthan,Sputnik
46554,3424,49978,46636,3342,Sikkim,Sputnik
16586,36542,53128,5401,47727,Tamil Nadu,Sputnik
16757,26503,43260,37443,5817,Telengana,Sputnik
38826,28583,67409,33979,33430,Tripura,Sputnik
38705,36880,75585,18160,57425,Uttarakhand,Sputnik
12847,8615,21462,7733,13729,Uttar Pradesh,Sputnik
6315,3048,9363,7443,1920,West Bengal,Sputnik
7660,18667,26327,7662,18665,Cases being reassigned to states,Sputnik
8307,42715,51022,36536,14486,Andaman and Nicobar Islands,Sputnik
48306,30500,78806,51688,27118,Andhra Pradesh,Sputnik
38773,19519,58292,44846,13446,Arunachal Pradesh,Sputnik
8212,12589,20801,19631,1170,Assam,Sputnik
45012,11643,56655,17775,38880,Bihar,Sputnik
37346,31467,68813,28938,39875,Chandigarh,Sputnik
22337,49669,72006,19595,52411,Chhattisgarh,Sputnik
29629,24724,54353,23418,30935,Dadra and Nagar Haveli and Daman and Diu,Sputnik
26643,43688,70331,25128,45203,Delhi,Sputnik
24619,20307,44926,40370,4556,Goa,Sputnik
47200,30211,77411,74714,2697,Gujarat,Sputnik
39806,47657,87463,14209,73254,Haryana,Sputnik
2898,29017,31915,16130,15785,Himachal Pradesh,Sputnik
2438,12133,14571,10889,3682,Jammu and Kashmir,Sputnik
28273,12033,40306,16215,24091,Jharkhand,Sputnik
46150,29580,75730,13450,62280,Karnataka,Sputnik
47961,32277,80238,63107,17131,Kerala,Sputnik
26730,14891,41621,41187,434,Ladakh,Sputnik
18993,12997,31990,24281,7709,Madhya Pradesh,Sputnik
3580,18326,21906,20636,1270,Maharashtra,Sputnik
45725,19071,64796,24322,40474,Manipur,Sputnik
31380,8351,39731,28211,11520,Meghalaya,Sputnik
27220,31649,58869,46850,12019,Mizoram,Sputnik
16924,10066,26990,19267,7723,Nagaland,Sputnik
32008,15544,47552,31585,15967,Odisha,Sputnik
2185,9914,12099,6044,6055,Puducherry,Sputnik
46863,19104,65967,21013,44954,Punjab,Sputnik
36601,12939,49540,38233,11307,Rajasthan,Sputnik
1886,41631,43517,39733,3784,Sikkim,Sputnik
22979,47302,70281,35733,34548,Tamil Nadu,Sputnik
8114,43453,51567,37759,13808,Telengana,Sputnik
15003,22933,37936,8100,29836,Tripura,Sputnik
30050,29054,59104,47950,11154,Uttarakhand,Sputnik
2834,36864,39698,13763,25935,Uttar Pradesh,Sputnik
8075,25028,33103,12736,20367,West Bengal,Sputnik
41330,11540,52870,42351,10519,Cases being reassigned to states,Sputnik
36745,15462,52207,12273,39934,Andaman and Nicobar Islands,Sputnik
27363,13309,40672,11631,29041,Andhra Pradesh,Sputnik
21434,27870,49304,25856,23448,Arunachal Pradesh,Sputnik
2856,26999,29855,18822,11033,Assam,Sputnik
3040,22721,25761,10216,15545,Bihar,Sputnik
6631,17402,24033,8925,15108,Chandigarh,Sputnik
9514,9137,18651,8975,9676,Chhattisgarh,Sputnik
16527,48592,65119,46517,18602,Dadra and Nagar Haveli and Daman and Diu,Sputnik
18451,22945,41396,16531,24865,Delhi,Sputnik
12123,26327,38450,5927,32523,Goa,Sputnik
4649,34412,39061,9527,29534,Gujarat,Sputnik
31835,15311,47146,28623,18523,Haryana,Sputnik
36154,11069,47223,24941,22282,Himachal Pradesh,Sputnik
42743,39718,82461,52346,30115,Jammu and Kashmir,Sputnik
43806,19460,63266,38670,24596,Jharkhand,Sputnik
27795,3684,31479,21744,9735,Karnataka,Sputnik
19219,48190,67409,28515,38894,Kerala,Sputnik
28050,2810,30860,6335,24525,Ladakh,Sputnik
2709,20050,22759,8304,14455,Madhya Pradesh,Sputnik
42117,20126,62243,55141,7102,Maharashtra,Sputnik
30701,37707,68408,67625,783,Manipur,Sputnik
39703,24666,64369,19250,45119,Meghalaya,Sputnik
30963,19100,50063,40161,9902,Mizoram,Sputnik
34332,48714,83046,57134,25912,Nagaland,Sputnik
35097,24930,60027,42300,17727,Odisha,Sputnik
16372,39536,55908,36885,19023,Puducherry,Sputnik
29439,46676,76115,64025,12090,Punjab,Sputnik
41459,5025,46484,23361,23123,Rajasthan,Sputnik
30619,9243,39862,35776,4086,Sikkim,Sputnik
5417,12110,17527,9265,8262,Tamil Nadu,Sputnik
43761,18757,62518,60604,1914,Telengana,Sputnik
26614,41369,67983,42629,25354,Tripura,Sputnik
39021,16661,55682,21501,34181,Uttarakhand,Sputnik
27730,28994,56724,8677,48047,Uttar Pradesh,Sputnik
3447,21987,25434,5414,20020,West Bengal,Sputnik
21294,15350,36644,25434,11210,Cases being reassigned to states,Sputnik
11854,34841,46695,42990,3705,Andaman and Nicobar Islands,Sputnik
20202,27978,48180,9938,38242,Andhra Pradesh,Sputnik
15293,4181,19474,13473,6001,Arunachal Pradesh,Sputnik
37060,14574,51634,12742,38892,Assam,Sputnik
34256,14093,48349,28885,19464,Bihar,Sputnik
49433,30906,80339,18872,61467,Chandigarh,Sputnik
33844,14179,48023,8790,39233,Chhattisgarh,Sputnik
3589,37169,40758,31677,9081,Dadra and Nagar Haveli and Daman and Diu,Sputnik
40948,6833,47781,6003,41778,Delhi,Sputnik
17307,12473,29780,18186,11594,Goa,Sputnik
5710,32700,38410,23387,15023,Gujarat,Sputnik
41340,13105,54445,26736,27709,Haryana,Sputnik
40144,4707,44851,43282,1569,Himachal Pradesh,Sputnik
13016,36974,49990,31431,18559,Jammu and Kashmir,Sputnik
3709,29889,33598,5071,28527,Jharkhand,Sputnik
35829,27304,63133,52039,11094,Karnataka,Sputnik
5023,18887,23910,21640,2270,Kerala,Sputnik
30797,11303,42100,28211,13889,Ladakh,Sputnik
9129,29876,39005,33797,5208,Madhya Pradesh,Sputnik
9667,33062,42729,26504,16225,Maharashtra,Sputnik
40909,10616,51525,7918,43607,Manipur,Sputnik
35667,31377,67044,27850,39194,Meghalaya,Sputnik
13733,30026,43759,10740,33019,Mizoram,Sputnik
7864,7905,15769,5902,9867,Nagaland,Sputnik
23234,4582,27816,21628,6188,Odisha,Sputnik
16262,14731,30993,19605,11388,Puducherry,Sputnik
45584,28793,74377,19364,55013,Punjab,Sputnik
36138,41142,77280,72967,4313,Rajasthan,Sputnik
21819,1814,23633,17214,6419,Sikkim,Sputnik
11287,9484,20771,8724,12047,Tamil Nadu,Sputnik
49405,19374,68779,28203,40576,Telengana,Sputnik
3019,5669,8688,7565,1123,Tripura,Sputnik
49692,38391,88083,40581,47502,Uttarakhand,Sputnik
21329,14261,35590,7869,27721,Uttar Pradesh,Sputnik
25900,34489,60389,54088,6301,West Bengal,Sputnik
10528,11734,22262,7801,14461,Cases being reassigned to states,Sputnik
42709,6426,49135,23910,25225,Andaman and Nicobar Islands,Sputnik
4859,42487,47346,20816,26530,Andhra Pradesh,Sputnik
46612,31993,78605,21528,57077,Arunachal Pradesh,Sputnik
42159,5963,48122,14059,34063,Assam,Sputnik
17298,21689,38987,25170,13817,Bihar,Sputnik
14663,25390,40053,28783,11270,Chandigarh,Sputnik
20457,37599,58056,18646,39410,Chhattisgarh,Sputnik
2006,41185,43191,36274,6917,Dadra and Nagar Haveli and Daman and Diu,Sputnik
7185,31066,38251,13014,25237,Delhi,Sputnik
28907,11784,40691,32805,7886,Goa,Sputnik
11755,48590,60345,47391,12954,Gujarat,Sputnik
36406,1732,38138,24265,13873,Haryana,Sputnik
44488,32746,77234,19780,57454,Himachal Pradesh,Sputnik
33769,11647,45416,5953,39463,Jammu and Kashmir,Sputnik
3250,23847,27097,21919,5178,Jharkhand,Sputnik
18901,45440,64341,15256,49085,Karnataka,Sputnik
35854,5623,41477,35488,5989,Kerala,Sputnik
13454,19992,33446,5317,28129,Ladakh,Sputnik
14604,8761,23365,12133,11232,Madhya Pradesh,Sputnik
31365,20813,52178,33857,18321,Maharashtra,Sputnik
38744,40350,79094,20047,59047,Manipur,Sputnik
28335,39420,67755,20056,47699,Meghalaya,Sputnik
17164,20327,37491,34677,2814,Mizoram,Sputnik
45643,15113,60756,19942,40814,Nagaland,Sputnik
23683,1683,25366,11328,14038,Odisha,Sputnik
20050,30603,50653,39982,10671,Puducherry,Sputnik
10555,25278,35833,27282,8551,Punjab,Sputnik
9006,10025,19031,17223,1808,Rajasthan,Sputnik
3280,31617,34897,20499,14398,Sikkim,Sputnik
21603,29766,51369,47637,3732,Tamil Nadu,Sputnik
22844,38853,61697,56775,4922,Telengana,Sputnik
31442,44016,75458,41656,33802,Tripura,Sputnik
5151,28088,33239,14581,18658,Uttarakhand,Sputnik
40566,17452,58018,9139,48879,Uttar Pradesh,Sputnik
9917,25064,34981,31002,3979,West Bengal,Sputnik
46004,18606,64610,59959,4651,Cases being reassigned to states,Sputnik
3566,43689,47255,28930,18325,Andaman and Nicobar Islands,Sputnik
1569,46222,47791,20354,27437,Andhra Pradesh,Sputnik
31425,37170,68595,67229,1366,Arunachal Pradesh,Sputnik
29528,41046,70574,6151,64423,Assam,Sputnik
38373,27353,65726,61944,3782,Bihar,Sputnik
36933,26594,63527,55648,7879,Chandigarh,Sputnik
33524,44002,77526,16368,61158,Chhattisgarh,Sputnik
25277,8952,34229,18108,16121,Dadra and Nagar Haveli and Daman and Diu,Sputnik
26858,15576,42434,38903,3531,Delhi,Sputnik
42631,27679,70310,8855,61455,Goa,Sputnik
33870,23221,57091,34571,22520,Gujarat,Sputnik
18579,42560,61139,10830,50309,Haryana,Sputnik
8776,35424,44200,19091,25109,Himachal Pradesh,Sputnik
2633,15751,18384,15399,2985,Jammu and Kashmir,Sputnik
39567,30097,69664,17282,52382,Jharkhand,Sputnik
15923,49957,65880,64924,956,Karnataka,Sputnik
17060,27829,44889,24211,20678,Kerala,Sputnik
32280,18601,50881,38667,12214,Ladakh,Sputnik
26966,41366,68332,13950,54382,Madhya Pradesh,Sputnik
14482,10946,25428,24816,612,Maharashtra,Sputnik
8473,4204,12677,5074,7603,Manipur,Sputnik
31454,21209,52663,10144,42519,Meghalaya,Sputnik
24950,39176,64126,49472,14654,Mizoram,Sputnik
42480,44870,87350,34979,52371,Nagaland,Sputnik
13870,3697,17567,13531,4036,Odisha,Sputnik
9441,15036,24477,17682,6795,Puducherry,Sputnik
21670,43785,65455,5249,60206,Punjab,Sputnik
4039,10380,14419,8733,5686,Rajasthan,Sputnik
15012,21955,36967,14999,21968,Sikkim,Sputnik
18586,36434,55020,39461,15559,Tamil Nadu,Sputnik
24845,48246,73091,65312,7779,Telengana,Sputnik
14344,35072,49416,45679,3737,Tripura,Sputnik
2109,11903,14012,9196,4816,Uttarakhand,Sputnik
14140,13205,27345,20598,6747,Uttar Pradesh,Sputnik
9188,20798,29986,12820,17166,West Bengal,Sputnik
24340,18810,43150,33556,9594,Cases being reassigned to states,Sputnik
29672,38106,67778,10569,57209,Andaman and Nicobar Islands,Sputnik
16241,35298,51539,16081,35458,Andhra Pradesh,Sputnik
13983,28760,42743,37246,5497,Arunachal Pradesh,Sputnik
12877,15676,28553,6849,21704,Assam,Sputnik
42424,38669,81093,34387,46706,Bihar,Sputnik
10735,22411,33146,14297,18849,Chandigarh,Sputnik
6329,22956,29285,17364,11921,Chhattisgarh,Sputnik
21154,5335,26489,24345,2144,Dadra and Nagar Haveli and Daman and Diu,Sputnik
26607,31797,58404,48858,9546,Delhi,Sputnik
2453,44465,46918,36130,10788,Goa,Sputnik
41924,42377,84301,54984,29317,Gujarat,Sputnik
32860,26466,59326,18503,40823,Haryana,Sputnik
39050,45343,84393,31188,53205,Himachal Pradesh,Sputnik
26812,25723,52535,18298,34237,Jammu and Kashmir,Sputnik
31438,4295,35733,7258,28475,Jharkhand,Sputnik
6452,12699,19151,7868,11283,Karnataka,Sputnik
4540,22202,26742,14899,11843,Kerala,Sputnik
16333,34352,50685,49467,1218,Ladakh,Sputnik
12589,23788,36377,18840,17537,Madhya Pradesh,Sputnik
30882,39523,70405,45351,25054,Maharashtra,Sputnik
8913,47157,56070,33593,22477,Manipur,Sputnik
30000,35059,65059,22677,42382,Meghalaya,Sputnik
30310,8507,38817,18999,19818,Mizoram,Sputnik
12141,33310,45451,33888,11563,Nagaland,Sputnik
12923,39384,52307,32065,20242,Odisha,Sputnik
9437,27281,36718,16001,20717,Puducherry,Sputnik
32192,12030,44222,26684,17538,Punjab,Sputnik
12468,24798,37266,34066,3200,Rajasthan,Sputnik
49757,47717,97474,27824,69650,Sikkim,Sputnik
22081,31123,53204,7309,45895,Tamil Nadu,Sputnik
31931,25828,57759,15640,42119,Telengana,Sputnik
25056,34608,59664,23146,36518,Tripura,Sputnik
6625,33443,40068,20674,19394,Uttarakhand,Sputnik
26783,26325,53108,29351,23757,Uttar Pradesh,Sputnik
20584,49863,70447,55805,14642,West Bengal,Sputnik
8439,30525,38964,37688,1276,Cases being reassigned to states,Sputnik
15127,43870,58997,25930,33067,Andaman and Nicobar Islands,Sputnik
6844,2795,9639,9238,401,Andhra Pradesh,Sputnik
27981,11757,39738,34152,5586,Arunachal Pradesh,Sputnik
37667,36340,74007,35811,38196,Assam,Sputnik
43579,6022,49601,12682,36919,Bihar,Sputnik
16100,46764,62864,25909,36955,Chandigarh,Sputnik
41065,38965,80030,39728,40302,Chhattisgarh,Sputnik
14128,22262,36390,14327,22063,Dadra and Nagar Haveli and Daman and Diu,Sputnik
7453,47646,55099,31808,23291,Delhi,Sputnik
8926,16574,25500,13892,11608,Goa,Sputnik
29990,40918,70908,42817,28091,Gujarat,Sputnik
18456,31283,49739,34190,15549,Haryana,Sputnik
17330,4400,21730,11067,10663,Himachal Pradesh,Sputnik
8466,33947,42413,31745,10668,Jammu and Kashmir,Sputnik
28640,36363,65003,26937,38066,Jharkhand,Sputnik
11695,18260,29955,13267,16688,Karnataka,Sputnik
18362,5495,23857,14415,9442,Kerala,Sputnik
22059,39626,61685,39814,21871,Ladakh,Sputnik
35954,44952,80906,40612,40294,Madhya Pradesh,Sputnik
12494,9861,22355,14575,7780,Maharashtra,Sputnik
14205,43103,57308,18850,38458,Manipur,Sputnik
23613,49760,73373,64261,9112,Meghalaya,Sputnik
21014,23589,44603,25651,18952,Mizoram,Sputnik
17753,5200,22953,17538,5415,Nagaland,Sputnik
35053,29869,64922,17726,47196,Odisha,Sputnik
33677,44531,78208,59122,19086,Puducherry,Sputnik
18500,29343,47843,7614,40229,Punjab,Sputnik
42594,3766,46360,8602,37758,Rajasthan,Sputnik
43476,39875,83351,8598,74753,Sikkim,Sputnik
48073,22284,70357,11012,59345,Tamil Nadu,Sputnik
4064,21675,25739,21844,3895,Telengana,Sputnik
47228,13142,60370,51604,8766,Tripura,Sputnik
21389,48613,70002,10426,59576,Uttarakhand,Sputnik
22113,13005,35118,9320,25798,Uttar Pradesh,Sputnik
42565,38089,80654,30877,49777,West Bengal,Sputnik
26853,25111,51964,46232,5732,Cases being reassigned to states,Sputnik
32644,31591,64235,18402,45833,Andaman and Nicobar Islands,Sputnik
9028,17455,26483,11561,14922,Andhra Pradesh,Sputnik
22035,34797,56832,30200,26632,Arunachal Pradesh,Sputnik
35378,18303,53681,40595,13086,Assam,Sputnik
37317,28436,65753,47387,18366,Bihar,Sputnik
5420,29949,35369,18684,16685,Chandigarh,Sputnik
28185,40463,68648,59391,9257,Chhattisgarh,Sputnik
20270,9360,29630,14388,15242,Dadra and Nagar Haveli and Daman and Diu,Sputnik
4251,23675,27926,20581,7345,Delhi,Sputnik
9541,2978,12519,5174,7345,Goa,Sputnik
40751,12406,53157,53092,65,Gujarat,Sputnik
14016,22593,36609,25807,10802,Haryana,Sputnik
39761,14694,54455,24410,30045,Himachal Pradesh,Sputnik
21897,31531,53428,27494,25934,Jammu and Kashmir,Sputnik
17006,45884,62890,14093,48797,Jharkhand,Sputnik
36935,11059,47994,26746,21248,Karnataka,Sputnik
32599,23462,56061,40025,16036,Kerala,Sputnik
45019,25302,70321,16315,54006,Ladakh,Sputnik
11074,39428,50502,30205,20297,Madhya Pradesh,Sputnik
33261,15510,48771,5381,43390,Maharashtra,Sputnik
30126,43863,73989,67995,5994,Manipur,Sputnik
21824,19936,41760,9806,31954,Meghalaya,Sputnik
5908,15712,21620,12164,9456,Mizoram,Sputnik
14491,21623,36114,22037,14077,Nagaland,Sputnik
22377,5854,28231,6093,22138,Odisha,Sputnik
13701,34803,48504,36855,11649,Puducherry,Sputnik
43639,2594,46233,12624,33609,Punjab,Sputnik
16231,9470,25701,6226,19475,Rajasthan,Sputnik
27658,10290,37948,5887,32061,Sikkim,Sputnik
9935,11680,21615,16200,5415,Tamil Nadu,Sputnik
15210,25377,40587,31364,9223,Telengana,Sputnik
49693,46878,96571,19269,77302,Tripura,Sputnik
22139,43958,66097,36846,29251,Uttarakhand,Sputnik
16743,25253,41996,26817,15179,Uttar Pradesh,Sputnik
8947,14436,23383,22358,1025,West Bengal,Sputnik
28790,9950,38740,9033,29707,Cases being reassigned to states,Sputnik
16126,18549,34675,7934,26741,Andaman and Nicobar Islands,Sputnik
12987,1601,14588,8256,6332,Andhra Pradesh,Sputnik
21761,20678,42439,19283,23156,Arunachal Pradesh,Sputnik
9104,31651,40755,6244,34511,Assam,Sputnik
46763,16755,63518,51990,11528,Bihar,Sputnik
27982,45227,73209,39547,33662,Chandigarh,Sputnik
2828,45658,48486,22710,25776,Chhattisgarh,Sputnik
34940,19953,54893,52962,1931,Dadra and Nagar Haveli and Daman and Diu,Sputnik
6288,41382,47670,27293,20377,Delhi,Sputnik
12032,46976,59008,54432,4576,Goa,Sputnik
30658,8148,38806,34604,4202,Gujarat,Sputnik
30647,29444,60091,22152,37939,Haryana,Sputnik
5015,38613,43628,24281,19347,Himachal Pradesh,Sputnik
27682,3866,31548,20326,11222,Jammu and Kashmir,Sputnik
3608,24269,27877,22621,5256,Jharkhand,Sputnik
14854,32704,47558,47299,259,Karnataka,Sputnik
42240,10384,52624,6055,46569,Kerala,Sputnik
4145,35191,39336,18831,20505,Ladakh,Sputnik
41011,41285,82296,46256,36040,Madhya Pradesh,Sputnik
39315,18735,58050,19622,38428,Maharashtra,Sputnik
32494,9776,42270,29863,12407,Manipur,Sputnik
46084,24822,70906,46833,24073,Meghalaya,Sputnik
8298,26777,35075,5536,29539,Mizoram,Sputnik
47941,18656,66597,23637,42960,Nagaland,Sputnik
19277,12933,32210,24029,8181,Odisha,Sputnik
8555,45936,54491,43628,10863,Puducherry,Sputnik
12559,36785,49344,6242,43102,Punjab,Sputnik
35341,44643,79984,16610,63374,Rajasthan,Sputnik
16298,13087,29385,22532,6853,Sikkim,Sputnik
4215,42764,46979,31554,15425,Tamil Nadu,Sputnik
42159,25526,67685,43662,24023,Telengana,Sputnik
38885,32089,70974,64093,6881,Tripura,Sputnik
30057,41330,71387,60533,10854,Uttarakhand,Sputnik
27186,38350,65536,30845,34691,Uttar Pradesh,Sputnik
9644,2862,12506,11988,518,West Bengal,Sputnik
19048,18103,37151,14259,22892,Cases being reassigned to states,Sputnik
3513,46527,50040,11809,38231,Andaman and Nicobar Islands,Sputnik
31111,2285,33396,13311,20085,Andhra Pradesh,Sputnik
9850,14069,23919,19107,4812,Arunachal Pradesh,Sputnik
18714,42636,61350,39654,21696,Assam,Sputnik
29108,37659,66767,59725,7042,Bihar,Sputnik
29081,10970,40051,22798,17253,Chandigarh,Sputnik
4104,21880,25984,9040,16944,Chhattisgarh,Sputnik
43532,41248,84780,82214,2566,Dadra and Nagar Haveli and Daman and Diu,Sputnik
3232,9198,12430,11233,1197,Delhi,Sputnik
22604,27280,49884,48654,1230,Goa,Sputnik
1507,35013,36520,10476,26044,Gujarat,Sputnik
19328,36190,55518,50168,5350,Haryana,Sputnik
3688,10655,14343,7598,6745,Himachal Pradesh,Sputnik
23342,47355,70697,37763,32934,Jammu and Kashmir,Sputnik
45431,10301,55732,53891,1841,Jharkhand,Sputnik
16242,21789,38031,5818,32213,Karnataka,Sputnik
30353,24954,55307,40674,14633,Kerala,Sputnik
33721,31823,65544,40322,25222,Ladakh,Sputnik
13389,18781,32170,14704,17466,Madhya Pradesh,Sputnik
30493,14412,44905,6138,38767,Maharashtra,Sputnik
43157,43987,87144,74673,12471,Manipur,Sputnik
13711,11625,25336,18454,6882,Meghalaya,Sputnik
49048,2175,51223,27374,23849,Mizoram,Sputnik
17169,23556,40725,11801,28924,Nagaland,Sputnik
37344,46862,84206,53354,30852,Odisha,Sputnik
19622,6282,25904,16361,9543,Puducherry,Sputnik
30739,11462,42201,38876,3325,Punjab,Sputnik
26250,47710,73960,64162,9798,Rajasthan,Sputnik
16730,42426,59156,27294,31862,Sikkim,Sputnik
49406,40136,89542,45775,43767,Tamil Nadu,Sputnik
37017,48706,85723,27386,58337,Telengana,Sputnik
26270,49598,75868,32475,43393,Tripura,Sputnik
46077,2528,48605,39858,8747,Uttarakhand,Sputnik
12041,2932,14973,6960,8013,Uttar Pradesh,Sputnik
45724,24416,70140,10747,59393,West Bengal,Sputnik
7669,6045,13714,7215,6499,Cases being reassigned to states,Sputnik
33190,25466,58656,40254,18402,Andaman and Nicobar Islands,Sputnik
27792,4130,31922,15748,16174,Andhra Pradesh,Sputnik
29725,14935,44660,35155,9505,Arunachal Pradesh,Sputnik
7726,23785,31511,12967,18544,Assam,Sputnik
35313,27832,63145,43657,19488,Bihar,Sputnik
7380,19832,27212,13604,13608,Chandigarh,Sputnik
13923,8263,22186,7389,14797,Chhattisgarh,Sputnik
9627,24781,34408,29566,4842,Dadra and Nagar Haveli and Daman and Diu,Sputnik
7343,20342,27685,6033,21652,Delhi,Sputnik
24945,24669,49614,17746,31868,Goa,Sputnik
23246,38522,61768,13597,48171,Gujarat,Sputnik
37400,22445,59845,56114,3731,Haryana,Sputnik
4644,4210,8854,5255,3599,Himachal Pradesh,Sputnik
15350,41675,57025,43159,13866,Jammu and Kashmir,Sputnik
43360,31480,74840,14722,60118,Jharkhand,Sputnik
9946,11146,21092,21038,54,Karnataka,Sputnik
34634,2383,37017,26823,10194,Kerala,Sputnik
38881,27919,66800,25846,40954,Ladakh,Sputnik
3318,41136,44454,22670,21784,Madhya Pradesh,Sputnik
49931,13232,63163,30964,32199,Maharashtra,Sputnik
4364,36304,40668,11548,29120,Manipur,Sputnik
17806,12174,29980,8613,21367,Meghalaya,Sputnik
20844,27760,48604,20311,28293,Mizoram,Sputnik
49123,39592,88715,73036,15679,Nagaland,Sputnik
30549,16111,46660,38762,7898,Odisha,Sputnik
18843,22923,41766,28465,13301,Puducherry,Sputnik
30268,33791,64059,36773,27286,Punjab,Sputnik
1553,19135,20688,18776,1912,Rajasthan,Sputnik
16078,43769,59847,29288,30559,Sikkim,Sputnik
14148,12784,26932,5421,21511,Tamil Nadu,Sputnik
25658,11719,37377,5569,31808,Telengana,Sputnik
14093,2224,16317,13707,2610,Tripura,Sputnik
6208,18403,24611,20240,4371,Uttarakhand,Sputnik
11711,40138,51849,9099,42750,Uttar Pradesh,Sputnik
22254,39324,61578,14435,47143,West Bengal,Sputnik
5360,42569,47929,27133,20796,Cases being reassigned to states,Sputnik
2522,7015,9537,7873,1664,Andaman and Nicobar Islands,Sputnik
20824,18901,39725,34059,5666,Andhra Pradesh,Sputnik
27323,11391,38714,17588,21126,Arunachal Pradesh,Sputnik
44276,10915,55191,30944,24247,Assam,Sputnik
36317,12465,48782,6752,42030,Bihar,Sputnik
6496,21801,28297,7068,21229,Chandigarh,Sputnik
41488,12709,54197,49829,4368,Chhattisgarh,Sputnik
21634,39441,61075,55421,5654,Dadra and Nagar Haveli and Daman and Diu,Sputnik
28039,30063,58102,34261,23841,Delhi,Sputnik
33605,14621,48226,46173,2053,Goa,Sputnik
2656,27688,30344,24545,5799,Gujarat,Sputnik
32524,34476,67000,39555,27445,Haryana,Sputnik
7105,47306,54411,45714,8697,Himachal Pradesh,Sputnik
26366,30508,56874,54803,2071,Jammu and Kashmir,Sputnik
32609,14802,47411,12561,34850,Jharkhand,Sputnik
32425,6524,38949,31692,7257,Karnataka,Sputnik
19263,36088,55351,49653,5698,Kerala,Sputnik
8010,37726,45736,10168,35568,Ladakh,Sputnik
19830,5253,25083,19670,5413,Madhya Pradesh,Sputnik
41260,34828,76088,26759,49329,Maharashtra,Sputnik
21031,8272,29303,22536,6767,Manipur,Sputnik
29508,32211,61719,56027,5692,Meghalaya,Sputnik
45028,21440,66468,28008,38460,Mizoram,Sputnik
46781,15013,61794,23534,38260,Nagaland,Sputnik
43396,12598,55994,10781,45213,Odisha,Sputnik
23169,21965,45134,33172,11962,Puducherry,Sputnik
35940,12308,48248,23786,24462,Punjab,Sputnik
34355,38243,72598,44995,27603,Rajasthan,Sputnik
18749,44333,63082,35107,27975,Sikkim,Sputnik
30816,12192,43008,7417,35591,Tamil Nadu,Sputnik
43775,28039,71814,29956,41858,Telengana,Sputnik
1526,6713,8239,7352,887,Tripura,Sputnik
12044,18302,30346,14027,16319,Uttarakhand,Sputnik
26656,35357,62013,50637,11376,Uttar Pradesh,Sputnik
43355,17796,61151,25245,35906,West Bengal,Sputnik
27853,27054,54907,53929,978,Cases being reassigned to states,Sputnik
24352,38067,62419,39141,23278,Andaman and Nicobar Islands,Sputnik
46495,6253,52748,31413,21335,Andhra Pradesh,Sputnik
11862,47468,59330,55362,3968,Arunachal Pradesh,Sputnik
9401,43029,52430,8258,44172,Assam,Sputnik
36683,13379,50062,43546,6516,Bihar,Sputnik
28559,8734,37293,9159,28134,Chandigarh,Sputnik
34197,29206,63403,59254,4149,Chhattisgarh,Sputnik
18315,39598,57913,14761,43152,Dadra and Nagar Haveli and Daman and Diu,Sputnik
39585,41483,81068,60918,20150,Delhi,Sputnik
30903,18780,49683,21438,28245,Goa,Sputnik
49555,48355,97910,64485,33425,Gujarat,Sputnik
21140,18667,39807,8056,31751,Haryana,Sputnik
33826,29030,62856,44736,18120,Himachal Pradesh,Sputnik
28828,9408,38236,31343,6893,Jammu and Kashmir,Sputnik
16691,6324,23015,15819,7196,Jharkhand,Sputnik
36236,9935,46171,31031,15140,Karnataka,Sputnik
3291,35538,38829,6211,32618,Kerala,Sputnik
35243,33796,69039,63490,5549,Ladakh,Sputnik
23678,26990,50668,39934,10734,Madhya Pradesh,Sputnik
31262,24620,55882,22365,33517,Maharashtra,Sputnik
36369,37414,73783,67976,5807,Manipur,Sputnik
27465,12958,40423,36612,3811,Meghalaya,Sputnik
22436,24931,47367,33708,13659,Mizoram,Sputnik
31526,5278,36804,19332,17472,Nagaland,Sputnik
47693,39824,87517,9426,78091,Odisha,Sputnik
36232,38831,75063,23762,51301,Puducherry,Sputnik
5748,24724,30472,26578,3894,Punjab,Sputnik
17616,48843,66459,11272,55187,Rajasthan,Sputnik
16917,7080,23997,8577,15420,Sikkim,Sputnik
19501,13818,33319,22227,11092,Tamil Nadu,Sputnik
29420,14830,44250,6341,37909,Telengana,Sputnik
20413,41384,61797,39863,21934,Tripura,Sputnik
32341,36407,68748,61226,7522,Uttarakhand,Sputnik
41432,13037,54469,18747,35722,Uttar Pradesh,Sputnik
36632,42016,78648,72759,5889,West Bengal,Sputnik
25401,29315,54716,22087,32629,Cases being reassigned to states,Sputnik
31569,8992,40561,24099,16462,Andaman and Nicobar Islands,Sputnik
7146,28463,35609,23095,12514,Andhra Pradesh,Sputnik
17007,30479,47486,13498,33988,Arunachal Pradesh,Sputnik
24802,23419,48221,40086,8135,Assam,Sputnik
24239,8168,32407,19947,12460,Bihar,Sputnik
20338,21955,42293,23235,19058,Chandigarh,Sputnik
7411,10867,18278,7085,11193,Chhattisgarh,Sputnik
48259,12416,60675,56041,4634,Dadra and Nagar Haveli and Daman and Diu,Sputnik
31739,8072,39811,17035,22776,Delhi,Sputnik
29506,30928,60434,34149,26285,Goa,Sputnik
13456,46694,60150,13039,47111,Gujarat,Sputnik
23201,4261,27462,15372,12090,Haryana,Sputnik
39921,45032,84953,78482,6471,Himachal Pradesh,Sputnik
14572,46207,60779,10023,50756,Jammu and Kashmir,Sputnik
40777,31370,72147,15657,56490,Jharkhand,Sputnik
20278,11497,31775,16432,15343,Karnataka,Sputnik
11451,49873,61324,34447,26877,Kerala,Sputnik
29014,28200,57214,26079,31135,Ladakh,Sputnik
28350,24802,53152,39458,13694,Madhya Pradesh,Sputnik
3241,11797,15038,9291,5747,Maharashtra,Sputnik
38765,30000,68765,67662,1103,Manipur,Sputnik
36043,20720,56763,39965,16798,Meghalaya,Sputnik
24372,36151,60523,33928,26595,Mizoram,Sputnik
21472,8952,30424,19460,10964,Nagaland,Sputnik
27629,25752,53381,20757,32624,Odisha,Sputnik
29656,27044,56700,15204,41496,Puducherry,Sputnik
21088,36344,57432,51039,6393,Punjab,Sputnik
1941,25817,27758,25977,1781,Rajasthan,Sputnik
4259,24750,29009,7404,21605,Sikkim,Sputnik
18392,46280,64672,59514,5158,Tamil Nadu,Sputnik
32327,26489,58816,41159,17657,Telengana,Sputnik
33194,38056,71250,10259,60991,Tripura,Sputnik
15407,47034,62441,44015,18426,Uttarakhand,Sputnik
37353,15671,53024,33525,19499,Uttar Pradesh,Sputnik
42425,33053,75478,21715,53763,West Bengal,Sputnik
22573,2784,25357,19779,5578,Cases being reassigned to states,Sputnik
48119,20148,68267,57219,11048,Andaman and Nicobar Islands,Sputnik
28554,39462,68016,15775,52241,Andhra Pradesh,Sputnik
48900,48748,97648,80167,17481,Arunachal Pradesh,Sputnik
8845,26127,34972,21311,13661,Assam,Sputnik
16096,22452,38548,35719,2829,Bihar,Sputnik
11682,3769,15451,8490,6961,Chandigarh,Sputnik
4319,25869,30188,23833,6355,Chhattisgarh,Sputnik
32986,49215,82201,52389,29812,Dadra and Nagar Haveli and Daman and Diu,Sputnik
22489,39218,61707,9146,52561,Delhi,Sputnik
20030,3516,23546,17178,6368,Goa,Sputnik
19284,14977,34261,22474,11787,Gujarat,Sputnik
36351,21213,57564,20126,37438,Haryana,Sputnik
49052,25567,74619,17313,57306,Himachal Pradesh,Sputnik
30517,46742,77259,27739,49520,Jammu and Kashmir,Sputnik
2822,38803,41625,38878,2747,Jharkhand,Sputnik
10833,13335,24168,5207,18961,Karnataka,Sputnik
12987,44694,57681,52147,5534,Kerala,Sputnik
27874,34421,62295,37932,24363,Ladakh,Sputnik
45097,38028,83125,32471,50654,Madhya Pradesh,Sputnik
45066,14881,59947,24050,35897,Maharashtra,Sputnik
42505,8610,51115,15957,35158,Manipur,Sputnik
11562,12598,24160,6069,18091,Meghalaya,Sputnik
16666,39307,55973,20270,35703,Mizoram,Sputnik
5949,8086,14035,11336,2699,Nagaland,Sputnik
35250,15148,50398,34792,15606,Odisha,Sputnik
35604,7695,43299,39261,4038,Puducherry,Sputnik
41607,19485,61092,53181,7911,Punjab,Sputnik
37995,3055,41050,35524,5526,Rajasthan,Sputnik
14863,16113,30976,15967,15009,Sikkim,Sputnik
36691,34802,71493,16765,54728,Tamil Nadu,Sputnik
1666,26226,27892,7838,20054,Telengana,Sputnik
17730,8563,26293,10815,15478,Tripura,Sputnik
28902,7329,36231,17432,18799,Uttarakhand,Sputnik
15179,31049,46228,7465,38763,Uttar Pradesh,Sputnik
17980,46522,64502,13066,51436,West Bengal,Sputnik
46141,45020,91161,82765,8396,Cases being reassigned to states,Sputnik
26774,48998,75772,20782,54990,Andaman and Nicobar Islands,Sputnik
15636,15553,31189,13006,18183,Andhra Pradesh,Sputnik
13301,35034,48335,19268,29067,Arunachal Pradesh,Sputnik
48799,17042,65841,32587,33254,Assam,Sputnik
25383,43537,68920,36605,32315,Bihar,Sputnik
20654,43094,63748,48619,15129,Chandigarh,Sputnik
3890,42366,46256,8506,37750,Chhattisgarh,Sputnik
2544,41816,44360,28829,15531,Dadra and Nagar Haveli and Daman and Diu,Sputnik
45531,42216,87747,48431,39316,Delhi,Sputnik
4478,41430,45908,21325,24583,Goa,Sputnik
4624,41446,46070,8270,37800,Gujarat,Sputnik
4107,1522,5629,5474,155,Haryana,Sputnik
24523,18378,42901,15146,27755,Himachal Pradesh,Sputnik
26300,10765,37065,33643,3422,Jammu and Kashmir,Sputnik
39598,43077,82675,46987,35688,Jharkhand,Sputnik
26470,47372,73842,66619,7223,Karnataka,Sputnik
49595,18527,68122,38467,29655,Kerala,Sputnik
9804,19121,28925,16120,12805,Ladakh,Sputnik
5671,20979,26650,15355,11295,Madhya Pradesh,Sputnik
45055,4800,49855,27830,22025,Maharashtra,Sputnik
12847,39548,52395,47034,5361,Manipur,Sputnik
8993,21742,30735,9784,20951,Meghalaya,Sputnik
25617,20182,45799,8507,37292,Mizoram,Sputnik
45839,18104,63943,59831,4112,Nagaland,Sputnik
24530,31840,56370,50445,5925,Odisha,Sputnik
12767,23746,36513,36037,476,Puducherry,Sputnik
29708,11576,41284,16616,24668,Punjab,Sputnik
31115,41668,72783,18137,54646,Rajasthan,Sputnik
38982,13022,52004,11076,40928,Sikkim,Sputnik
28638,45057,73695,22023,51672,Tamil Nadu,Sputnik
30086,37095,67181,59649,7532,Telengana,Sputnik
10938,14862,25800,13995,11805,Tripura,Sputnik
47809,25144,72953,35844,37109,Uttarakhand,Sputnik
32091,4135,36226,29522,6704,Uttar Pradesh,Sputnik
24356,27539,51895,30050,21845,West Bengal,Sputnik
4004,36419,40423,18744,21679,Cases being reassigned to states,Sputnik
42496,42559,85055,38052,47003,Andaman and Nicobar Islands,Sputnik
29334,10705,40039,36473,3566,Andhra Pradesh,Sputnik
16280,14525,30805,17283,13522,Arunachal Pradesh,Sputnik
28794,23434,52228,34740,17488,Assam,Sputnik
4901,15800,20701,14388,6313,Bihar,Sputnik
7652,16872,24524,19791,4733,Chandigarh,Sputnik
46727,35456,82183,34960,47223,Chhattisgarh,Sputnik
17903,39824,57727,5584,52143,Dadra and Nagar Haveli and Daman and Diu,Sputnik
31358,28720,60078,8601,51477,Delhi,Sputnik
32987,12717,45704,20107,25597,Goa,Sputnik
7084,45088,52172,46552,5620,Gujarat,Sputnik
16355,11499,27854,17938,9916,Haryana,Sputnik
20209,48585,68794,14058,54736,Himachal Pradesh,Sputnik
18735,8632,27367,25513,1854,Jammu and Kashmir,Sputnik
13730,47084,60814,12926,47888,Jharkhand,Sputnik
16845,2571,19416,11963,7453,Karnataka,Sputnik
6436,6797,13233,11614,1619,Kerala,Sputnik
2655,15987,18642,12022,6620,Ladakh,Sputnik
7574,48083,55657,47127,8530,Madhya Pradesh,Sputnik
34126,36849,70975,69046,1929,Maharashtra,Sputnik
35518,47763,83281,64663,18618,Manipur,Sputnik
33375,35016,68391,28690,39701,Meghalaya,Sputnik
37723,28448,66171,30426,35745,Mizoram,Sputnik
36969,15182,52151,39909,12242,Nagaland,Sputnik
23946,25532,49478,9932,39546,Odisha,Sputnik
40686,45493,86179,55208,30971,Puducherry,Sputnik
44667,2258,46925,32397,14528,Punjab,Sputnik
6457,26093,32550,11778,20772,Rajasthan,Sputnik
4178,28326,32504,16458,16046,Sikkim,Sputnik
9206,39698,48904,46008,2896,Tamil Nadu,Sputnik
32335,41851,74186,67149,7037,Telengana,Sputnik
6582,34013,40595,12652,27943,Tripura,Sputnik
33800,2452,36252,33937,2315,Uttarakhand,Sputnik
30556,29246,59802,45732,14070,Uttar Pradesh,Sputnik
44851,34237,79088,37311,41777,West Bengal,Sputnik
15208,35571,50779,46132,4647,Cases being reassigned to states,Sputnik
1984,41242,43226,42506,720,Andaman and Nicobar Islands,Sputnik
44938,44434,89372,24851,64521,Andhra Pradesh,Sputnik
41873,39334,81207,10716,70491,Arunachal Pradesh,Sputnik
15566,32334,47900,28938,18962,Assam,Sputnik
4765,48483,53248,50697,2551,Bihar,Sputnik
16834,10817,27651,9193,18458,Chandigarh,Sputnik
25565,36965,62530,35894,26636,Chhattisgarh,Sputnik
24484,14047,38531,16685,21846,Dadra and Nagar Haveli and Daman and Diu,Sputnik
47657,23982,71639,23558,48081,Delhi,Sputnik
10202,45070,55272,28460,26812,Goa,Sputnik
41186,25865,67051,39659,27392,Gujarat,Sputnik
33373,40098,73471,16624,56847,Haryana,Sputnik
43586,26595,70181,45461,24720,Himachal Pradesh,Sputnik
4617,34045,38662,33180,5482,Jammu and Kashmir,Sputnik
33530,21220,54750,45018,9732,Jharkhand,Sputnik
36221,20234,56455,19311,37144,Karnataka,Sputnik
10389,42194,52583,8918,43665,Kerala,Sputnik
7282,3833,11115,10100,1015,Ladakh,Sputnik
48238,19319,67557,20548,47009,Madhya Pradesh,Sputnik
48505,30374,78879,64477,14402,Maharashtra,Sputnik
16315,46903,63218,19258,43960,Manipur,Sputnik
7262,29953,37215,19699,17516,Meghalaya,Sputnik
44114,16908,61022,11875,49147,Mizoram,Sputnik
9591,14822,24413,21808,2605,Nagaland,Sputnik
9019,15583,24602,21638,2964,Odisha,Sputnik
36980,36417,73397,44174,29223,Puducherry,Sputnik
10667,12971,23638,8692,14946,Punjab,Sputnik
43736,17378,61114,5580,55534,Rajasthan,Sputnik
9462,23485,32947,20371,12576,Sikkim,Sputnik
17338,11175,28513,7414,21099,Tamil Nadu,Sputnik
24869,30920,55789,43680,12109,Telengana,Sputnik
42338,33002,75340,62201,13139,Tripura,Sputnik
46377,20211,66588,39533,27055,Uttarakhand,Sputnik
36697,7133,43830,39309,4521,Uttar Pradesh,Sputnik
34597,24330,58927,23581,35346,West Bengal,Sputnik
14820,3315,18135,5541,12594,Cases being reassigned to states,Sputnik
15205,27730,42935,12043,30892,Andaman and Nicobar Islands,Sputnik
36101,38767,74868,43203,31665,Andhra Pradesh,Sputnik
2271,46068,48339,25794,22545,Arunachal Pradesh,Sputnik
39929,30667,70596,48768,21828,Assam,Sputnik
4239,39660,43899,17600,26299,Bihar,Sputnik
18654,36778,55432,18784,36648,Chandigarh,Sputnik
3155,19547,22702,6593,16109,Chhattisgarh,Sputnik
47666,36576,84242,50766,33476,Dadra and Nagar Haveli and Daman and Diu,Sputnik
23848,9453,33301,30571,2730,Delhi,Sputnik
33422,47860,81282,20858,60424,Goa,Sputnik
43798,27875,71673,27458,44215,Gujarat,Sputnik
1630,32555,34185,18276,15909,Haryana,Sputnik
31792,46122,77914,74394,3520,Himachal Pradesh,Sputnik
17059,20322,37381,24500,12881,Jammu and Kashmir,Sputnik
42401,14666,57067,30301,26766,Jharkhand,Sputnik
30941,6066,37007,28705,8302,Karnataka,Sputnik
33815,5639,39454,13800,25654,Kerala,Sputnik
49581,2993,52574,43559,9015,Ladakh,Sputnik
28151,5214,33365,20965,12400,Madhya Pradesh,Sputnik
12482,12340,24822,22073,2749,Maharashtra,Sputnik
43175,36109,79284,52904,26380,Manipur,Sputnik
10191,27074,37265,18136,19129,Meghalaya,Sputnik
7582,11602,19184,8211,10973,Mizoram,Sputnik
30354,22562,52916,52833,83,Nagaland,Sputnik
39269,8813,48082,39240,8842,Odisha,Sputnik
34671,41510,76181,52512,23669,Puducherry,Sputnik
22222,8666,30888,23819,7069,Punjab,Sputnik
25713,40091,65804,21178,44626,Rajasthan,Sputnik
47185,38835,86020,41845,44175,Sikkim,Sputnik
8578,21562,30140,5750,24390,Tamil Nadu,Sputnik
31193,42773,73966,23981,49985,Telengana,Sputnik
30670,14593,45263,16845,28418,Tripura,Sputnik
14587,19919,34506,6223,28283,Uttarakhand,Sputnik
14189,17191,31380,24656,6724,Uttar Pradesh,Sputnik
6766,7279,14045,12880,1165,West Bengal,Sputnik
45952,49310,95262,30442,64820,Cases being reassigned to states,Sputnik
3403,22606,26009,14988,11021,Andaman and Nicobar Islands,Sputnik
1503,41274,42777,35503,7274,Andhra Pradesh,Sputnik
8528,21223,29751,19232,10519,Arunachal Pradesh,Sputnik
28371,40813,69184,55700,13484,Assam,Sputnik
29292,19958,49250,32504,16746,Bihar,Sputnik
46318,41670,87988,35283,52705,Chandigarh,Sputnik
25838,4352,30190,12648,17542,Chhattisgarh,Sputnik
30752,39701,70453,41270,29183,Dadra and Nagar Haveli and Daman and Diu,Sputnik
47239,7476,54715,17969,36746,Delhi,Sputnik
16333,47082,63415,35533,27882,Goa,Sputnik
6357,16157,22514,13851,8663,Gujarat,Sputnik
30173,26697,56870,48620,8250,Haryana,Sputnik
41767,23553,65320,44491,20829,Himachal Pradesh,Sputnik
19996,20965,40961,34738,6223,Jammu and Kashmir,Sputnik
13169,31671,44840,38804,6036,Jharkhand,Sputnik
11910,10071,21981,20895,1086,Karnataka,Sputnik
44433,25286,69719,49181,20538,Kerala,Sputnik
13350,12083,25433,13872,11561,Ladakh,Sputnik
26998,46229,73227,68514,4713,Madhya Pradesh,Sputnik
42588,29660,72248,46857,25391,Maharashtra,Sputnik
16744,9939,26683,15297,11386,Manipur,Sputnik
12751,5225,17976,16918,1058,Meghalaya,Sputnik
31864,34219,66083,40994,25089,Mizoram,Sputnik
43571,43440,87011,19779,67232,Nagaland,Sputnik
10667,39609,50276,28416,21860,Odisha,Sputnik
32681,42383,75064,51726,23338,Puducherry,Sputnik
21756,41239,62995,43590,19405,Punjab,Sputnik
21788,45178,66966,41338,25628,Rajasthan,Sputnik
14069,11254,25323,10777,14546,Sikkim,Sputnik
7415,24306,31721,25165,6556,Tamil Nadu,Sputnik
4613,9861,14474,5293,9181,Telengana,Sputnik
47563,10006,57569,28313,29256,Tripura,Sputnik
30177,26230,56407,44442,11965,Uttarakhand,Sputnik
15817,30992,46809,36034,10775,Uttar Pradesh,Sputnik
40208,20543,60751,27577,33174,West Bengal,Sputnik
4465,14855,19320,18124,1196,Andaman and Nicobar Islands,Sputnik
14528,9108,23636,11410,12226,Andhra Pradesh,Sputnik
40631,9010,49641,37173,12468,Arunachal Pradesh,Sputnik
8032,44534,52566,45127,7439,Assam,Sputnik
23963,19095,43058,35771,7287,Bihar,Sputnik
8863,6830,15693,5031,10662,Chandigarh,Sputnik
25645,18346,43991,39386,4605,Chhattisgarh,Sputnik
42515,22508,65023,61156,3867,Dadra and Nagar Haveli and Daman and Diu,Sputnik
42482,12709,55191,51603,3588,Delhi,Sputnik
2071,6670,8741,8323,418,Goa,Sputnik
33053,21699,54752,52182,2570,Gujarat,Sputnik
31957,28797,60754,48500,12254,Haryana,Sputnik
42093,7190,49283,23114,26169,Himachal Pradesh,Sputnik
34881,30303,65184,62635,2549,Jammu and Kashmir,Sputnik
31852,4333,36185,21018,15167,Jharkhand,Sputnik
2324,19061,21385,7846,13539,Karnataka,Sputnik
27811,7291,35102,24561,10541,Kerala,Sputnik
19762,15783,35545,34315,1230,Ladakh,Sputnik
40843,43401,84244,44308,39936,Madhya Pradesh,Sputnik
13036,18880,31916,19249,12667,Maharashtra,Sputnik
26765,11375,38140,30023,8117,Manipur,Sputnik
19753,32157,51910,14545,37365,Meghalaya,Sputnik
4798,38059,42857,26189,16668,Mizoram,Sputnik
13744,42786,56530,17586,38944,Nagaland,Sputnik
18496,16501,34997,29184,5813,Odisha,Sputnik
29301,48905,78206,61919,16287,Puducherry,Sputnik
41771,11314,53085,50883,2202,Punjab,Sputnik
27174,13689,40863,17896,22967,Rajasthan,Sputnik
30060,37062,67122,21749,45373,Sikkim,Sputnik
2934,42681,45615,14785,30830,Tamil Nadu,Sputnik
20984,12541,33525,25353,8172,Telengana,Sputnik
31182,20624,51806,50511,1295,Tripura,Sputnik
11926,49845,61771,44399,17372,Uttarakhand,Sputnik
1924,38980,40904,24382,16522,Uttar Pradesh,Sputnik
11987,47843,59830,34144,25686,West Bengal,Sputnik
4530,12679,17209,15642,1567,Andaman and Nicobar Islands,Sputnik
2155,21980,24135,13793,10342,Andhra Pradesh,Sputnik
20811,31571,52382,20975,31407,Arunachal Pradesh,Sputnik
23931,38891,62822,42235,20587,Assam,Sputnik
39458,24720,64178,55459,8719,Bihar,Sputnik
24649,37663,62312,27129,35183,Chandigarh,Sputnik
36413,44808,81221,50288,30933,Chhattisgarh,Sputnik
19672,13788,33460,30925,2535,Dadra and Nagar Haveli and Daman and Diu,Sputnik
19407,38569,57976,37248,20728,Delhi,Sputnik
48269,21633,69902,50361,19541,Goa,Sputnik
19882,21558,41440,11180,30260,Gujarat,Sputnik
29426,28122,57548,42161,15387,Haryana,Sputnik
13271,8403,21674,5186,16488,Himachal Pradesh,Sputnik
8366,8283,16649,5707,10942,Jammu and Kashmir,Sputnik
6078,48174,54252,23078,31174,Jharkhand,Sputnik
18603,23732,42335,15789,26546,Karnataka,Sputnik
48773,40713,89486,18308,71178,Kerala,Sputnik
9451,33515,42966,37369,5597,Ladakh,Sputnik
11515,15244,26759,21731,5028,Madhya Pradesh,Sputnik
47039,23099,70138,29830,40308,Maharashtra,Sputnik
35962,40334,76296,20608,55688,Manipur,Sputnik
43364,1514,44878,22730,22148,Meghalaya,Sputnik
33859,47969,81828,77245,4583,Mizoram,Sputnik
6929,20455,27384,11219,16165,Nagaland,Sputnik
15113,11062,26175,10945,15230,Odisha,Sputnik
48222,20731,68953,61010,7943,Puducherry,Sputnik
10476,23627,34103,18065,16038,Punjab,Sputnik
14266,3027,17293,11174,6119,Rajasthan,Sputnik
29263,16556,45819,10108,35711,Sikkim,Sputnik
34034,46123,80157,67181,12976,Tamil Nadu,Sputnik
36112,33928,70040,22654,47386,Telengana,Sputnik
37822,9745,47567,25867,21700,Tripura,Sputnik
13457,20918,34375,6189,28186,Uttarakhand,Sputnik
27544,27238,54782,9275,45507,Uttar Pradesh,Sputnik
11282,1636,12918,6838,6080,West Bengal,Sputnik
6664,23038,29702,24749,4953,Andaman and Nicobar Islands,Sputnik
48958,10342,59300,52447,6853,Andhra Pradesh,Sputnik
33002,2766,35768,21202,14566,Arunachal Pradesh,Sputnik
48999,24828,73827,32340,41487,Assam,Sputnik
12739,46441,59180,5560,53620,Bihar,Sputnik
11582,23720,35302,20642,14660,Chandigarh,Sputnik
45883,16432,62315,45973,16342,Chhattisgarh,Sputnik
18328,41508,59836,19261,40575,Dadra and Nagar Haveli and Daman and Diu,Sputnik
22677,3607,26284,11865,14419,Delhi,Sputnik
5419,24045,29464,25010,4454,Goa,Sputnik
22731,29566,52297,19017,33280,Gujarat,Sputnik
22452,36188,58640,41500,17140,Haryana,Sputnik
23808,49021,72829,30268,42561,Himachal Pradesh,Sputnik
19710,41377,61087,6425,54662,Jammu and Kashmir,Sputnik
20331,43297,63628,62683,945,Jharkhand,Sputnik
28227,30965,59192,24762,34430,Karnataka,Sputnik
24780,5329,30109,21265,8844,Kerala,Sputnik
39383,24121,63504,28348,35156,Ladakh,Sputnik
47948,37394,85342,53519,31823,Madhya Pradesh,Sputnik
21514,27118,48632,31662,16970,Maharashtra,Sputnik
6883,12230,19113,5236,13877,Manipur,Sputnik
28773,9626,38399,17953,20446,Meghalaya,Sputnik
34057,3572,37629,8946,28683,Mizoram,Sputnik
8039,33291,41330,13404,27926,Nagaland,Sputnik
45825,29516,75341,55055,20286,Odisha,Sputnik
10250,45895,56145,39687,16458,Puducherry,Sputnik
33235,35349,68584,14296,54288,Punjab,Sputnik
20355,6652,27007,18552,8455,Rajasthan,Sputnik
39274,46552,85826,44017,41809,Sikkim,Sputnik
35307,6627,41934,10174,31760,Tamil Nadu,Sputnik
3569,5854,9423,7000,2423,Telengana,Sputnik
39835,40515,80350,61202,19148,Tripura,Sputnik
30347,30619,60966,38492,22474,Uttarakhand,Sputnik
29561,7414,36975,17942,19033,Uttar Pradesh,Sputnik
31523,19664,51187,24346,26841,West Bengal,Sputnik
47895,24799,72694,64260,8434,Andaman and Nicobar Islands,Sputnik
24415,21153,45568,21514,24054,Andhra Pradesh,Sputnik
35396,24752,60148,50126,10022,Arunachal Pradesh,Sputnik
30128,27588,57716,29788,27928,Assam,Sputnik
2632,25520,28152,17726,10426,Bihar,Sputnik
43154,25008,68162,28644,39518,Chandigarh,Sputnik
21169,14358,35527,12290,23237,Chhattisgarh,Sputnik
42714,36922,79636,5378,74258,Dadra and Nagar Haveli and Daman and Diu,Sputnik
27915,38072,65987,60701,5286,Delhi,Sputnik
30381,13255,43636,20677,22959,Goa,Sputnik
9652,35750,45402,43636,1766,Gujarat,Sputnik
45986,22620,68606,40191,28415,Haryana,Sputnik
37771,43185,80956,12192,68764,Himachal Pradesh,Sputnik
49217,42821,92038,76417,15621,Jammu and Kashmir,Sputnik
28042,13983,42025,41715,310,Jharkhand,Sputnik
39546,33813,73359,52237,21122,Karnataka,Sputnik
24889,41294,66183,40649,25534,Kerala,Sputnik
23883,2377,26260,22677,3583,Ladakh,Sputnik
27653,31011,58664,52279,6385,Madhya Pradesh,Sputnik
34819,18992,53811,16336,37475,Maharashtra,Sputnik
22863,32434,55297,17932,37365,Manipur,Sputnik
3003,47612,50615,27414,23201,Meghalaya,Sputnik
17238,41418,58656,54004,4652,Mizoram,Sputnik
45701,15957,61658,13571,48087,Nagaland,Sputnik
28907,5486,34393,10655,23738,Odisha,Sputnik
22132,30335,52467,32423,20044,Puducherry,Sputnik
28386,10358,38744,25538,13206,Punjab,Sputnik
8790,2214,11004,7114,3890,Rajasthan,Sputnik
49509,33885,83394,77345,6049,Sikkim,Sputnik
48941,17146,66087,17058,49029,Tamil Nadu,Sputnik
40995,4030,45025,25141,19884,Telengana,Sputnik
48329,30439,78768,23444,55324,Tripura,Sputnik
11925,40015,51940,21875,30065,Uttarakhand,Sputnik
43209,43257,86466,15064,71402,Uttar Pradesh,Sputnik
36694,32749,69443,57341,12102,West Bengal,Sputnik
9511,40907,50418,17453,32965,Andaman and Nicobar Islands,Sputnik
28042,39258,67300,43563,23737,Andhra Pradesh,Sputnik
2995,45936,48931,47954,977,Arunachal Pradesh,Sputnik
24464,35261,59725,46991,12734,Assam,Sputnik
17361,7670,25031,22165,2866,Bihar,Sputnik
41487,25777,67264,26053,41211,Chandigarh,Sputnik
1945,20452,22397,9277,13120,Chhattisgarh,Sputnik
39188,8574,47762,34475,13287,Dadra and Nagar Haveli and Daman and Diu,Sputnik
35409,12468,47877,34646,13231,Delhi,Sputnik
22015,42731,64746,10665,54081,Goa,Sputnik
41252,6264,47516,45037,2479,Gujarat,Sputnik
25016,30909,55925,9215,46710,Haryana,Sputnik
27077,33090,60167,13949,46218,Himachal Pradesh,Sputnik
30225,41006,71231,43520,27711,Jammu and Kashmir,Sputnik
27206,37847,65053,25360,39693,Jharkhand,Sputnik
38536,8652,47188,23150,24038,Karnataka,Sputnik
10542,19743,30285,18712,11573,Kerala,Sputnik
4240,48102,52342,44610,7732,Ladakh,Sputnik
20019,42167,62186,32404,29782,Madhya Pradesh,Sputnik
25420,7711,33131,15028,18103,Maharashtra,Sputnik
13328,4281,17609,17429,180,Manipur,Sputnik
19200,26734,45934,10764,35170,Meghalaya,Sputnik
14308,33051,47359,33756,13603,Mizoram,Sputnik
48165,5344,53509,41841,11668,Nagaland,Sputnik
15316,49661,64977,21084,43893,Odisha,Sputnik
46908,16963,63871,7766,56105,Puducherry,Sputnik
36499,12165,48664,42929,5735,Punjab,Sputnik
6471,42671,49142,10882,38260,Rajasthan,Sputnik
41921,43183,85104,78709,6395,Sikkim,Sputnik
45850,36293,82143,38555,43588,Tamil Nadu,Sputnik
13750,47159,60909,47296,13613,Telengana,Sputnik
14046,1615,15661,11939,3722,Tripura,Sputnik
16843,10932,27775,6956,20819,Uttarakhand,Sputnik
35475,43677,79152,20423,58729,Uttar Pradesh,Sputnik
9239,43267,52506,5497,47009,West Bengal,Sputnik
10516,37551,48067,34735,13332,Andaman and Nicobar Islands,Sputnik
22860,6078,28938,13066,15872,Andhra Pradesh,Sputnik
43198,8218,51416,13848,37568,Arunachal Pradesh,Sputnik
38863,29479,68342,42851,25491,Assam,Sputnik
42047,46943,88990,22775,66215,Bihar,Sputnik
7674,47786,55460,26051,29409,Chandigarh,Sputnik
24142,34689,58831,16115,42716,Chhattisgarh,Sputnik
24954,47016,71970,24763,47207,Dadra and Nagar Haveli and Daman and Diu,Sputnik
5502,1785,7287,6066,1221,Delhi,Sputnik
20222,30116,50338,29195,21143,Goa,Sputnik
17066,6271,23337,10501,12836,Gujarat,Sputnik
32179,16119,48298,12601,35697,Haryana,Sputnik
28526,49499,78025,34173,43852,Himachal Pradesh,Sputnik
29446,43549,72995,72807,188,Jammu and Kashmir,Sputnik
21057,4510,25567,24975,592,Jharkhand,Sputnik
30541,5731,36272,16377,19895,Karnataka,Sputnik
24690,47133,71823,11506,60317,Kerala,Sputnik
9057,30544,39601,9959,29642,Ladakh,Sputnik
27400,24506,51906,14688,37218,Madhya Pradesh,Sputnik
14281,42919,57200,43680,13520,Maharashtra,Sputnik
24660,15010,39670,32037,7633,Manipur,Sputnik
8043,39231,47274,16121,31153,Meghalaya,Sputnik
34070,30440,64510,17222,47288,Mizoram,Sputnik
25105,29529,54634,33651,20983,Nagaland,Sputnik
12907,44512,57419,52551,4868,Odisha,Sputnik
37102,11983,49085,47058,2027,Puducherry,Sputnik
32464,6455,38919,22140,16779,Punjab,Sputnik
42891,7106,49997,13753,36244,Rajasthan,Sputnik
16202,40762,56964,22621,34343,Sikkim,Sputnik
10488,8522,19010,12684,6326,Tamil Nadu,Sputnik
37640,41998,79638,47415,32223,Telengana,Sputnik
49001,44791,93792,38734,55058,Tripura,Sputnik
14537,7862,22399,13320,9079,Uttarakhand,Sputnik
14312,41275,55587,13872,41715,Uttar Pradesh,Sputnik
17117,40625,57742,31458,26284,West Bengal,Sputnik
5039,3109,8148,7890,258,Andaman and Nicobar Islands,Sputnik
8538,12081,20619,12477,8142,Andhra Pradesh,Sputnik
42830,19272,62102,49406,12696,Arunachal Pradesh,Sputnik
36190,5476,41666,11433,30233,Assam,Sputnik
4619,3464,8083,5839,2244,Bihar,Sputnik
22136,6196,28332,17624,10708,Chandigarh,Sputnik
2622,33801,36423,22880,13543,Chhattisgarh,Sputnik
46546,21715,68261,17085,51176,Dadra and Nagar Haveli and Daman and Diu,Sputnik
45334,35521,80855,15458,65397,Delhi,Sputnik
28365,27313,55678,28624,27054,Goa,Sputnik
48302,9181,57483,44625,12858,Gujarat,Sputnik
23138,41139,64277,27705,36572,Haryana,Sputnik
9754,33846,43600,36937,6663,Himachal Pradesh,Sputnik
35882,29467,65349,18917,46432,Jammu and Kashmir,Sputnik
5399,44834,50233,47146,3087,Jharkhand,Sputnik
29714,41523,71237,51423,19814,Karnataka,Sputnik
5361,11592,16953,13088,3865,Kerala,Sputnik
27496,16448,43944,31848,12096,Ladakh,Sputnik
28137,40313,68450,58719,9731,Madhya Pradesh,Sputnik
40191,25258,65449,56247,9202,Maharashtra,Sputnik
35895,25904,61799,27622,34177,Manipur,Sputnik
22779,2642,25421,16547,8874,Meghalaya,Sputnik
30161,5378,35539,16711,18828,Mizoram,Sputnik
14448,17829,32277,5247,27030,Nagaland,Sputnik
13145,45358,58503,42933,15570,Odisha,Sputnik
35470,6708,42178,19880,22298,Puducherry,Sputnik
28389,15772,44161,28722,15439,Punjab,Sputnik
45361,13100,58461,33960,24501,Rajasthan,Sputnik
46152,34652,80804,78499,2305,Sikkim,Sputnik
5711,8149,13860,6112,7748,Tamil Nadu,Sputnik
38210,3135,41345,29640,11705,Telengana,Sputnik
15956,21288,37244,32217,5027,Tripura,Sputnik
49092,20056,69148,36914,32234,Uttarakhand,Sputnik
42235,21364,63599,9361,54238,Uttar Pradesh,Sputnik
14272,34229,48501,30954,17547,West Bengal,Sputnik
4793,8488,13281,6130,7151,Andaman and Nicobar Islands,Sputnik
10925,34090,45015,38642,6373,Andhra Pradesh,Sputnik
22008,25417,47425,36821,10604,Arunachal Pradesh,Sputnik
49259,30657,79916,8449,71467,Assam,Sputnik
22236,4614,26850,5433,21417,Bihar,Sputnik
48527,31328,79855,5140,74715,Chandigarh,Sputnik
39793,41206,80999,53213,27786,Chhattisgarh,Sputnik
45747,23790,69537,42656,26881,Dadra and Nagar Haveli and Daman and Diu,Sputnik
28144,4472,32616,29337,3279,Delhi,Sputnik
18825,24917,43742,12651,31091,Goa,Sputnik
42232,14174,56406,38724,17682,Gujarat,Sputnik
19720,45789,65509,8595,56914,Haryana,Sputnik
48822,36679,85501,21423,64078,Himachal Pradesh,Sputnik
23058,14416,37474,37154,320,Jammu and Kashmir,Sputnik
17290,20534,37824,18450,19374,Jharkhand,Sputnik
49216,15202,64418,25916,38502,Karnataka,Sputnik
20373,4599,24972,20885,4087,Kerala,Sputnik
16695,17446,34141,12521,21620,Ladakh,Sputnik
2275,22803,25078,18845,6233,Madhya Pradesh,Sputnik
22519,7276,29795,13250,16545,Maharashtra,Sputnik
38062,30191,68253,26389,41864,Manipur,Sputnik
23977,7093,31070,9275,21795,Meghalaya,Sputnik
23805,49922,73727,18618,55109,Mizoram,Sputnik
25893,20908,46801,24411,22390,Nagaland,Sputnik
7385,20531,27916,5968,21948,Odisha,Sputnik
13364,10957,24321,5523,18798,Puducherry,Sputnik
19811,10413,30224,22248,7976,Punjab,Sputnik
49198,24377,73575,50157,23418,Rajasthan,Sputnik
36515,25940,62455,46719,15736,Sikkim,Sputnik
16079,16876,32955,19732,13223,Tamil Nadu,Sputnik
2863,30063,32926,19194,13732,Telengana,Sputnik
26870,36794,63664,7498,56166,Tripura,Sputnik
10806,37874,48680,34393,14287,Uttarakhand,Sputnik
26560,12996,39556,11281,28275,Uttar Pradesh,Sputnik
3872,46972,50844,10453,40391,West Bengal,Sputnik
35817,46447,82264,17352,64912,Andaman and Nicobar Islands,Sputnik
20359,17784,38143,6487,31656,Andhra Pradesh,Sputnik
2313,42895,45208,35822,9386,Arunachal Pradesh,Sputnik
24506,8934,33440,11568,21872,Assam,Sputnik
26848,46378,73226,14577,58649,Bihar,Sputnik
10924,27586,38510,7485,31025,Chandigarh,Sputnik
37102,40018,77120,60289,16831,Chhattisgarh,Sputnik
27038,3605,30643,12390,18253,Dadra and Nagar Haveli and Daman and Diu,Sputnik
8119,26737,34856,16933,17923,Delhi,Sputnik
32663,15487,48150,36878,11272,Goa,Sputnik
38617,16906,55523,41169,14354,Gujarat,Sputnik
49093,43904,92997,19374,73623,Haryana,Sputnik
32976,27278,60254,57001,3253,Himachal Pradesh,Sputnik
19195,37460,56655,34848,21807,Jammu and Kashmir,Sputnik
48253,6149,54402,37116,17286,Jharkhand,Sputnik
46206,48550,94756,26021,68735,Karnataka,Sputnik
6641,36922,43563,42838,725,Kerala,Sputnik
40146,31816,71962,41748,30214,Ladakh,Sputnik
36044,48984,85028,56387,28641,Madhya Pradesh,Sputnik
10498,9799,20297,13801,6496,Maharashtra,Sputnik
32943,5604,38547,32974,5573,Manipur,Sputnik
24127,33434,57561,35202,22359,Meghalaya,Sputnik
5935,45662,51597,21566,30031,Mizoram,Sputnik
11956,15290,27246,9395,17851,Nagaland,Sputnik
8201,47929,56130,11313,44817,Odisha,Sputnik
8938,22133,31071,8045,23026,Puducherry,Sputnik
24447,49665,74112,35662,38450,Punjab,Sputnik
43388,34622,78010,64220,13790,Rajasthan,Sputnik
39348,2169,41517,24130,17387,Sikkim,Sputnik
22050,28198,50248,21314,28934,Tamil Nadu,Sputnik
36069,12794,48863,41767,7096,Telengana,Sputnik
7496,25694,33190,11238,21952,Tripura,Sputnik
41668,36829,78497,17474,61023,Uttarakhand,Sputnik
4654,13657,18311,12163,6148,Uttar Pradesh,Sputnik
24867,37614,62481,15875,46606,West Bengal,Sputnik
34417,23325,57742,6153,51589,Andaman and Nicobar Islands,Sputnik
48737,36879,85616,46267,39349,Andhra Pradesh,Sputnik
5131,11916,17047,5102,11945,Arunachal Pradesh,Sputnik
41313,8227,49540,17766,31774,Assam,Sputnik
43778,17879,61657,15102,46555,Bihar,Sputnik
7404,25066,32470,14401,18069,Chandigarh,Sputnik
20123,18394,38517,7267,31250,Chhattisgarh,Sputnik
49925,33910,83835,31422,52413,Dadra and Nagar Haveli and Daman and Diu,Sputnik
19691,10451,30142,27160,2982,Delhi,Sputnik
48666,41533,90199,34731,55468,Goa,Sputnik
35090,25482,60572,57570,3002,Gujarat,Sputnik
29540,42326,71866,38386,33480,Haryana,Sputnik
21826,9435,31261,26101,5160,Himachal Pradesh,Sputnik
37321,24411,61732,55036,6696,Jammu and Kashmir,Sputnik
30740,7347,38087,8496,29591,Jharkhand,Sputnik
6137,25755,31892,27040,4852,Karnataka,Sputnik
18041,26180,44221,24531,19690,Kerala,Sputnik
18221,8954,27175,6332,20843,Ladakh,Sputnik
38410,32395,70805,62277,8528,Madhya Pradesh,Sputnik
6028,49898,55926,42721,13205,Maharashtra,Sputnik
37212,38697,75909,35727,40182,Manipur,Sputnik
41550,49260,90810,38842,51968,Meghalaya,Sputnik
9499,13885,23384,15214,8170,Mizoram,Sputnik
18241,8918,27159,14344,12815,Nagaland,Sputnik
38193,39752,77945,49052,28893,Odisha,Sputnik
9892,17028,26920,7376,19544,Puducherry,Sputnik
43262,5956,49218,11284,37934,Punjab,Sputnik
4925,12061,16986,8667,8319,Rajasthan,Sputnik
9515,45996,55511,46764,8747,Sikkim,Sputnik
24343,19625,43968,15527,28441,Tamil Nadu,Sputnik
25350,36191,61541,45516,16025,Telengana,Sputnik
33706,46873,80579,57255,23324,Tripura,Sputnik
5690,42978,48668,12239,36429,Uttarakhand,Sputnik
38242,14944,53186,8363,44823,Uttar Pradesh,Sputnik
34220,18299,52519,34908,17611,West Bengal,Sputnik
2903,40074,42977,26416,16561,Andaman and Nicobar Islands,Sputnik
31408,39441,70849,28435,42414,Andhra Pradesh,Sputnik
32077,47987,80064,71069,8995,Arunachal Pradesh,Sputnik
34738,1641,36379,34735,1644,Assam,Sputnik
39555,8755,48310,16619,31691,Bihar,Sputnik
23193,3632,26825,24669,2156,Chandigarh,Sputnik
31122,42954,74076,17527,56549,Chhattisgarh,Sputnik
33110,4776,37886,18579,19307,Dadra and Nagar Haveli and Daman and Diu,Sputnik
21097,14012,35109,5864,29245,Delhi,Sputnik
21116,40199,61315,39535,21780,Goa,Sputnik
22435,15850,38285,19167,19118,Gujarat,Sputnik
19786,18564,38350,14138,24212,Haryana,Sputnik
26200,21699,47899,43164,4735,Himachal Pradesh,Sputnik
45742,17931,63673,31236,32437,Jammu and Kashmir,Sputnik
22750,28257,51007,47392,3615,Jharkhand,Sputnik
48870,2128,50998,13136,37862,Karnataka,Sputnik
3620,15461,19081,17719,1362,Kerala,Sputnik
11195,19893,31088,7145,23943,Ladakh,Sputnik
5315,19266,24581,10727,13854,Madhya Pradesh,Sputnik
7635,37887,45522,7589,37933,Maharashtra,Sputnik
19979,33157,53136,20640,32496,Manipur,Sputnik
33638,14346,47984,27853,20131,Meghalaya,Sputnik
18799,9586,28385,15913,12472,Mizoram,Sputnik
21378,18302,39680,31646,8034,Nagaland,Sputnik
28414,32245,60659,37558,23101,Odisha,Sputnik
26132,14530,40662,6059,34603,Puducherry,Sputnik
39439,15859,55298,14487,40811,Punjab,Sputnik
41778,13298,55076,7424,47652,Rajasthan,Sputnik
31107,36569,67676,17883,49793,Sikkim,Sputnik
2538,16510,19048,12258,6790,Tamil Nadu,Sputnik
5831,4807,10638,8627,2011,Telengana,Sputnik
36118,7160,43278,42087,1191,Tripura,Sputnik
6163,23993,30156,13276,16880,Uttarakhand,Sputnik
41542,46579,88121,65108,23013,Uttar Pradesh,Sputnik
43285,6796,50081,22468,27613,West Bengal,Sputnik
43402,5882,49284,19967,29317,Andaman and Nicobar Islands,Sputnik
15560,29755,45315,29592,15723,Andhra Pradesh,Sputnik
14263,5835,20098,17766,2332,Arunachal Pradesh,Sputnik
11622,36325,47947,39147,8800,Assam,Sputnik
15570,14338,29908,10906,19002,Bihar,Sputnik
14972,27004,41976,7513,34463,Chandigarh,Sputnik
36884,18659,55543,50718,4825,Chhattisgarh,Sputnik
39120,36584,75704,29413,46291,Dadra and Nagar Haveli and Daman and Diu,Sputnik
11426,11729,23155,10871,12284,Delhi,Sputnik
1932,42566,44498,14935,29563,Goa,Sputnik
36061,38479,74540,42495,32045,Gujarat,Sputnik
14966,27642,42608,35836,6772,Haryana,Sputnik
49956,30257,80213,5652,74561,Himachal Pradesh,Sputnik
40818,10288,51106,33810,17296,Jammu and Kashmir,Sputnik
11882,2227,14109,12729,1380,Jharkhand,Sputnik
44817,6417,51234,11082,40152,Karnataka,Sputnik
3164,6594,9758,5791,3967,Kerala,Sputnik
37929,10430,48359,14723,33636,Ladakh,Sputnik
38073,42801,80874,44775,36099,Madhya Pradesh,Sputnik
7504,1740,9244,8639,605,Maharashtra,Sputnik
28229,39857,68086,51434,16652,Manipur,Sputnik
7081,36847,43928,13000,30928,Meghalaya,Sputnik
48493,35438,83931,49705,34226,Mizoram,Sputnik
35025,25984,61009,45377,15632,Nagaland,Sputnik
20731,26579,47310,36455,10855,Odisha,Sputnik
30475,41233,71708,6103,65605,Puducherry,Sputnik
15323,31065,46388,9516,36872,Punjab,Sputnik
37377,18573,55950,37706,18244,Rajasthan,Sputnik
28460,5871,34331,29071,5260,Sikkim,Sputnik
16412,18998,35410,5730,29680,Tamil Nadu,Sputnik
47862,19042,66904,42968,23936,Telengana,Sputnik
5107,25486,30593,6188,24405,Tripura,Sputnik
36857,34726,71583,10312,61271,Uttarakhand,Sputnik
36219,37495,73714,67837,5877,Uttar Pradesh,Sputnik
13184,17831,31015,29985,1030,West Bengal,Sputnik
3521,34029,37550,15975,21575,Andaman and Nicobar Islands,Sputnik
30569,21659,52228,13495,38733,Andhra Pradesh,Sputnik
35733,48627,84360,75844,8516,Arunachal Pradesh,Sputnik
41030,16106,57136,9588,47548,Assam,Sputnik
14886,17361,32247,9415,22832,Bihar,Sputnik
11679,48734,60413,54136,6277,Chandigarh,Sputnik
4679,17820,22499,6367,16132,Chhattisgarh,Sputnik
12353,23214,35567,11894,23673,Dadra and Nagar Haveli and Daman and Diu,Sputnik
18187,43604,61791,15927,45864,Delhi,Sputnik
31445,44182,75627,62817,12810,Goa,Sputnik
47532,3264,50796,29645,21151,Gujarat,Sputnik
33292,49951,83243,30956,52287,Haryana,Sputnik
44745,25778,70523,39419,31104,Himachal Pradesh,Sputnik
8080,20514,28594,5662,22932,Jammu and Kashmir,Sputnik
23766,2304,26070,20907,5163,Jharkhand,Sputnik
14483,40716,55199,10440,44759,Karnataka,Sputnik
17274,34458,51732,19836,31896,Kerala,Sputnik
26892,19504,46396,23774,22622,Ladakh,Sputnik
48406,31768,80174,23540,56634,Madhya Pradesh,Sputnik
47607,38376,85983,60369,25614,Maharashtra,Sputnik
9960,46530,56490,40179,16311,Manipur,Sputnik
18225,10779,29004,13774,15230,Meghalaya,Sputnik
39054,49942,88996,70651,18345,Mizoram,Sputnik
21759,5849,27608,19544,8064,Nagaland,Sputnik
4157,22356,26513,23612,2901,Odisha,Sputnik
27235,31524,58759,13991,44768,Puducherry,Sputnik
33728,2845,36573,10079,26494,Punjab,Sputnik
32653,35052,67705,16113,51592,Rajasthan,Sputnik
46371,9146,55517,50106,5411,Sikkim,Sputnik
34184,37570,71754,12281,59473,Tamil Nadu,Sputnik
12250,11894,24144,11583,12561,Telengana,Sputnik
49704,7208,56912,41985,14927,Tripura,Sputnik
14878,41368,56246,21859,34387,Uttarakhand,Sputnik
8011,49396,57407,56104,1303,Uttar Pradesh,Sputnik
17940,6512,24452,21642,2810,West Bengal,Sputnik
35817,41276,77093,39432,37661,Andaman and Nicobar Islands,Sputnik
11252,19120,30372,25462,4910,Andhra Pradesh,Sputnik
39563,34705,74268,60929,13339,Arunachal Pradesh,Sputnik
32510,32552,65062,50074,14988,Assam,Sputnik
16398,28386,44784,19348,25436,Bihar,Sputnik
42110,30402,72512,35338,37174,Chandigarh,Sputnik
24359,20212,44571,36395,8176,Chhattisgarh,Sputnik
19368,42895,62263,43825,18438,Dadra and Nagar Haveli and Daman and Diu,Sputnik
32232,22678,54910,15091,39819,Delhi,Sputnik
16722,6802,23524,18416,5108,Goa,Sputnik
4542,5656,10198,5710,4488,Gujarat,Sputnik
45219,17362,62581,11026,51555,Haryana,Sputnik
9586,9927,19513,17138,2375,Himachal Pradesh,Sputnik
22310,31755,54065,47551,6514,Jammu and Kashmir,Sputnik
7321,25209,32530,24274,8256,Jharkhand,Sputnik
17857,12920,30777,30120,657,Karnataka,Sputnik
34766,17569,52335,42848,9487,Kerala,Sputnik
37163,15997,53160,38443,14717,Ladakh,Sputnik
44114,49380,93494,69466,24028,Madhya Pradesh,Sputnik
46894,20643,67537,39500,28037,Maharashtra,Sputnik
18768,32536,51304,23485,27819,Manipur,Sputnik
34799,12607,47406,21999,25407,Meghalaya,Sputnik
41382,2949,44331,39244,5087,Mizoram,Sputnik
42343,33847,76190,65664,10526,Nagaland,Sputnik
15674,36692,52366,35081,17285,Odisha,Sputnik
46420,39653,86073,64692,21381,Puducherry,Sputnik
48241,39595,87836,55578,32258,Punjab,Sputnik
29675,16341,46016,43191,2825,Rajasthan,Sputnik
2557,41371,43928,43155,773,Sikkim,Sputnik
20964,2032,22996,5323,17673,Tamil Nadu,Sputnik
45089,5703,50792,41167,9625,Telengana,Sputnik
42897,9309,52206,22281,29925,Tripura,Sputnik
14418,41218,55636,13525,42111,Uttarakhand,Sputnik
47977,45050,93027,20882,72145,Uttar Pradesh,Sputnik
44320,29519,73839,45663,28176,West Bengal,Sputnik
11104,17256,28360,12088,16272,Andaman and Nicobar Islands,Sputnik
28956,34830,63786,6093,57693,Andhra Pradesh,Sputnik
14097,20202,34299,30319,3980,Arunachal Pradesh,Sputnik
12544,40498,53042,23660,29382,Assam,Sputnik
48436,37193,85629,51360,34269,Bihar,Sputnik
35133,43248,78381,22840,55541,Chandigarh,Sputnik
35914,7793,43707,26164,17543,Chhattisgarh,Sputnik
28232,40165,68397,44144,24253,Dadra and Nagar Haveli and Daman and Diu,Sputnik
32067,2752,34819,31046,3773,Delhi,Sputnik
44341,25259,69600,20708,48892,Goa,Sputnik
1623,47018,48641,21054,27587,Gujarat,Sputnik
35146,22476,57622,20800,36822,Haryana,Sputnik
48490,40471,88961,14139,74822,Himachal Pradesh,Sputnik
10482,48936,59418,15164,44254,Jammu and Kashmir,Sputnik
20019,19577,39596,17864,21732,Jharkhand,Sputnik
15725,8548,24273,8964,15309,Karnataka,Sputnik
46427,4114,50541,33595,16946,Kerala,Sputnik
48326,20037,68363,33184,35179,Ladakh,Sputnik
44083,41210,85293,28053,57240,Madhya Pradesh,Sputnik
41394,20356,61750,50219,11531,Maharashtra,Sputnik
6522,37564,44086,22164,21922,Manipur,Sputnik
32423,49315,81738,38108,43630,Meghalaya,Sputnik
3885,46394,50279,28697,21582,Mizoram,Sputnik
32655,9374,42029,33217,8812,Nagaland,Sputnik
9032,34847,43879,8392,35487,Odisha,Sputnik
31785,38629,70414,22979,47435,Puducherry,Sputnik
39249,21152,60401,7143,53258,Punjab,Sputnik
13265,38925,52190,32835,19355,Rajasthan,Sputnik
40365,20554,60919,56840,4079,Sikkim,Sputnik
14284,46805,61089,6521,54568,Tamil Nadu,Sputnik
39171,14896,54067,11348,42719,Telengana,Sputnik
16447,23399,39846,12157,27689,Tripura,Sputnik
39159,21720,60879,44263,16616,Uttarakhand,Sputnik
40276,4879,45155,42092,3063,Uttar Pradesh,Sputnik
45674,48932,94606,76523,18083,West Bengal,Sputnik
39522,23682,63204,5915,57289,Andaman and Nicobar Islands,Sputnik
11312,12489,23801,16907,6894,Andhra Pradesh,Sputnik
39857,3303,43160,25594,17566,Arunachal Pradesh,Sputnik
7476,37181,44657,22874,21783,Assam,Sputnik
36968,34121,71089,48301,22788,Bihar,Sputnik
46941,10578,57519,37816,19703,Chandigarh,Sputnik
5293,15231,20524,6181,14343,Chhattisgarh,Sputnik
6952,22860,29812,26593,3219,Dadra and Nagar Haveli and Daman and Diu,Sputnik
19934,35547,55481,14001,41480,Delhi,Sputnik
10870,35717,46587,11579,35008,Goa,Sputnik
23523,41743,65266,34910,30356,Gujarat,Sputnik
23552,45135,68687,39632,29055,Haryana,Sputnik
9979,7168,17147,7781,9366,Himachal Pradesh,Sputnik
14505,16347,30852,27743,3109,Jammu and Kashmir,Sputnik
30969,34629,65598,36389,29209,Jharkhand,Sputnik
5772,10962,16734,14730,2004,Karnataka,Sputnik
22667,24573,47240,25015,22225,Kerala,Sputnik
49571,18602,68173,48950,19223,Ladakh,Sputnik
41778,36646,78424,46242,32182,Madhya Pradesh,Sputnik
42774,13245,56019,28525,27494,Maharashtra,Sputnik
48107,11757,59864,31323,28541,Manipur,Sputnik
13390,5229,18619,12985,5634,Meghalaya,Sputnik
17896,34371,52267,12373,39894,Mizoram,Sputnik
44051,44550,88601,5171,83430,Nagaland,Sputnik
18893,41273,60166,16269,43897,Odisha,Sputnik
10675,7418,18093,13930,4163,Puducherry,Sputnik
38051,40195,78246,63981,14265,Punjab,Sputnik
13057,38212,51269,14784,36485,Rajasthan,Sputnik
35720,26174,61894,37952,23942,Sikkim,Sputnik
6623,32548,39171,19039,20132,Tamil Nadu,Sputnik
35691,12517,48208,42524,5684,Telengana,Sputnik
48995,15794,64789,57015,7774,Tripura,Sputnik
11413,45647,57060,11140,45920,Uttarakhand,Sputnik
39444,29830,69274,34988,34286,Uttar Pradesh,Sputnik
28363,4304,32667,29778,2889,West Bengal,Sputnik
49553,14791,64344,29168,35176,Andaman and Nicobar Islands,Sputnik
43858,21728,65586,43100,22486,Andhra Pradesh,Sputnik
41055,49851,90906,90221,685,Arunachal Pradesh,Sputnik
38512,29920,68432,44377,24055,Assam,Sputnik
16114,30862,46976,14558,32418,Bihar,Sputnik
13279,23392,36671,6213,30458,Chandigarh,Sputnik
47008,22855,69863,66051,3812,Chhattisgarh,Sputnik
29455,11905,41360,29971,11389,Dadra and Nagar Haveli and Daman and Diu,Sputnik
41215,31035,72250,49688,22562,Delhi,Sputnik
13564,35496,49060,39688,9372,Goa,Sputnik
29184,33938,63122,19616,43506,Gujarat,Sputnik
21226,32755,53981,34491,19490,Haryana,Sputnik
40261,36201,76462,7632,68830,Himachal Pradesh,Sputnik
47044,28209,75253,52357,22896,Jammu and Kashmir,Sputnik
6886,45320,52206,51899,307,Jharkhand,Sputnik
4232,21685,25917,19336,6581,Karnataka,Sputnik
44393,26436,70829,23126,47703,Kerala,Sputnik
6311,31983,38294,32556,5738,Ladakh,Sputnik
11273,19144,30417,12211,18206,Madhya Pradesh,Sputnik
12384,12412,24796,7256,17540,Maharashtra,Sputnik
12513,43547,56060,31377,24683,Manipur,Sputnik
47147,35812,82959,63497,19462,Meghalaya,Sputnik
5714,24491,30205,17694,12511,Mizoram,Sputnik
36462,47172,83634,71707,11927,Nagaland,Sputnik
10155,30971,41126,29389,11737,Odisha,Sputnik
36585,44577,81162,68860,12302,Puducherry,Sputnik
11958,40715,52673,35455,17218,Punjab,Sputnik
30647,10921,41568,12870,28698,Rajasthan,Sputnik
4862,24986,29848,25562,4286,Sikkim,Sputnik
27124,38918,66042,6277,59765,Tamil Nadu,Sputnik
36427,17572,53999,36062,17937,Telengana,Sputnik
20362,17457,37819,12951,24868,Tripura,Sputnik
13150,3798,16948,5797,11151,Uttarakhand,Sputnik
31015,9451,40466,21758,18708,Uttar Pradesh,Sputnik
14591,34823,49414,39066,10348,West Bengal,Sputnik
7052,34222,41274,28255,13019,Andaman and Nicobar Islands,Sputnik
1970,44854,46824,5337,41487,Andhra Pradesh,Sputnik
37291,26235,63526,27656,35870,Arunachal Pradesh,Sputnik
40234,34510,74744,61476,13268,Assam,Sputnik
18986,29629,48615,13065,35550,Bihar,Sputnik
27609,13665,41274,28520,12754,Chandigarh,Sputnik
32839,4341,37180,5544,31636,Chhattisgarh,Sputnik
35270,8389,43659,37625,6034,Dadra and Nagar Haveli and Daman and Diu,Sputnik
11167,45245,56412,14045,42367,Delhi,Sputnik
36661,12773,49434,14479,34955,Goa,Sputnik
46887,20684,67571,56860,10711,Gujarat,Sputnik
17730,4813,22543,12771,9772,Haryana,Sputnik
31286,10398,41684,13596,28088,Himachal Pradesh,Sputnik
13231,29639,42870,35476,7394,Jammu and Kashmir,Sputnik
43458,14781,58239,37195,21044,Jharkhand,Sputnik
2291,16162,18453,8983,9470,Karnataka,Sputnik
29412,24576,53988,36974,17014,Kerala,Sputnik
43024,4582,47606,36753,10853,Ladakh,Sputnik
3907,19565,23472,6223,17249,Madhya Pradesh,Sputnik
16208,43554,59762,9457,50305,Maharashtra,Sputnik
41171,8451,49622,18129,31493,Manipur,Sputnik
9393,38976,48369,23605,24764,Meghalaya,Sputnik
29448,47073,76521,27402,49119,Mizoram,Sputnik
4174,14964,19138,8913,10225,Nagaland,Sputnik
47309,24490,71799,61796,10003,Odisha,Sputnik
47514,38903,86417,65622,20795,Puducherry,Sputnik
45619,6321,51940,24146,27794,Punjab,Sputnik
39036,16294,55330,18558,36772,Rajasthan,Sputnik
43342,14969,58311,25373,32938,Sikkim,Sputnik
47331,14598,61929,25458,36471,Tamil Nadu,Sputnik
36917,2770,39687,33097,6590,Telengana,Sputnik
28365,7467,35832,20510,15322,Tripura,Sputnik
49139,4350,53489,22082,31407,Uttarakhand,Sputnik
44020,4820,48840,10483,38357,Uttar Pradesh,Sputnik
2330,38917,41247,27201,14046,West Bengal,Sputnik
40613,23056,63669,23185,40484,Andaman and Nicobar Islands,Sputnik
47087,13675,60762,60364,398,Andhra Pradesh,Sputnik
13373,21664,35037,14242,20795,Arunachal Pradesh,Sputnik
29327,2576,31903,14383,17520,Assam,Sputnik
19746,17620,37366,25334,12032,Bihar,Sputnik
27387,49136,76523,44428,32095,Chandigarh,Sputnik
48080,33594,81674,23106,58568,Chhattisgarh,Sputnik
8263,14634,22897,9233,13664,Dadra and Nagar Haveli and Daman and Diu,Sputnik
45886,1501,47387,6481,40906,Delhi,Sputnik
46103,8085,54188,53168,1020,Goa,Sputnik
42172,12337,54509,40227,14282,Gujarat,Sputnik
49310,45268,94578,59198,35380,Haryana,Sputnik
21340,30424,51764,10058,41706,Himachal Pradesh,Sputnik
27317,39095,66412,25074,41338,Jammu and Kashmir,Sputnik
47457,45026,92483,86244,6239,Jharkhand,Sputnik
6707,42119,48826,7495,41331,Karnataka,Sputnik
9703,5312,15015,7731,7284,Kerala,Sputnik
6343,20970,27313,12066,15247,Ladakh,Sputnik
10941,44218,55159,28301,26858,Madhya Pradesh,Sputnik
36154,40114,76268,68069,8199,Maharashtra,Sputnik
23393,40582,63975,6251,57724,Manipur,Sputnik
28298,27561,55859,12650,43209,Meghalaya,Sputnik
1881,37384,39265,20116,19149,Mizoram,Sputnik
22202,1985,24187,17969,6218,Nagaland,Sputnik
2863,48126,50989,50646,343,Odisha,Sputnik
8741,44115,52856,6406,46450,Puducherry,Sputnik
24455,35789,60244,30273,29971,Punjab,Sputnik
20588,45620,66208,10052,56156,Rajasthan,Sputnik
41484,32220,73704,7980,65724,Sikkim,Sputnik
40863,19929,60792,50040,10752,Tamil Nadu,Sputnik
28193,2306,30499,12034,18465,Telengana,Sputnik
7680,33853,41533,17698,23835,Tripura,Sputnik
37890,27096,64986,17240,47746,Uttarakhand,Sputnik
29909,2292,32201,24698,7503,Uttar Pradesh,Sputnik
47062,40466,87528,26072,61456,West Bengal,Sputnik
33405,10830,44235,23615,20620,Andaman and Nicobar Islands,Sputnik
38998,27127,66125,56198,9927,Andhra Pradesh,Sputnik
34760,49420,84180,19316,64864,Arunachal Pradesh,Sputnik
16155,38309,54464,20289,34175,Assam,Sputnik
34220,40304,74524,10720,63804,Bihar,Sputnik
24662,39309,63971,49714,14257,Chandigarh,Sputnik
17155,12209,29364,27784,1580,Chhattisgarh,Sputnik
16392,20652,37044,17679,19365,Dadra and Nagar Haveli and Daman and Diu,Sputnik
39217,46702,85919,32242,53677,Delhi,Sputnik
22538,24457,46995,23507,23488,Goa,Sputnik
32726,21024,53750,21008,32742,Gujarat,Sputnik
17930,21853,39783,34518,5265,Haryana,Sputnik
22756,38861,61617,13739,47878,Himachal Pradesh,Sputnik
32877,10254,43131,30542,12589,Jammu and Kashmir,Sputnik
10084,29827,39911,33837,6074,Jharkhand,Sputnik
31573,42746,74319,30063,44256,Karnataka,Sputnik
3785,48863,52648,6280,46368,Kerala,Sputnik
17167,1834,19001,5825,13176,Ladakh,Sputnik
24587,4048,28635,27793,842,Madhya Pradesh,Sputnik
12142,32049,44191,35745,8446,Maharashtra,Sputnik
12116,41210,53326,33460,19866,Manipur,Sputnik
11813,5509,17322,16452,870,Meghalaya,Sputnik
9416,2160,11576,6393,5183,Mizoram,Sputnik
45569,33976,79545,34784,44761,Nagaland,Sputnik
3042,18041,21083,14626,6457,Odisha,Sputnik
27349,30751,58100,24105,33995,Puducherry,Sputnik
38777,32240,71017,65266,5751,Punjab,Sputnik
15126,31772,46898,45999,899,Rajasthan,Sputnik
30373,19759,50132,24702,25430,Sikkim,Sputnik
32249,17023,49272,41145,8127,Tamil Nadu,Sputnik
10135,35075,45210,19526,25684,Telengana,Sputnik
7906,36472,44378,7459,36919,Tripura,Sputnik
27282,4478,31760,7359,24401,Uttarakhand,Sputnik
35879,31921,67800,35441,32359,Uttar Pradesh,Sputnik
5631,2361,7992,5776,2216,West Bengal,Sputnik
41133,37238,78371,56854,21517,Andaman and Nicobar Islands,Sputnik
6493,29833,36326,28653,7673,Andhra Pradesh,Sputnik
24177,34906,59083,30994,28089,Arunachal Pradesh,Sputnik
14962,15967,30929,8646,22283,Assam,Sputnik
15853,8618,24471,20992,3479,Bihar,Sputnik
12029,39995,52024,8330,43694,Chandigarh,Sputnik
4684,9574,14258,13308,950,Chhattisgarh,Sputnik
24375,46132,70507,55799,14708,Dadra and Nagar Haveli and Daman and Diu,Sputnik
25570,31603,57173,39358,17815,Delhi,Sputnik
5033,11034,16067,9911,6156,Goa,Sputnik
7721,47926,55647,28283,27364,Gujarat,Sputnik
36162,5698,41860,24865,16995,Haryana,Sputnik
18444,11807,30251,10464,19787,Himachal Pradesh,Sputnik
2216,2362,4578,#NUM!,#NUM!,Jammu and Kashmir,Sputnik
10992,7286,18278,6699,11579,Jharkhand,Sputnik
10314,12068,22382,10705,11677,Karnataka,Sputnik
19765,22641,42406,10668,31738,Kerala,Sputnik
6089,12203,18292,10749,7543,Ladakh,Sputnik
9879,32246,42125,24252,17873,Madhya Pradesh,Sputnik
5652,9165,14817,10916,3901,Maharashtra,Sputnik
24385,40012,64397,8699,55698,Manipur,Sputnik
37866,30807,68673,33412,35261,Meghalaya,Sputnik
30455,46439,76894,26814,50080,Mizoram,Sputnik
7565,46651,54216,8898,45318,Nagaland,Sputnik
46995,5761,52756,5217,47539,Odisha,Sputnik
31182,36730,67912,35204,32708,Puducherry,Sputnik
7994,33995,41989,37116,4873,Punjab,Sputnik
35926,27644,63570,28045,35525,Rajasthan,Sputnik
23975,46864,70839,47169,23670,Sikkim,Sputnik
29325,20066,49391,25878,23513,Tamil Nadu,Sputnik
36824,29606,66430,39247,27183,Telengana,Sputnik
36539,49075,85614,9326,76288,Tripura,Sputnik
26288,18768,45056,8576,36480,Uttarakhand,Sputnik
45535,22999,68534,41323,27211,Uttar Pradesh,Sputnik
29308,16274,45582,43447,2135,West Bengal,Sputnik
18131,32244,50375,21219,29156,Andaman and Nicobar Islands,Sputnik
34594,46341,80935,65989,14946,Andhra Pradesh,Sputnik
2397,4078,6475,5631,844,Arunachal Pradesh,Sputnik
48016,9679,57695,10771,46924,Assam,Sputnik
46453,46045,92498,63868,28630,Bihar,Sputnik
16920,6138,23058,5680,17378,Chandigarh,Sputnik
36130,47773,83903,22643,61260,Chhattisgarh,Sputnik
14796,46889,61685,42201,19484,Dadra and Nagar Haveli and Daman and Diu,Sputnik
43900,13973,57873,42174,15699,Delhi,Sputnik
4883,7054,11937,8193,3744,Goa,Sputnik
14882,49573,64455,33975,30480,Gujarat,Sputnik
6112,19383,25495,14736,10759,Haryana,Sputnik
41706,27883,69589,10806,58783,Himachal Pradesh,Sputnik
15095,43625,58720,28501,30219,Jammu and Kashmir,Sputnik
20903,28422,49325,42629,6696,Jharkhand,Sputnik
5518,14044,19562,5138,14424,Karnataka,Sputnik
45617,32898,78515,58667,19848,Kerala,Sputnik
8403,41625,50028,44964,5064,Ladakh,Sputnik
45562,30443,76005,43830,32175,Madhya Pradesh,Sputnik
47353,12393,59746,32677,27069,Maharashtra,Sputnik
38944,16556,55500,15331,40169,Manipur,Sputnik
11607,38288,49895,17065,32830,Meghalaya,Sputnik
37174,24319,61493,16910,44583,Mizoram,Sputnik
31475,48826,80301,14676,65625,Nagaland,Sputnik
6501,4962,11463,5629,5834,Odisha,Sputnik
32720,22032,54752,35362,19390,Puducherry,Sputnik
17730,32937,50667,20360,30307,Punjab,Sputnik
24661,4198,28859,18673,10186,Rajasthan,Sputnik
15509,27646,43155,21778,21377,Sikkim,Sputnik
19741,31640,51381,30890,20491,Tamil Nadu,Sputnik
2176,25162,27338,24706,2632,Telengana,Sputnik
29428,30058,59486,57232,2254,Tripura,Sputnik
39646,10686,50332,25972,24360,Uttarakhand,Sputnik
43189,19935,63124,22948,40176,Uttar Pradesh,Sputnik
2473,12623,15096,7487,7609,West Bengal,Sputnik
30496,39571,70067,67525,2542,Andaman and Nicobar Islands,Sputnik
38963,26367,65330,61006,4324,Andhra Pradesh,Sputnik
29640,44171,73811,17537,56274,Arunachal Pradesh,Sputnik
44733,4595,49328,25806,23522,Assam,Sputnik
11401,40211,51612,43161,8451,Bihar,Sputnik
43746,25354,69100,28148,40952,Chandigarh,Sputnik
14958,6704,21662,8367,13295,Chhattisgarh,Sputnik
20771,39002,59773,34232,25541,Dadra and Nagar Haveli and Daman and Diu,Sputnik
4428,26422,30850,15762,15088,Delhi,Sputnik
42672,3683,46355,18318,28037,Goa,Sputnik
10198,39978,50176,38916,11260,Gujarat,Sputnik
45629,40870,86499,23000,63499,Haryana,Sputnik
34113,29531,63644,57133,6511,Himachal Pradesh,Sputnik
10671,49361,60032,43637,16395,Jammu and Kashmir,Sputnik
14571,39707,54278,52065,2213,Jharkhand,Sputnik
35694,24948,60642,60510,132,Karnataka,Sputnik
42089,21220,63309,11530,51779,Kerala,Sputnik
36271,7926,44197,8611,35586,Ladakh,Sputnik
2744,2864,5608,5479,129,Madhya Pradesh,Sputnik
6477,11532,18009,5731,12278,Maharashtra,Sputnik
18902,43409,62311,31271,31040,Manipur,Sputnik
44802,30216,75018,17669,57349,Meghalaya,Sputnik
46464,30013,76477,63164,13313,Mizoram,Sputnik
49529,11334,60863,53634,7229,Nagaland,Sputnik
1550,9362,10912,7677,3235,Odisha,Sputnik
23619,1672,25291,24402,889,Puducherry,Sputnik
42493,2254,44747,29795,14952,Punjab,Sputnik
1847,15593,17440,15292,2148,Rajasthan,Sputnik
8266,14155,22421,16152,6269,Sikkim,Sputnik
27682,18139,45821,40814,5007,Tamil Nadu,Sputnik
49834,12903,62737,26784,35953,Telengana,Sputnik
7207,13053,20260,5622,14638,Tripura,Sputnik
23862,5258,29120,25728,3392,Uttarakhand,Sputnik
6836,32845,39681,8399,31282,Uttar Pradesh,Sputnik
23047,22965,46012,40500,5512,West Bengal,Sputnik
36956,38410,75366,28968,46398,Andaman and Nicobar Islands,Sputnik
5804,47622,53426,15365,38061,Andhra Pradesh,Sputnik
49286,41965,91251,9263,81988,Arunachal Pradesh,Sputnik
44278,33242,77520,38834,38686,Assam,Sputnik
21364,19958,41322,30970,10352,Bihar,Sputnik
19857,24455,44312,19269,25043,Chandigarh,Sputnik
43528,18361,61889,14329,47560,Chhattisgarh,Sputnik
31708,7424,39132,18776,20356,Dadra and Nagar Haveli and Daman and Diu,Sputnik
9217,11734,20951,11391,9560,Delhi,Sputnik
42044,47275,89319,68773,20546,Goa,Sputnik
35135,35567,70702,39081,31621,Gujarat,Sputnik
33595,6444,40039,7271,32768,Haryana,Sputnik
26414,33301,59715,26429,33286,Himachal Pradesh,Sputnik
34189,44070,78259,60044,18215,Jammu and Kashmir,Sputnik
49391,31099,80490,21725,58765,Jharkhand,Sputnik
15090,21125,36215,27105,9110,Karnataka,Sputnik
4223,21305,25528,14623,10905,Kerala,Sputnik
40950,18636,59586,33040,26546,Ladakh,Sputnik
17605,47102,64707,50594,14113,Madhya Pradesh,Sputnik
9574,14590,24164,5703,18461,Maharashtra,Sputnik
47646,17204,64850,45163,19687,Manipur,Sputnik
8522,13658,22180,10981,11199,Meghalaya,Sputnik
20310,32128,52438,18775,33663,Mizoram,Sputnik
3020,24876,27896,19728,8168,Nagaland,Sputnik
24577,46650,71227,62779,8448,Odisha,Sputnik
32832,49985,82817,56374,26443,Puducherry,Sputnik
28212,31986,60198,7289,52909,Punjab,Sputnik
22838,11100,33938,16140,17798,Rajasthan,Sputnik
36805,45057,81862,29812,52050,Sikkim,Sputnik
36718,2788,39506,37107,2399,Tamil Nadu,Sputnik
3039,17585,20624,6582,14042,Telengana,Sputnik
3881,1963,5844,5193,651,Tripura,Sputnik
33586,45969,79555,33467,46088,Uttarakhand,Sputnik
15258,48472,63730,28625,35105,Uttar Pradesh,Sputnik
41507,29552,71059,37042,34017,West Bengal,Sputnik
49511,30821,80332,24223,56109,Andaman and Nicobar Islands,Sputnik
49696,14927,64623,56670,7953,Andhra Pradesh,Sputnik
43888,40525,84413,52229,32184,Arunachal Pradesh,Sputnik
14887,31798,46685,32739,13946,Assam,Sputnik
23046,25165,48211,6152,42059,Bihar,Sputnik
35622,7005,42627,37267,5360,Chandigarh,Sputnik
30982,38570,69552,7598,61954,Chhattisgarh,Sputnik
47651,18402,66053,53553,12500,Dadra and Nagar Haveli and Daman and Diu,Sputnik
33868,20189,54057,46999,7058,Delhi,Sputnik
18364,41770,60134,56351,3783,Goa,Sputnik
40690,38580,79270,43044,36226,Gujarat,Sputnik
38319,4430,42749,27443,15306,Haryana,Sputnik
26492,23238,49730,25061,24669,Himachal Pradesh,Sputnik
23275,41411,64686,12096,52590,Jammu and Kashmir,Sputnik
32792,11272,44064,6272,37792,Jharkhand,Sputnik
8598,8888,17486,10509,6977,Karnataka,Sputnik
8524,6313,14837,14311,526,Kerala,Sputnik
5288,8536,13824,7100,6724,Ladakh,Sputnik
17891,31886,49777,25264,24513,Madhya Pradesh,Sputnik
49479,11984,61463,22063,39400,Maharashtra,Sputnik
23265,9768,33033,20981,12052,Manipur,Sputnik
34668,14872,49540,16350,33190,Meghalaya,Sputnik
33830,18881,52711,46996,5715,Mizoram,Sputnik
33241,34584,67825,54573,13252,Nagaland,Sputnik
6142,20431,26573,12697,13876,Odisha,Sputnik
20807,38324,59131,28106,31025,Puducherry,Sputnik
7618,33934,41552,24275,17277,Punjab,Sputnik
1675,46178,47853,41400,6453,Rajasthan,Sputnik
14523,49223,63746,44775,18971,Sikkim,Sputnik
14034,36170,50204,11327,38877,Tamil Nadu,Sputnik
23649,9751,33400,22796,10604,Telengana,Sputnik
47613,1535,49148,18166,30982,Tripura,Sputnik
37414,10676,48090,24972,23118,Uttarakhand,Sputnik
25347,20584,45931,45081,850,Uttar Pradesh,Sputnik
22139,24660,46799,24716,22083,West Bengal,Sputnik
49295,1768,51063,36361,14702,Andaman and Nicobar Islands,Sputnik
37976,32578,70554,12145,58409,Andhra Pradesh,Sputnik
49812,41095,90907,58623,32284,Arunachal Pradesh,Sputnik
25489,7230,32719,25300,7419,Assam,Sputnik
44657,5121,49778,49365,413,Bihar,Sputnik
18357,31620,49977,28709,21268,Chandigarh,Sputnik
23066,23727,46793,45201,1592,Chhattisgarh,Sputnik
16087,30078,46165,22077,24088,Dadra and Nagar Haveli and Daman and Diu,Sputnik
38194,2305,40499,20681,19818,Delhi,Sputnik
28582,19340,47922,42840,5082,Goa,Sputnik
42852,27847,70699,20387,50312,Gujarat,Sputnik
14127,13805,27932,11983,15949,Haryana,Sputnik
38349,21041,59390,54150,5240,Himachal Pradesh,Sputnik
23622,47850,71472,24788,46684,Jammu and Kashmir,Sputnik
12562,12022,24584,21029,3555,Jharkhand,Sputnik
24617,46515,71132,15206,55926,Karnataka,Sputnik
27671,17426,45097,24359,20738,Kerala,Sputnik
2590,35507,38097,33147,4950,Ladakh,Sputnik
16631,16448,33079,7059,26020,Madhya Pradesh,Sputnik
3321,33192,36513,31109,5404,Maharashtra,Sputnik
9341,19243,28584,16202,12382,Manipur,Sputnik
9246,20298,29544,23358,6186,Meghalaya,Sputnik
46139,8986,55125,14306,40819,Mizoram,Sputnik
32771,3777,36548,16927,19621,Nagaland,Sputnik
9522,47238,56760,12356,44404,Odisha,Sputnik
3497,44136,47633,34429,13204,Puducherry,Sputnik
48007,13681,61688,56623,5065,Punjab,Sputnik
27223,21623,48846,31313,17533,Rajasthan,Sputnik
47185,28117,75302,11587,63715,Sikkim,Sputnik
25188,47651,72839,28125,44714,Tamil Nadu,Sputnik
10510,30614,41124,36015,5109,Telengana,Sputnik
30832,26854,57686,5622,52064,Tripura,Sputnik
12405,31382,43787,40977,2810,Uttarakhand,Sputnik
10448,10214,20662,16846,3816,Uttar Pradesh,Sputnik
6805,2128,8933,8241,692,West Bengal,Sputnik
38142,48244,86386,58711,27675,Andaman and Nicobar Islands,Sputnik
18759,48440,67199,64940,2259,Andhra Pradesh,Sputnik
34042,21966,56008,14353,41655,Arunachal Pradesh,Sputnik
37390,14898,52288,18519,33769,Assam,Sputnik
37449,21690,59139,38848,20291,Bihar,Sputnik
20738,20505,41243,10166,31077,Chandigarh,Sputnik
12669,4448,17117,9248,7869,Chhattisgarh,Sputnik
9217,36138,45355,13274,32081,Dadra and Nagar Haveli and Daman and Diu,Sputnik
32230,42399,74629,23571,51058,Delhi,Sputnik
23160,23218,46378,12290,34088,Goa,Sputnik
48405,8656,57061,50788,6273,Gujarat,Sputnik
13435,19678,33113,23108,10005,Haryana,Sputnik
10296,12335,22631,17816,4815,Himachal Pradesh,Sputnik
28465,40986,69451,53151,16300,Jammu and Kashmir,Sputnik
24867,40429,65296,46170,19126,Jharkhand,Sputnik
18881,23527,42408,40458,1950,Karnataka,Sputnik
31729,8334,40063,32775,7288,Kerala,Sputnik
16624,35005,51629,39903,11726,Ladakh,Sputnik
10016,2281,12297,6959,5338,Madhya Pradesh,Sputnik
15766,35470,51236,32560,18676,Maharashtra,Sputnik
33287,42866,76153,28065,48088,Manipur,Sputnik
8537,33058,41595,30127,11468,Meghalaya,Sputnik
5078,47067,52145,42996,9149,Mizoram,Sputnik
39675,48787,88462,52333,36129,Nagaland,Sputnik
27165,31116,58281,38993,19288,Odisha,Sputnik
37554,33049,70603,50880,19723,Puducherry,Sputnik
7041,33334,40375,33559,6816,Punjab,Sputnik
49110,21357,70467,35346,35121,Rajasthan,Sputnik
29139,46878,76017,22332,53685,Sikkim,Sputnik
5226,15972,21198,10240,10958,Tamil Nadu,Sputnik
10662,48234,58896,50735,8161,Telengana,Sputnik
25926,22019,47945,26565,21380,Tripura,Sputnik
2921,15601,18522,11346,7176,Uttarakhand,Sputnik
46809,10307,57116,23611,33505,Uttar Pradesh,Sputnik
25794,1781,27575,23742,3833,West Bengal,Sputnik
46914,42006,88920,48476,40444,Andaman and Nicobar Islands,Sputnik
12919,16807,29726,7080,22646,Andhra Pradesh,Sputnik
16581,48027,64608,15408,49200,Arunachal Pradesh,Sputnik
16781,23127,39908,39899,9,Assam,Sputnik
34448,21732,56180,11094,45086,Bihar,Sputnik
9919,37527,47446,13663,33783,Chandigarh,Sputnik
48165,33968,82133,50637,31496,Chhattisgarh,Sputnik
3766,38443,42209,19601,22608,Dadra and Nagar Haveli and Daman and Diu,Sputnik
24387,4326,28713,7981,20732,Delhi,Sputnik
18777,45329,64106,29405,34701,Goa,Sputnik
37639,19401,57040,43235,13805,Gujarat,Sputnik
39184,3052,42236,34656,7580,Haryana,Sputnik
41985,42526,84511,76619,7892,Himachal Pradesh,Sputnik
6169,20235,26404,5956,20448,Jammu and Kashmir,Sputnik
33455,45953,79408,29086,50322,Jharkhand,Sputnik
7784,16379,24163,17212,6951,Karnataka,Sputnik
3003,40631,43634,33214,10420,Kerala,Sputnik
29894,33186,63080,8071,55009,Ladakh,Sputnik
40207,42329,82536,46983,35553,Madhya Pradesh,Sputnik
30074,10041,40115,29311,10804,Maharashtra,Sputnik
44748,23565,68313,52347,15966,Manipur,Sputnik
43661,5658,49319,16156,33163,Meghalaya,Sputnik
6311,42515,48826,29400,19426,Mizoram,Sputnik
28085,21185,49270,19472,29798,Nagaland,Sputnik
47088,44728,91816,31927,59889,Odisha,Sputnik
49884,49583,99467,6346,93121,Puducherry,Sputnik
41948,24129,66077,19611,46466,Punjab,Sputnik
28670,2454,31124,28048,3076,Rajasthan,Sputnik
21433,16795,38228,27617,10611,Sikkim,Sputnik
47731,36285,84016,43640,40376,Tamil Nadu,Sputnik
44736,32131,76867,39660,37207,Telengana,Sputnik
33984,31734,65718,9906,55812,Tripura,Sputnik
21374,13796,35170,9640,25530,Uttarakhand,Sputnik
28367,40276,68643,40888,27755,Uttar Pradesh,Sputnik
38471,11092,49563,36785,12778,West Bengal,Sputnik
12762,40687,53449,52368,1081,Andaman and Nicobar Islands,Sputnik
26828,40151,66979,59050,7929,Andhra Pradesh,Sputnik
5688,26635,32323,30834,1489,Arunachal Pradesh,Sputnik
36226,8460,44686,22622,22064,Assam,Sputnik
35313,44001,79314,21182,58132,Bihar,Sputnik
8772,3521,12293,8254,4039,Chandigarh,Sputnik
47825,41263,89088,41617,47471,Chhattisgarh,Sputnik
4709,11383,16092,8702,7390,Dadra and Nagar Haveli and Daman and Diu,Sputnik
18245,15561,33806,23798,10008,Delhi,Sputnik
25034,43035,68069,57014,11055,Goa,Sputnik
45384,25861,71245,46631,24614,Gujarat,Sputnik
14507,26605,41112,36577,4535,Haryana,Sputnik
41519,7291,48810,47040,1770,Himachal Pradesh,Sputnik
32973,38612,71585,41918,29667,Jammu and Kashmir,Sputnik
39586,17259,56845,41040,15805,Jharkhand,Sputnik
12359,24937,37296,30258,7038,Karnataka,Sputnik
17816,22192,40008,29162,10846,Kerala,Sputnik
8270,36966,45236,21713,23523,Ladakh,Sputnik
36730,20190,56920,22148,34772,Madhya Pradesh,Sputnik
47143,27800,74943,70019,4924,Maharashtra,Sputnik
41734,45958,87692,45999,41693,Manipur,Sputnik
24307,12669,36976,18352,18624,Meghalaya,Sputnik
14297,37977,52274,11223,41051,Mizoram,Sputnik
14095,34177,48272,16965,31307,Nagaland,Sputnik
48272,43817,92089,52362,39727,Odisha,Sputnik
45004,3944,48948,27768,21180,Puducherry,Sputnik
16715,36873,53588,28101,25487,Punjab,Sputnik
16088,42233,58321,49930,8391,Rajasthan,Sputnik
28476,32440,60916,6152,54764,Sikkim,Sputnik
34484,20118,54602,50090,4512,Tamil Nadu,Sputnik
25859,10367,36226,17510,18716,Telengana,Sputnik
19160,27964,47124,14324,32800,Tripura,Sputnik
26961,47629,74590,18881,55709,Uttarakhand,Sputnik
33362,14675,48037,16477,31560,Uttar Pradesh,Sputnik
42420,37743,80163,73633,6530,West Bengal,Sputnik
38589,49498,88087,18682,69405,Andaman and Nicobar Islands,Sputnik
14349,11344,25693,8046,17647,Andhra Pradesh,Sputnik
32210,26214,58424,57963,461,Arunachal Pradesh,Sputnik
2417,44130,46547,34244,12303,Assam,Sputnik
31175,22071,53246,45212,8034,Bihar,Sputnik
33568,31498,65066,39171,25895,Chandigarh,Sputnik
46175,1677,47852,19229,28623,Chhattisgarh,Sputnik
33516,16599,50115,43349,6766,Dadra and Nagar Haveli and Daman and Diu,Sputnik
34608,36866,71474,40228,31246,Delhi,Sputnik
42700,4070,46770,12080,34690,Goa,Sputnik
9595,19830,29425,23841,5584,Gujarat,Sputnik
23086,23797,46883,40590,6293,Haryana,Sputnik
41330,38410,79740,16032,63708,Himachal Pradesh,Sputnik
26131,23372,49503,36133,13370,Jammu and Kashmir,Sputnik
42059,3997,46056,11950,34106,Jharkhand,Sputnik
23193,20457,43650,29925,13725,Karnataka,Sputnik
9001,25924,34925,11528,23397,Kerala,Sputnik
9716,8330,18046,12877,5169,Ladakh,Sputnik
11508,48787,60295,59346,949,Madhya Pradesh,Sputnik
18438,27469,45907,35819,10088,Maharashtra,Covaxin
21441,47020,68461,55064,13397,Manipur,Covaxin
44903,23291,68194,14605,53589,Meghalaya,Covaxin
13826,32515,46341,26203,20138,Mizoram,Covaxin
3682,24877,28559,25720,2839,Nagaland,Covaxin
18300,19262,37562,36550,1012,Odisha,Covaxin
48845,26636,75481,8565,66916,Puducherry,Covaxin
18382,20846,39228,34602,4626,Punjab,Covaxin
34067,10459,44526,7460,37066,Rajasthan,Covaxin
14120,24547,38667,8380,30287,Sikkim,Covaxin
42861,15519,58380,5535,52845,Tamil Nadu,Covaxin
3351,20587,23938,11647,12291,Telengana,Covaxin
36891,37892,74783,12533,62250,Tripura,Covaxin
28378,14378,42756,31456,11300,Uttarakhand,Covaxin
46787,43329,90116,24967,65149,Uttar Pradesh,Covaxin
7024,17691,24715,14985,9730,West Bengal,Covaxin
12001,39371,51372,32964,18408,Andaman and Nicobar Islands,Covaxin
46594,13886,60480,18464,42016,Andhra Pradesh,Covaxin
15292,5273,20565,9161,11404,Arunachal Pradesh,Covaxin
11212,39412,50624,47190,3434,Assam,Covaxin
40549,7711,48260,36056,12204,Bihar,Covaxin
8218,47314,55532,30949,24583,Chandigarh,Covaxin
12258,17229,29487,17274,12213,Chhattisgarh,Covaxin
19793,21763,41556,10637,30919,Dadra and Nagar Haveli and Daman and Diu,Covaxin
16482,40665,57147,46403,10744,Delhi,Covaxin
12331,13662,25993,14690,11303,Goa,Covaxin
30237,22471,52708,45363,7345,Gujarat,Covaxin
6060,39596,45656,43877,1779,Haryana,Covaxin
30217,2153,32370,12851,19519,Himachal Pradesh,Covaxin
14922,7567,22489,10178,12311,Jammu and Kashmir,Covaxin
13754,40174,53928,22718,31210,Jharkhand,Covaxin
21156,39747,60903,20963,39940,Karnataka,Covaxin
22713,4984,27697,5390,22307,Kerala,Covaxin
2625,9214,11839,10564,1275,Ladakh,Covaxin
31113,14666,45779,37075,8704,Madhya Pradesh,Covaxin
47801,6599,54400,51212,3188,Maharashtra,Covaxin
44648,42885,87533,14553,72980,Manipur,Covaxin
47005,17189,64194,30941,33253,Meghalaya,Covaxin
32972,5862,38834,5398,33436,Mizoram,Covaxin
19064,27911,46975,45188,1787,Nagaland,Covaxin
46938,44242,91180,43429,47751,Odisha,Covaxin
49460,47358,96818,94094,2724,Puducherry,Covaxin
38969,11083,50052,46267,3785,Punjab,Covaxin
11971,40330,52301,49883,2418,Rajasthan,Covaxin
45954,1823,47777,21344,26433,Sikkim,Covaxin
29247,31733,60980,23917,37063,Tamil Nadu,Covaxin
12469,44260,56729,51756,4973,Telengana,Covaxin
46654,20076,66730,22445,44285,Tripura,Covaxin
34128,28746,62874,54502,8372,Uttarakhand,Covaxin
47950,20896,68846,26456,42390,Uttar Pradesh,Covaxin
42499,3606,46105,25596,20509,West Bengal,Covaxin
25373,21508,46881,11693,35188,Andaman and Nicobar Islands,Covaxin
42909,2977,45886,26760,19126,Andhra Pradesh,Covaxin
31753,44260,76013,57694,18319,Arunachal Pradesh,Covaxin
46688,41021,87709,42097,45612,Assam,Covaxin
26530,26487,53017,20300,32717,Bihar,Covaxin
30001,9842,39843,16945,22898,Chandigarh,Covaxin
4626,34783,39409,16095,23314,Chhattisgarh,Covaxin
11736,17613,29349,27471,1878,Dadra and Nagar Haveli and Daman and Diu,Covaxin
10830,47941,58771,23964,34807,Delhi,Covaxin
30014,35358,65372,33332,32040,Goa,Covaxin
36240,2159,38399,9889,28510,Gujarat,Covaxin
24519,22323,46842,10983,35859,Haryana,Covaxin
10232,10548,20780,17756,3024,Himachal Pradesh,Covaxin
41306,36936,78242,37306,40936,Jammu and Kashmir,Covaxin
12296,49792,62088,22057,40031,Jharkhand,Covaxin
46659,46736,93395,91386,2009,Karnataka,Covaxin
38074,19429,57503,33312,24191,Kerala,Covaxin
9662,3493,13155,10251,2904,Ladakh,Covaxin
16055,40546,56601,20529,36072,Madhya Pradesh,Covaxin
16819,31123,47942,11305,36637,Maharashtra,Covaxin
46356,9799,56155,39954,16201,Manipur,Covaxin
17138,46523,63661,46404,17257,Meghalaya,Covaxin
7544,3053,10597,8943,1654,Mizoram,Covaxin
36194,45728,81922,29308,52614,Nagaland,Covaxin
23915,2926,26841,9510,17331,Odisha,Covaxin
29887,31197,61084,18969,42115,Puducherry,Covaxin
30597,10253,40850,20143,20707,Punjab,Covaxin
12201,29772,41973,16228,25745,Rajasthan,Covaxin
27165,9582,36747,8403,28344,Sikkim,Covaxin
9046,44277,53323,43176,10147,Tamil Nadu,Covaxin
2069,12126,14195,5166,9029,Telengana,Covaxin
12333,4798,17131,15962,1169,Tripura,Covaxin
40637,3855,44492,12418,32074,Uttarakhand,Covaxin
48507,10836,59343,38331,21012,Uttar Pradesh,Covaxin
8892,9317,18209,12793,5416,West Bengal,Covaxin
31127,46259,77386,60859,16527,Andaman and Nicobar Islands,Covaxin
41676,9663,51339,20078,31261,Andhra Pradesh,Covaxin
16914,32221,49135,39133,10002,Arunachal Pradesh,Covaxin
11258,7411,18669,7999,10670,Assam,Covaxin
36350,20345,56695,55955,740,Bihar,Covaxin
44663,44317,88980,85160,3820,Chandigarh,Covaxin
21713,16801,38514,37778,736,Chhattisgarh,Covaxin
43064,32661,75725,74071,1654,Dadra and Nagar Haveli and Daman and Diu,Covaxin
37775,10520,48295,25732,22563,Delhi,Covaxin
25005,31460,56465,29078,27387,Goa,Covaxin
8078,20956,29034,28366,668,Gujarat,Covaxin
23967,16198,40165,22422,17743,Haryana,Covaxin
35940,12730,48670,34524,14146,Himachal Pradesh,Covaxin
42441,49253,91694,82368,9326,Jammu and Kashmir,Covaxin
40813,15167,55980,41715,14265,Jharkhand,Covaxin
6133,11145,17278,12317,4961,Karnataka,Covaxin
1741,22265,24006,21264,2742,Kerala,Covaxin
46206,49982,96188,17635,78553,Ladakh,Covaxin
5483,4545,10028,5677,4351,Madhya Pradesh,Covaxin
4156,22824,26980,12680,14300,Maharashtra,Covaxin
1903,36071,37974,12787,25187,Manipur,Covaxin
7460,39087,46547,10503,36044,Meghalaya,Covaxin
3592,43811,47403,5695,41708,Mizoram,Covaxin
16880,31054,47934,35549,12385,Nagaland,Covaxin
41479,40850,82329,18160,64169,Odisha,Covaxin
36621,11271,47892,8893,38999,Puducherry,Covaxin
38992,33940,72932,31943,40989,Punjab,Covaxin
40942,24510,65452,54894,10558,Rajasthan,Covaxin
43378,26038,69416,37467,31949,Sikkim,Covaxin
48838,8585,57423,35180,22243,Tamil Nadu,Covaxin
34363,40210,74573,50593,23980,Telengana,Covaxin
19086,12889,31975,13285,18690,Tripura,Covaxin
27392,11457,38849,12030,26819,Uttarakhand,Covaxin
47505,23288,70793,15363,55430,Uttar Pradesh,Covaxin
9437,36793,46230,41274,4956,West Bengal,Covaxin
9023,18201,27224,23753,3471,Andaman and Nicobar Islands,Covaxin
44320,11524,55844,32610,23234,Andhra Pradesh,Covaxin
32336,41732,74068,14105,59963,Arunachal Pradesh,Covaxin
14570,23983,38553,27807,10746,Assam,Covaxin
11612,11905,23517,7524,15993,Bihar,Covaxin
8582,2696,11278,7703,3575,Chandigarh,Covaxin
12067,35641,47708,12582,35126,Chhattisgarh,Covaxin
7742,24686,32428,20678,11750,Dadra and Nagar Haveli and Daman and Diu,Covaxin
8595,29949,38544,34693,3851,Delhi,Covaxin
40641,33373,74014,59931,14083,Goa,Covaxin
24007,17741,41748,10359,31389,Gujarat,Covaxin
15253,41629,56882,40572,16310,Haryana,Covaxin
6723,31492,38215,5148,33067,Himachal Pradesh,Covaxin
42437,19813,62250,9610,52640,Jammu and Kashmir,Covaxin
24364,23273,47637,12532,35105,Jharkhand,Covaxin
19754,46220,65974,50838,15136,Karnataka,Covaxin
17957,42259,60216,21891,38325,Kerala,Covaxin
47203,11064,58267,24581,33686,Ladakh,Covaxin
12379,33743,46122,34301,11821,Madhya Pradesh,Covaxin
11329,29272,40601,23969,16632,Maharashtra,Covaxin
49519,42423,91942,61963,29979,Manipur,Covaxin
8440,33757,42197,12134,30063,Meghalaya,Covaxin
46732,24352,71084,16077,55007,Mizoram,Covaxin
37689,29292,66981,57575,9406,Nagaland,Covaxin
24366,42091,66457,24155,42302,Odisha,Covaxin
34219,21114,55333,54592,741,Puducherry,Covaxin
14980,44349,59329,52187,7142,Punjab,Covaxin
30621,4570,35191,10708,24483,Rajasthan,Covaxin
27386,44026,71412,44487,26925,Sikkim,Covaxin
48181,25203,73384,71746,1638,Tamil Nadu,Covaxin
28792,34551,63343,29472,33871,Telengana,Covaxin
29837,12782,42619,41833,786,Tripura,Covaxin
19181,27186,46367,13728,32639,Uttarakhand,Covaxin
35020,36154,71174,32386,38788,Uttar Pradesh,Covaxin
9973,7330,17303,10816,6487,West Bengal,Covaxin
40004,9323,49327,7249,42078,Andaman and Nicobar Islands,Covaxin
24211,38918,63129,51274,11855,Andhra Pradesh,Covaxin
45878,31397,77275,6469,70806,Arunachal Pradesh,Covaxin
43281,43721,87002,31077,55925,Assam,Covaxin
9619,42719,52338,38826,13512,Bihar,Covaxin
31333,29719,61052,20815,40237,Chandigarh,Covaxin
6509,15955,22464,14305,8159,Chhattisgarh,Covaxin
21847,4703,26550,24184,2366,Dadra and Nagar Haveli and Daman and Diu,Covaxin
31272,39620,70892,26775,44117,Delhi,Covaxin
44729,17467,62196,20624,41572,Goa,Covaxin
42728,25235,67963,11181,56782,Gujarat,Covaxin
37205,38419,75624,70733,4891,Haryana,Covaxin
49283,3400,52683,36149,16534,Himachal Pradesh,Covaxin
33965,31984,65949,41783,24166,Jammu and Kashmir,Covaxin
27901,7288,35189,21338,13851,Jharkhand,Covaxin
14996,27845,42841,17356,25485,Karnataka,Covaxin
28849,17595,46444,33074,13370,Kerala,Covaxin
24180,33393,57573,43102,14471,Ladakh,Covaxin
26652,13280,39932,8590,31342,Madhya Pradesh,Covaxin
46705,36481,83186,71566,11620,Maharashtra,Covaxin
37354,46516,83870,36518,47352,Manipur,Covaxin
48433,18406,66839,65666,1173,Meghalaya,Covaxin
30416,4652,35068,34938,130,Mizoram,Covaxin
31714,38085,69799,56583,13216,Nagaland,Covaxin
18927,21212,40139,33857,6282,Odisha,Covaxin
46839,23593,70432,27780,42652,Puducherry,Covaxin
11774,43010,54784,40629,14155,Punjab,Covaxin
25154,23871,49025,34425,14600,Rajasthan,Covaxin
43093,43742,86835,5499,81336,Sikkim,Covaxin
15979,34929,50908,9943,40965,Tamil Nadu,Covaxin
26412,34889,61301,10258,51043,Telengana,Covaxin
15853,37110,52963,50296,2667,Tripura,Covaxin
20556,31100,51656,24125,27531,Uttarakhand,Covaxin
8077,28309,36386,27932,8454,Uttar Pradesh,Covaxin
6800,43678,50478,28574,21904,West Bengal,Covaxin
29381,11563,40944,31589,9355,Andaman and Nicobar Islands,Covaxin
14145,26967,41112,5098,36014,Andhra Pradesh,Covaxin
15897,4100,19997,5044,14953,Arunachal Pradesh,Covaxin
2064,43578,45642,35486,10156,Assam,Covaxin
5155,35568,40723,8860,31863,Bihar,Covaxin
28127,7697,35824,18869,16955,Chandigarh,Covaxin
21756,23114,44870,21878,22992,Chhattisgarh,Covaxin
27598,16382,43980,21170,22810,Dadra and Nagar Haveli and Daman and Diu,Covaxin
11409,10704,22113,6257,15856,Delhi,Covaxin
29181,32314,61495,6679,54816,Goa,Covaxin
9841,38661,48502,7596,40906,Gujarat,Covaxin
45491,33597,79088,43441,35647,Haryana,Covaxin
2254,23444,25698,19179,6519,Himachal Pradesh,Covaxin
14785,16581,31366,19687,11679,Jammu and Kashmir,Covaxin
24143,2930,27073,16968,10105,Jharkhand,Covaxin
13921,43733,57654,31630,26024,Karnataka,Covaxin
5374,30789,36163,15169,20994,Kerala,Covaxin
49843,12327,62170,33906,28264,Ladakh,Covaxin
30407,45210,75617,35729,39888,Madhya Pradesh,Covaxin
3641,1739,5380,5270,110,Maharashtra,Covaxin
14778,22250,37028,20452,16576,Manipur,Covaxin
49486,33452,82938,6007,76931,Meghalaya,Covaxin
31370,38665,70035,67122,2913,Mizoram,Covaxin
30739,29025,59764,26395,33369,Nagaland,Covaxin
42443,37062,79505,8790,70715,Odisha,Covaxin
22108,15037,37145,18135,19010,Puducherry,Covaxin
31730,9522,41252,36513,4739,Punjab,Covaxin
18064,16198,34262,9236,25026,Rajasthan,Covaxin
13824,28819,42643,9618,33025,Sikkim,Covaxin
45000,31424,76424,38709,37715,Tamil Nadu,Covaxin
20798,41135,61933,26073,35860,Telengana,Covaxin
18909,41183,60092,57936,2156,Tripura,Covaxin
33050,21424,54474,15208,39266,Uttarakhand,Covaxin
38540,42443,80983,13274,67709,Uttar Pradesh,Covaxin
42070,9951,52021,38882,13139,West Bengal,Covaxin
41152,12721,53873,33431,20442,Andaman and Nicobar Islands,Covaxin
10294,24069,34363,25004,9359,Andhra Pradesh,Covaxin
9867,20212,30079,18428,11651,Arunachal Pradesh,Covaxin
46206,46334,92540,32583,59957,Assam,Covaxin
22232,30368,52600,24235,28365,Bihar,Covaxin
8686,33467,42153,33539,8614,Chandigarh,Covaxin
22661,23124,45785,34359,11426,Chhattisgarh,Covaxin
10650,18259,28909,12025,16884,Dadra and Nagar Haveli and Daman and Diu,Covaxin
29261,3900,33161,27134,6027,Delhi,Covaxin
35233,35182,70415,34113,36302,Goa,Covaxin
27557,35273,62830,61969,861,Gujarat,Covaxin
48001,23334,71335,57569,13766,Haryana,Covaxin
47291,4563,51854,18864,32990,Himachal Pradesh,Covaxin
43833,44369,88202,66861,21341,Jammu and Kashmir,Covaxin
11546,17747,29293,10400,18893,Jharkhand,Covaxin
7982,18559,26541,10169,16372,Karnataka,Covaxin
35025,32288,67313,63502,3811,Kerala,Covaxin
3573,9493,13066,9379,3687,Ladakh,Covaxin
33900,12756,46656,31452,15204,Madhya Pradesh,Covaxin
41090,6733,47823,19793,28030,Maharashtra,Covaxin
42056,39233,81289,6091,75198,Manipur,Covaxin
21639,41403,63042,33930,29112,Meghalaya,Covaxin
48667,16106,64773,59962,4811,Mizoram,Covaxin
44285,21075,65360,43369,21991,Nagaland,Covaxin
25437,42233,67670,14742,52928,Odisha,Covaxin
40858,46481,87339,25700,61639,Puducherry,Covaxin
5171,33054,38225,32397,5828,Punjab,Covaxin
37151,46973,84124,57896,26228,Rajasthan,Covaxin
38748,8680,47428,24377,23051,Sikkim,Covaxin
43609,37264,80873,43379,37494,Tamil Nadu,Covaxin
16337,25305,41642,27208,14434,Telengana,Covaxin
30819,8229,39048,5577,33471,Tripura,Covaxin
39821,42014,81835,17194,64641,Uttarakhand,Covaxin
44841,36204,81045,70293,10752,Uttar Pradesh,Covaxin
22465,23457,45922,41042,4880,West Bengal,Covaxin
41441,16435,57876,9061,48815,Andaman and Nicobar Islands,Covaxin
4196,47206,51402,39934,11468,Andhra Pradesh,Covaxin
27020,9588,36608,9676,26932,Arunachal Pradesh,Covaxin
44975,41121,86096,24398,61698,Assam,Covaxin
29860,23625,53485,34957,18528,Bihar,Covaxin
46039,17121,63160,54236,8924,Chandigarh,Covaxin
3819,25841,29660,24222,5438,Chhattisgarh,Covaxin
47614,33406,81020,65875,15145,Dadra and Nagar Haveli and Daman and Diu,Covaxin
41465,31174,72639,16847,55792,Delhi,Covaxin
37682,9612,47294,23269,24025,Goa,Covaxin
5124,17533,22657,17352,5305,Gujarat,Covaxin
21272,15933,37205,26518,10687,Haryana,Covaxin
46463,4142,50605,24598,26007,Himachal Pradesh,Covaxin
8564,27411,35975,35686,289,Jammu and Kashmir,Covaxin
13461,25334,38795,27742,11053,Jharkhand,Covaxin
32825,34158,66983,39039,27944,Karnataka,Covaxin
2480,30784,33264,19723,13541,Kerala,Covaxin
13431,10557,23988,16879,7109,Ladakh,Covaxin
15706,37146,52852,36347,16505,Madhya Pradesh,Covaxin
25022,43387,68409,27459,40950,Maharashtra,Covaxin
10589,31143,41732,40264,1468,Manipur,Covaxin
9957,47811,57768,49268,8500,Meghalaya,Covaxin
20353,42408,62761,57229,5532,Mizoram,Covaxin
30321,39363,69684,55321,14363,Nagaland,Covaxin
31680,33373,65053,36965,28088,Odisha,Covaxin
7962,35443,43405,7123,36282,Puducherry,Covaxin
5988,14516,20504,12550,7954,Punjab,Covaxin
28289,15685,43974,34568,9406,Rajasthan,Covaxin
31667,40519,72186,47836,24350,Sikkim,Covaxin
22128,31490,53618,40609,13009,Tamil Nadu,Covaxin
19401,3956,23357,13525,9832,Telengana,Covaxin
4485,38801,43286,5371,37915,Tripura,Covaxin
11501,43903,55404,10055,45349,Uttarakhand,Covaxin
28006,37152,65158,41052,24106,Uttar Pradesh,Covaxin
49142,14627,63769,10398,53371,West Bengal,Covaxin
37221,19653,56874,6269,50605,Andaman and Nicobar Islands,Covaxin
13755,33183,46938,14937,32001,Andhra Pradesh,Covaxin
11965,47786,59751,13930,45821,Arunachal Pradesh,Covaxin
13029,19029,32058,27359,4699,Assam,Covaxin
33158,5946,39104,32130,6974,Bihar,Covaxin
31898,20900,52798,18753,34045,Chandigarh,Covaxin
18883,4148,23031,7349,15682,Chhattisgarh,Covaxin
15984,23223,39207,14851,24356,Dadra and Nagar Haveli and Daman and Diu,Covaxin
14661,24320,38981,25893,13088,Delhi,Covaxin
34487,7218,41705,24572,17133,Goa,Covaxin
24656,42772,67428,45471,21957,Gujarat,Covaxin
18124,28574,46698,6088,40610,Haryana,Covaxin
18531,2277,20808,8619,12189,Himachal Pradesh,Covaxin
9193,40214,49407,43192,6215,Jammu and Kashmir,Covaxin
8243,35257,43500,12424,31076,Jharkhand,Covaxin
6405,2824,9229,8839,390,Karnataka,Covaxin
20415,10022,30437,5236,25201,Kerala,Covaxin
5876,34945,40821,19991,20830,Ladakh,Covaxin
3686,25436,29122,10807,18315,Madhya Pradesh,Covaxin
9709,28742,38451,20100,18351,Maharashtra,Covaxin
2512,3678,6190,6068,122,Manipur,Covaxin
8282,41889,50171,16872,33299,Meghalaya,Covaxin
41930,4820,46750,42104,4646,Mizoram,Covaxin
3422,21129,24551,17060,7491,Nagaland,Covaxin
30028,16651,46679,26943,19736,Odisha,Covaxin
25977,19598,45575,27419,18156,Puducherry,Covaxin
8347,6514,14861,10516,4345,Punjab,Covaxin
47701,4825,52526,43246,9280,Rajasthan,Covaxin
24603,3145,27748,22833,4915,Sikkim,Covaxin
3063,32468,35531,16053,19478,Tamil Nadu,Covaxin
4015,12035,16050,10303,5747,Telengana,Covaxin
48143,48670,96813,74239,22574,Tripura,Covaxin
11721,17985,29706,8032,21674,Uttarakhand,Covaxin
39949,8395,48344,8858,39486,Uttar Pradesh,Covaxin
37194,31701,68895,20199,48696,West Bengal,Covaxin
42987,32265,75252,15745,59507,Andaman and Nicobar Islands,Covaxin
6721,47643,54364,28744,25620,Andhra Pradesh,Covaxin
36144,14038,50182,6168,44014,Arunachal Pradesh,Covaxin
14242,39592,53834,26190,27644,Assam,Covaxin
46432,21180,67612,51553,16059,Bihar,Covaxin
22633,47065,69698,66856,2842,Chandigarh,Covaxin
24916,12356,37272,33090,4182,Chhattisgarh,Covaxin
32941,24454,57395,33611,23784,Dadra and Nagar Haveli and Daman and Diu,Covaxin
19932,45698,65630,42082,23548,Delhi,Covaxin
9560,46095,55655,8931,46724,Goa,Covaxin
10674,34339,45013,23063,21950,Gujarat,Covaxin
43615,5756,49371,12720,36651,Haryana,Covaxin
23299,33532,56831,50562,6269,Himachal Pradesh,Covaxin
6945,11782,18727,14916,3811,Jammu and Kashmir,Covaxin
44929,13275,58204,56468,1736,Jharkhand,Covaxin
49353,36897,86250,22196,64054,Karnataka,Covaxin
35569,13144,48713,11204,37509,Kerala,Covaxin
2023,4465,6488,5105,1383,Ladakh,Covaxin
24667,25918,50585,28326,22259,Madhya Pradesh,Covaxin
18833,47983,66816,26198,40618,Maharashtra,Covaxin
31617,17715,49332,7439,41893,Manipur,Covaxin
32688,33512,66200,62081,4119,Meghalaya,Covaxin
23223,42463,65686,8153,57533,Mizoram,Covaxin
25207,42473,67680,42729,24951,Nagaland,Covaxin
21416,44097,65513,6998,58515,Odisha,Covaxin
4316,3012,7328,6830,498,Puducherry,Covaxin
34223,46933,81156,10985,70171,Punjab,Covaxin
2778,35565,38343,20434,17909,Rajasthan,Covaxin
2688,13854,16542,9905,6637,Sikkim,Covaxin
26142,34017,60159,31900,28259,Tamil Nadu,Covaxin
4619,9738,14357,14310,47,Telengana,Covaxin
45615,46749,92364,25109,67255,Tripura,Covaxin
44628,35981,80609,19004,61605,Uttarakhand,Covaxin
38294,19292,57586,41943,15643,Uttar Pradesh,Covaxin
10054,39167,49221,48122,1099,West Bengal,Covaxin
26375,7893,34268,29613,4655,Andaman and Nicobar Islands,Covaxin
44578,34843,79421,21464,57957,Andhra Pradesh,Covaxin
27173,10172,37345,7302,30043,Arunachal Pradesh,Covaxin
11863,43474,55337,55239,98,Assam,Covaxin
48350,7973,56323,52462,3861,Bihar,Covaxin
38212,45563,83775,29888,53887,Chandigarh,Covaxin
39773,30953,70726,37984,32742,Chhattisgarh,Covaxin
7722,39324,47046,14310,32736,Dadra and Nagar Haveli and Daman and Diu,Covaxin
43539,29172,72711,45813,26898,Delhi,Covaxin
25448,31702,57150,7694,49456,Goa,Covaxin
30569,29620,60189,27115,33074,Gujarat,Covaxin
9904,9337,19241,11115,8126,Haryana,Covaxin
22683,4346,27029,15050,11979,Himachal Pradesh,Covaxin
42573,34879,77452,31227,46225,Jammu and Kashmir,Covaxin
37536,5363,42899,26432,16467,Jharkhand,Covaxin
13348,31287,44635,25806,18829,Karnataka,Covaxin
11241,20734,31975,12279,19696,Kerala,Covaxin
1898,39862,41760,33533,8227,Ladakh,Covaxin
2436,48305,50741,47987,2754,Madhya Pradesh,Covaxin
22565,2684,25249,12926,12323,Maharashtra,Covaxin
42067,49947,92014,76841,15173,Manipur,Covaxin
15440,29885,45325,15314,30011,Meghalaya,Covaxin
30189,34574,64763,39763,25000,Mizoram,Covaxin
37992,12638,50630,21159,29471,Nagaland,Covaxin
23018,7830,30848,7066,23782,Odisha,Covaxin
10262,23999,34261,24521,9740,Puducherry,Covaxin
27601,9410,37011,30104,6907,Punjab,Covaxin
32857,14589,47446,12370,35076,Rajasthan,Covaxin
34454,33420,67874,55994,11880,Sikkim,Covaxin
6496,40654,47150,9131,38019,Tamil Nadu,Covaxin
5058,18254,23312,7872,15440,Telengana,Covaxin
14247,37847,52094,18605,33489,Tripura,Covaxin
43690,25508,69198,28118,41080,Uttarakhand,Covaxin
5549,37340,42889,26520,16369,Uttar Pradesh,Covaxin
39325,34995,74320,57816,16504,West Bengal,Covaxin
30654,23429,54083,30744,23339,Andaman and Nicobar Islands,Covaxin
40522,14844,55366,6273,49093,Andhra Pradesh,Covaxin
6663,42318,48981,35541,13440,Arunachal Pradesh,Covaxin
32725,26680,59405,23944,35461,Assam,Covaxin
12216,10765,22981,8496,14485,Bihar,Covaxin
47610,20681,68291,25242,43049,Chandigarh,Covaxin
23193,28360,51553,6614,44939,Chhattisgarh,Covaxin
41072,35327,76399,74651,1748,Dadra and Nagar Haveli and Daman and Diu,Covaxin
5923,4817,10740,8704,2036,Delhi,Covaxin
18189,7226,25415,22275,3140,Goa,Covaxin
16281,29040,45321,31279,14042,Gujarat,Covaxin
43741,43887,87628,72130,15498,Haryana,Covaxin
45972,15876,61848,40278,21570,Himachal Pradesh,Covaxin
19191,8618,27809,7641,20168,Jammu and Kashmir,Covaxin
13234,4178,17412,6685,10727,Jharkhand,Covaxin
41200,18089,59289,50164,9125,Karnataka,Covaxin
4927,38144,43071,19088,23983,Kerala,Covaxin
21514,46718,68232,67695,537,Ladakh,Covaxin
40857,47865,88722,43647,45075,Madhya Pradesh,Covaxin
11916,36973,48889,20191,28698,Maharashtra,Covaxin
28905,45458,74363,49484,24879,Manipur,Covaxin
40673,11878,52551,8575,43976,Meghalaya,Covaxin
35694,15864,51558,16725,34833,Mizoram,Covaxin
18838,24925,43763,25227,18536,Nagaland,Covaxin
34721,49325,84046,40987,43059,Odisha,Covaxin
16396,22745,39141,26484,12657,Puducherry,Covaxin
11595,20639,32234,29689,2545,Punjab,Covaxin
11104,24617,35721,20465,15256,Rajasthan,Covaxin
34467,43206,77673,42248,35425,Sikkim,Covaxin
39846,6194,46040,35336,10704,Tamil Nadu,Covaxin
3559,31088,34647,5214,29433,Telengana,Covaxin
42896,1517,44413,20041,24372,Tripura,Covaxin
22953,37916,60869,48383,12486,Uttarakhand,Covaxin
41259,22832,64091,48152,15939,Uttar Pradesh,Covaxin
14509,36873,51382,33699,17683,West Bengal,Covaxin
1975,30051,32026,15836,16190,Andaman and Nicobar Islands,Covaxin
8406,25116,33522,31301,2221,Andhra Pradesh,Covaxin
16861,2242,19103,18414,689,Arunachal Pradesh,Covaxin
22835,29512,52347,43305,9042,Assam,Covaxin
36259,16146,52405,37140,15265,Bihar,Covaxin
14679,11846,26525,9491,17034,Chandigarh,Covaxin
32689,12109,44798,5984,38814,Chhattisgarh,Covaxin
46832,15998,62830,49273,13557,Dadra and Nagar Haveli and Daman and Diu,Covaxin
34723,4099,38822,30424,8398,Delhi,Covaxin
36125,48058,84183,61011,23172,Goa,Covaxin
35998,44088,80086,42468,37618,Gujarat,Covaxin
43856,27097,70953,49491,21462,Haryana,Covaxin
22167,41303,63470,37719,25751,Himachal Pradesh,Covaxin
1619,47690,49309,45232,4077,Jammu and Kashmir,Covaxin
6879,49309,56188,47755,8433,Jharkhand,Covaxin
17659,1547,19206,11680,7526,Karnataka,Covaxin
2697,37894,40591,24933,15658,Kerala,Covaxin
19607,45405,65012,36734,28278,Ladakh,Covaxin
32827,29127,61954,57868,4086,Madhya Pradesh,Covaxin
38293,27643,65936,56107,9829,Maharashtra,Covaxin
49633,34896,84529,11835,72694,Manipur,Covaxin
7643,17112,24755,9460,15295,Meghalaya,Covaxin
32121,31989,64110,19830,44280,Mizoram,Covaxin
18352,43344,61696,21523,40173,Nagaland,Covaxin
5673,39176,44849,25709,19140,Odisha,Covaxin
11338,18132,29470,7952,21518,Puducherry,Covaxin
3201,21258,24459,8440,16019,Punjab,Covaxin
23857,28242,52099,28697,23402,Rajasthan,Covaxin
7855,34133,41988,23814,18174,Sikkim,Covaxin
44703,24423,69126,52866,16260,Tamil Nadu,Covaxin
33676,22129,55805,38544,17261,Telengana,Covaxin
31960,32821,64781,64621,160,Tripura,Covaxin
40188,27680,67868,43148,24720,Uttarakhand,Covaxin
42256,14412,56668,29482,27186,Uttar Pradesh,Covaxin
32345,6267,38612,5732,32880,West Bengal,Covaxin
15164,41370,56534,34155,22379,Andaman and Nicobar Islands,Covaxin
37325,44074,81399,28182,53217,Andhra Pradesh,Covaxin
14800,17017,31817,20070,11747,Arunachal Pradesh,Covaxin
45375,36600,81975,10727,71248,Assam,Covaxin
34978,31049,66027,56397,9630,Bihar,Covaxin
6133,31272,37405,31708,5697,Chandigarh,Covaxin
16492,9800,26292,7217,19075,Chhattisgarh,Covaxin
32152,33451,65603,7385,58218,Dadra and Nagar Haveli and Daman and Diu,Covaxin
48179,40036,88215,62437,25778,Delhi,Covaxin
39350,11571,50921,8831,42090,Goa,Covaxin
29223,41923,71146,52642,18504,Gujarat,Covaxin
43358,5265,48623,28454,20169,Haryana,Covaxin
34336,38261,72597,9998,62599,Himachal Pradesh,Covaxin
30198,16225,46423,15245,31178,Jammu and Kashmir,Covaxin
27904,43227,71131,64195,6936,Jharkhand,Covaxin
24736,5525,30261,11016,19245,Karnataka,Covaxin
35437,33587,69024,27460,41564,Kerala,Covaxin
18557,40642,59199,9135,50064,Ladakh,Covaxin
11773,15423,27196,14509,12687,Madhya Pradesh,Covaxin
45335,12808,58143,56382,1761,Maharashtra,Covaxin
20547,6373,26920,18384,8536,Manipur,Covaxin
7959,37704,45663,33108,12555,Meghalaya,Covaxin
21273,30473,51746,47712,4034,Mizoram,Covaxin
39518,20390,59908,17677,42231,Nagaland,Covaxin
20114,21060,41174,33290,7884,Odisha,Covaxin
21353,13744,35097,28758,6339,Puducherry,Covaxin
33794,15494,49288,17119,32169,Punjab,Covaxin
4424,46929,51353,25392,25961,Rajasthan,Covaxin
11914,11150,23064,9216,13848,Sikkim,Covaxin
49459,21727,71186,19115,52071,Tamil Nadu,Covaxin
4691,9231,13922,8123,5799,Telengana,Covaxin
40572,37350,77922,65556,12366,Tripura,Covaxin
42550,20587,63137,33229,29908,Uttarakhand,Covaxin
23635,12007,35642,8836,26806,Uttar Pradesh,Covaxin
22715,36739,59454,14504,44950,West Bengal,Covaxin
40327,43869,84196,52557,31639,Andaman and Nicobar Islands,Covaxin
1635,20684,22319,6688,15631,Andhra Pradesh,Covaxin
23682,38168,61850,53161,8689,Arunachal Pradesh,Covaxin
30871,29552,60423,38012,22411,Assam,Covaxin
41395,28421,69816,16490,53326,Bihar,Covaxin
14306,19428,33734,7892,25842,Chandigarh,Covaxin
9303,31316,40619,10619,30000,Chhattisgarh,Covaxin
21929,12370,34299,21899,12400,Dadra and Nagar Haveli and Daman and Diu,Covaxin
36677,32941,69618,10305,59313,Delhi,Covaxin
33522,47149,80671,30161,50510,Goa,Covaxin
36595,25904,62499,17546,44953,Gujarat,Covaxin
26483,13768,40251,21070,19181,Haryana,Covaxin
27253,2209,29462,10530,18932,Himachal Pradesh,Covaxin
28238,21749,49987,11992,37995,Jammu and Kashmir,Covaxin
19114,37409,56523,20518,36005,Jharkhand,Covaxin
49144,49025,98169,43200,54969,Karnataka,Covaxin
48198,12067,60265,30138,30127,Kerala,Covaxin
34619,18093,52712,29952,22760,Ladakh,Covaxin
27630,23885,51515,29012,22503,Madhya Pradesh,Covaxin
14071,27883,41954,16887,25067,Maharashtra,Covaxin
7597,3191,10788,6099,4689,Manipur,Covaxin
39745,31161,70906,19668,51238,Meghalaya,Covaxin
48699,42174,90873,43140,47733,Mizoram,Covaxin
32235,35098,67333,46435,20898,Nagaland,Covaxin
39957,37284,77241,45916,31325,Odisha,Covaxin
11224,8395,19619,10625,8994,Puducherry,Covaxin
41420,47062,88482,62935,25547,Punjab,Covaxin
43683,38483,82166,65785,16381,Rajasthan,Covaxin
41383,37755,79138,13209,65929,Sikkim,Covaxin
12778,36243,49021,10113,38908,Tamil Nadu,Covaxin
29142,40341,69483,42872,26611,Telengana,Covaxin
24760,46099,70859,47622,23237,Tripura,Covaxin
4722,37436,42158,16644,25514,Uttarakhand,Covaxin
18561,31592,50153,16247,33906,Uttar Pradesh,Covaxin
41819,33878,75697,73743,1954,West Bengal,Covaxin
45913,44654,90567,82579,7988,Andaman and Nicobar Islands,Covaxin
25740,12899,38639,20663,17976,Andhra Pradesh,Covaxin
25091,5905,30996,23833,7163,Arunachal Pradesh,Covaxin
18474,26176,44650,44153,497,Assam,Covaxin
24155,12232,36387,20442,15945,Bihar,Covaxin
35859,29737,65596,45850,19746,Chandigarh,Covaxin
48404,23638,72042,40113,31929,Chhattisgarh,Covaxin
14966,32181,47147,6392,40755,Dadra and Nagar Haveli and Daman and Diu,Covaxin
9328,40534,49862,25190,24672,Delhi,Covaxin
32445,49490,81935,12740,69195,Goa,Covaxin
15983,8928,24911,10110,14801,Gujarat,Covaxin
25518,13522,39040,16185,22855,Haryana,Covaxin
44187,25021,69208,48218,20990,Himachal Pradesh,Covaxin
46703,28332,75035,72414,2621,Jammu and Kashmir,Covaxin
15049,37131,52180,44331,7849,Jharkhand,Covaxin
43431,35847,79278,23995,55283,Karnataka,Covaxin
8346,5937,14283,11169,3114,Kerala,Covaxin
14055,48651,62706,24212,38494,Ladakh,Covaxin
31742,36451,68193,23541,44652,Madhya Pradesh,Covaxin
25262,4851,30113,10316,19797,Maharashtra,Covaxin
6481,48596,55077,27399,27678,Manipur,Covaxin
24615,23407,48022,25592,22430,Meghalaya,Covaxin
48074,25527,73601,25397,48204,Mizoram,Covaxin
48917,12032,60949,13921,47028,Nagaland,Covaxin
32797,35068,67865,24845,43020,Odisha,Covaxin
45953,30826,76779,28958,47821,Puducherry,Covaxin
39533,40149,79682,27911,51771,Punjab,Covaxin
4261,29669,33930,5020,28910,Rajasthan,Covaxin
42134,23547,65681,25709,39972,Sikkim,Covaxin
37117,20581,57698,29520,28178,Tamil Nadu,Covaxin
11287,22235,33522,33294,228,Telengana,Covaxin
23955,5789,29744,24047,5697,Tripura,Covaxin
36739,37106,73845,53206,20639,Uttarakhand,Covaxin
27817,31075,58892,23121,35771,Uttar Pradesh,Covaxin
19218,21537,40755,32638,8117,West Bengal,Covaxin
41958,38537,80495,29982,50513,Andaman and Nicobar Islands,Covaxin
18776,46483,65259,59942,5317,Andhra Pradesh,Covaxin
19154,1711,20865,18025,2840,Arunachal Pradesh,Covaxin
17698,24559,42257,7208,35049,Assam,Covaxin
14777,45413,60190,7228,52962,Bihar,Covaxin
38413,9460,47873,36886,10987,Chandigarh,Covaxin
40487,16885,57372,42744,14628,Chhattisgarh,Covaxin
32634,43915,76549,32462,44087,Dadra and Nagar Haveli and Daman and Diu,Covaxin
8196,42462,50658,49032,1626,Delhi,Covaxin
31847,46122,77969,64825,13144,Goa,Covaxin
20408,37207,57615,36702,20913,Gujarat,Covaxin
40189,47750,87939,83342,4597,Haryana,Covaxin
34554,44409,78963,77234,1729,Himachal Pradesh,Covaxin
49394,13225,62619,59692,2927,Jammu and Kashmir,Covaxin
39853,33591,73444,10814,62630,Jharkhand,Covaxin
29844,49146,78990,43173,35817,Karnataka,Covaxin
20237,47223,67460,57739,9721,Kerala,Covaxin
47875,3451,51326,46130,5196,Ladakh,Covaxin
1975,34607,36582,30307,6275,Madhya Pradesh,Covaxin
25547,49232,74779,19029,55750,Maharashtra,Covaxin
49815,49716,99531,16701,82830,Manipur,Covaxin
9945,45494,55439,54216,1223,Meghalaya,Covaxin
38769,5553,44322,32485,11837,Mizoram,Covaxin
7286,4976,12262,5244,7018,Nagaland,Covaxin
17037,13365,30402,7465,22937,Odisha,Covaxin
32723,47205,79928,34691,45237,Puducherry,Covaxin
12399,29828,42227,21520,20707,Punjab,Covaxin
14332,16739,31071,9275,21796,Rajasthan,Covaxin
41106,5939,47045,32752,14293,Sikkim,Covaxin
41493,3584,45077,39827,5250,Tamil Nadu,Covaxin
48761,17834,66595,43093,23502,Telengana,Covaxin
29500,30023,59523,7368,52155,Tripura,Covaxin
39687,40892,80579,31629,48950,Uttarakhand,Covaxin
20305,41217,61522,57422,4100,Uttar Pradesh,Covaxin
16389,33435,49824,20285,29539,West Bengal,Covaxin
46736,9900,56636,12301,44335,Andaman and Nicobar Islands,Covaxin
32102,12191,44293,7782,36511,Andhra Pradesh,Covaxin
35160,24262,59422,40045,19377,Arunachal Pradesh,Covaxin
17585,20717,38302,17948,20354,Assam,Covaxin
26235,31457,57692,25175,32517,Bihar,Covaxin
24803,10514,35317,7226,28091,Chandigarh,Covaxin
8725,26020,34745,7325,27420,Chhattisgarh,Covaxin
11585,33227,44812,42094,2718,Dadra and Nagar Haveli and Daman and Diu,Covaxin
32398,43374,75772,24309,51463,Delhi,Covaxin
41443,49589,91032,45515,45517,Goa,Covaxin
27042,12042,39084,29591,9493,Gujarat,Covaxin
10860,45280,56140,23501,32639,Haryana,Covaxin
31687,14343,46030,13978,32052,Himachal Pradesh,Covaxin
28615,42826,71441,16499,54942,Jammu and Kashmir,Covaxin
8232,40203,48435,23586,24849,Jharkhand,Covaxin
25026,23397,48423,8748,39675,Karnataka,Covaxin
21123,8113,29236,9063,20173,Kerala,Covaxin
22506,18196,40702,36970,3732,Ladakh,Covaxin
22874,19829,42703,14013,28690,Madhya Pradesh,Covaxin
48455,35454,83909,22087,61822,Maharashtra,Covaxin
28171,37195,65366,28666,36700,Manipur,Covaxin
45826,11891,57717,16376,41341,Meghalaya,Covaxin
42652,2380,45032,41267,3765,Mizoram,Covaxin
32803,26642,59445,8706,50739,Nagaland,Covaxin
4353,5449,9802,5076,4726,Odisha,Covaxin
1657,19478,21135,10022,11113,Puducherry,Covaxin
41607,32259,73866,8735,65131,Punjab,Covaxin
37839,20992,58831,53126,5705,Rajasthan,Covaxin
4307,44709,49016,9400,39616,Sikkim,Covaxin
7813,25409,33222,16812,16410,Tamil Nadu,Covaxin
38112,19462,57574,43533,14041,Telengana,Covaxin
34847,5571,40418,22828,17590,Tripura,Covaxin
49055,21221,70276,18413,51863,Uttarakhand,Covaxin
49039,9272,58311,46243,12068,Uttar Pradesh,Covaxin
28077,15943,44020,32034,11986,West Bengal,Covaxin
47690,27897,75587,29096,46491,Andaman and Nicobar Islands,Covaxin
22780,48944,71724,63092,8632,Andhra Pradesh,Covaxin
6285,19598,25883,22401,3482,Arunachal Pradesh,Covaxin
3518,46953,50471,27020,23451,Assam,Covaxin
29740,37610,67350,20987,46363,Bihar,Covaxin
34894,38987,73881,67031,6850,Chandigarh,Covaxin
41058,29912,70970,20460,50510,Chhattisgarh,Covaxin
23285,43516,66801,58956,7845,Dadra and Nagar Haveli and Daman and Diu,Covaxin
19383,28298,47681,11119,36562,Delhi,Covaxin
28526,8491,37017,16197,20820,Goa,Covaxin
39167,47257,86424,21520,64904,Gujarat,Covaxin
18584,4082,22666,20809,1857,Haryana,Covaxin
15583,17292,32875,10377,22498,Himachal Pradesh,Covaxin
6407,25126,31533,21261,10272,Jammu and Kashmir,Covaxin
42086,7994,50080,21506,28574,Jharkhand,Covaxin
20152,13608,33760,24359,9401,Karnataka,Covaxin
11785,41468,53253,24290,28963,Kerala,Covaxin
47648,49546,97194,12789,84405,Ladakh,Covaxin
7487,17278,24765,9692,15073,Madhya Pradesh,Covaxin
21491,35040,56531,6521,50010,Maharashtra,Covaxin
6964,24602,31566,8096,23470,Manipur,Covaxin
43836,14359,58195,13689,44506,Meghalaya,Covaxin
24941,17347,42288,38578,3710,Mizoram,Covaxin
31777,7717,39494,12909,26585,Nagaland,Covaxin
37150,27843,64993,8190,56803,Odisha,Covaxin
19734,19917,39651,19321,20330,Puducherry,Covaxin
44228,33562,77790,76395,1395,Punjab,Covaxin
21195,14985,36180,27207,8973,Rajasthan,Covaxin
36083,22065,58148,8482,49666,Sikkim,Covaxin
41318,46281,87599,9658,77941,Tamil Nadu,Covaxin
33241,22069,55310,50018,5292,Telengana,Covaxin
15614,45900,61514,21806,39708,Tripura,Covaxin
30145,18431,48576,11311,37265,Uttarakhand,Covaxin
37418,49925,87343,46885,40458,Uttar Pradesh,Covaxin
34974,39118,74092,54228,19864,West Bengal,Covaxin
1688,9553,11241,7981,3260,Andaman and Nicobar Islands,Covaxin
2213,20128,22341,14073,8268,Andhra Pradesh,Covaxin
33832,42398,76230,10734,65496,Arunachal Pradesh,Covaxin
36984,42133,79117,74627,4490,Assam,Covaxin
15293,23748,39041,23101,15940,Bihar,Covaxin
10804,2925,13729,10336,3393,Chandigarh,Covaxin
8647,9836,18483,10146,8337,Chhattisgarh,Covaxin
41315,25998,67313,58700,8613,Dadra and Nagar Haveli and Daman and Diu,Covaxin
29149,43160,72309,14490,57819,Delhi,Covaxin
10891,12457,23348,15109,8239,Goa,Covaxin
10734,13666,24400,21528,2872,Gujarat,Covaxin
4753,26926,31679,18852,12827,Haryana,Covaxin
33875,8464,42339,6663,35676,Himachal Pradesh,Covaxin
33602,44365,77967,56262,21705,Jammu and Kashmir,Covaxin
20523,30905,51428,13466,37962,Jharkhand,Covaxin
36334,24395,60729,31965,28764,Karnataka,Covaxin
16255,24323,40578,14630,25948,Kerala,Covaxin
14788,35801,50589,24977,25612,Ladakh,Covaxin
4196,24371,28567,9884,18683,Madhya Pradesh,Covaxin
26712,42373,69085,64550,4535,Maharashtra,Covaxin
2795,36309,39104,9066,30038,Manipur,Covaxin
24587,23811,48398,30858,17540,Meghalaya,Covaxin
24091,40877,64968,47396,17572,Mizoram,Covaxin
43493,6929,50422,40824,9598,Nagaland,Covaxin
8777,23302,32079,14784,17295,Odisha,Covaxin
26504,18744,45248,32385,12863,Puducherry,Covaxin
6373,46742,53115,26839,26276,Punjab,Covaxin
19318,8520,27838,12319,15519,Rajasthan,Covaxin
47363,47116,94479,75326,19153,Sikkim,Covaxin
3140,13596,16736,12660,4076,Tamil Nadu,Covaxin
31758,29609,61367,36503,24864,Telengana,Covaxin
42311,42437,84748,78397,6351,Tripura,Covaxin
13570,49428,62998,22453,40545,Uttarakhand,Covaxin
15938,39694,55632,42017,13615,Uttar Pradesh,Covaxin
49148,3572,52720,42229,10491,West Bengal,Covaxin
12250,32160,44410,36056,8354,Andaman and Nicobar Islands,Covaxin
31005,9558,40563,34445,6118,Andhra Pradesh,Covaxin
44627,35495,80122,7045,73077,Arunachal Pradesh,Covaxin
46518,11567,58085,40965,17120,Assam,Covaxin
45874,6174,52048,28106,23942,Bihar,Covaxin
11280,3474,14754,7290,7464,Chandigarh,Covaxin
21815,13460,35275,21365,13910,Chhattisgarh,Covaxin
8718,46277,54995,6610,48385,Dadra and Nagar Haveli and Daman and Diu,Covaxin
37116,8993,46109,17533,28576,Delhi,Covaxin
19378,22140,41518,25407,16111,Goa,Covaxin
6000,40937,46937,38204,8733,Gujarat,Covaxin
28902,5608,34510,9430,25080,Haryana,Covaxin
25931,20790,46721,15829,30892,Himachal Pradesh,Covaxin
35720,33139,68859,41828,27031,Jammu and Kashmir,Covaxin
12589,7333,19922,6142,13780,Jharkhand,Covaxin
39023,39342,78365,69030,9335,Karnataka,Covaxin
14539,26034,40573,30979,9594,Kerala,Covaxin
9512,35356,44868,43218,1650,Ladakh,Covaxin
11253,18346,29599,15872,13727,Madhya Pradesh,Covaxin
35560,37538,73098,41645,31453,Maharashtra,Covaxin
22653,41155,63808,13955,49853,Manipur,Covaxin
15515,2752,18267,9598,8669,Meghalaya,Covaxin
40977,35527,76504,37482,39022,Mizoram,Covaxin
28883,23301,52184,49764,2420,Nagaland,Covaxin
22026,28377,50403,19044,31359,Odisha,Covaxin
25471,37866,63337,45831,17506,Puducherry,Covaxin
42316,34064,76380,30425,45955,Punjab,Covaxin
9346,5569,14915,7304,7611,Rajasthan,Covaxin
8381,8915,17296,10116,7180,Sikkim,Covaxin
41611,30129,71740,48739,23001,Tamil Nadu,Covaxin
22595,33748,56343,13101,43242,Telengana,Covaxin
33025,9949,42974,19624,23350,Tripura,Covaxin
22481,32088,54569,53030,1539,Uttarakhand,Covaxin
35635,2381,38016,26904,11112,Uttar Pradesh,Covaxin
22683,31388,54071,52747,1324,West Bengal,Covaxin
5756,40301,46057,30452,15605,Andaman and Nicobar Islands,Covaxin
9240,20616,29856,29694,162,Andhra Pradesh,Covaxin
6494,4374,10868,10486,382,Arunachal Pradesh,Covaxin
48447,47215,95662,61589,34073,Assam,Covaxin
36994,43568,80562,68500,12062,Bihar,Covaxin
24099,40306,64405,6374,58031,Chandigarh,Covaxin
39272,19786,59058,7872,51186,Chhattisgarh,Covaxin
32621,7090,39711,11275,28436,Dadra and Nagar Haveli and Daman and Diu,Covaxin
36110,30625,66735,38101,28634,Delhi,Covaxin
15089,43824,58913,8591,50322,Goa,Covaxin
4927,21598,26525,11031,15494,Gujarat,Covaxin
29468,36000,65468,19303,46165,Haryana,Covaxin
43946,3619,47565,24139,23426,Himachal Pradesh,Covaxin
2762,12441,15203,6238,8965,Jammu and Kashmir,Covaxin
11517,20295,31812,6606,25206,Jharkhand,Covaxin
42570,10320,52890,15305,37585,Karnataka,Covaxin
10960,35445,46405,45345,1060,Kerala,Covaxin
24372,3443,27815,7513,20302,Ladakh,Covaxin
20413,25944,46357,24798,21559,Madhya Pradesh,Covaxin
42140,23191,65331,14180,51151,Maharashtra,Covaxin
47211,24882,72093,9191,62902,Manipur,Covaxin
13599,23718,37317,29796,7521,Meghalaya,Covaxin
47888,7061,54949,19935,35014,Mizoram,Covaxin
11788,30362,42150,35096,7054,Nagaland,Covaxin
49550,46992,96542,53075,43467,Odisha,Covaxin
40906,45254,86160,10343,75817,Puducherry,Covaxin
5034,24270,29304,24286,5018,Punjab,Covaxin
20841,33317,54158,41956,12202,Rajasthan,Covaxin
18422,2951,21373,8548,12825,Sikkim,Covaxin
46834,24812,71646,42341,29305,Tamil Nadu,Covaxin
19320,12482,31802,12300,19502,Telengana,Covaxin
9647,39531,49178,15307,33871,Tripura,Covaxin
17734,15805,33539,30202,3337,Uttarakhand,Covaxin
35083,14584,49667,36312,13355,Uttar Pradesh,Covaxin
19308,13746,33054,13224,19830,West Bengal,Covaxin
38935,24507,63442,62426,1016,Andaman and Nicobar Islands,Covaxin
38304,29223,67527,40720,26807,Andhra Pradesh,Covaxin
47292,18806,66098,35339,30759,Arunachal Pradesh,Covaxin
23666,38314,61980,9912,52068,Assam,Covaxin
15497,10966,26463,5603,20860,Bihar,Covaxin
1697,37269,38966,35486,3480,Chandigarh,Covaxin
10023,34228,44251,7534,36717,Chhattisgarh,Covaxin
48575,37478,86053,84948,1105,Dadra and Nagar Haveli and Daman and Diu,Covaxin
24466,33188,57654,27318,30336,Delhi,Covaxin
22794,7177,29971,26092,3879,Goa,Covaxin
24208,28533,52741,28809,23932,Gujarat,Covaxin
33338,1858,35196,11883,23313,Haryana,Covaxin
17380,7806,25186,16808,8378,Himachal Pradesh,Covaxin
3997,8928,12925,8829,4096,Jammu and Kashmir,Covaxin
31099,24085,55184,33778,21406,Jharkhand,Covaxin
43929,3616,47545,5341,42204,Karnataka,Covaxin
4849,15815,20664,8901,11763,Kerala,Covaxin
7721,49362,57083,24172,32911,Ladakh,Covaxin
23626,36716,60342,56714,3628,Madhya Pradesh,Covaxin
17803,3223,21026,9734,11292,Maharashtra,Covaxin
25152,31035,56187,35542,20645,Manipur,Covaxin
44715,38660,83375,55673,27702,Meghalaya,Covaxin
11105,34190,45295,23075,22220,Mizoram,Covaxin
41459,46785,88244,71556,16688,Nagaland,Covaxin
33237,32710,65947,30683,35264,Odisha,Covaxin
11776,36865,48641,14631,34010,Puducherry,Covaxin
29868,32757,62625,56588,6037,Punjab,Covaxin
13162,27164,40326,25869,14457,Rajasthan,Covaxin
33389,14331,47720,42773,4947,Sikkim,Covaxin
30797,17146,47943,15376,32567,Tamil Nadu,Covaxin
16117,18739,34856,8425,26431,Telengana,Covaxin
36849,15386,52235,42420,9815,Tripura,Covaxin
36869,24103,60972,35349,25623,Uttarakhand,Covaxin
36894,20553,57447,17870,39577,Uttar Pradesh,Covaxin
12042,30419,42461,37282,5179,West Bengal,Covaxin
28709,40407,69116,61875,7241,Andaman and Nicobar Islands,Covaxin
10226,48674,58900,11873,47027,Andhra Pradesh,Covaxin
41409,35120,76529,51497,25032,Arunachal Pradesh,Covaxin
44476,5532,50008,42581,7427,Assam,Covaxin
45006,2713,47719,9214,38505,Bihar,Covaxin
12188,24231,36419,31787,4632,Chandigarh,Covaxin
27090,48688,75778,25922,49856,Chhattisgarh,Covaxin
41759,21310,63069,62051,1018,Dadra and Nagar Haveli and Daman and Diu,Covaxin
16495,32574,49069,39095,9974,Delhi,Covaxin
22854,24656,47510,34387,13123,Goa,Covaxin
16673,49916,66589,53425,13164,Gujarat,Covaxin
16687,26939,43626,29109,14517,Haryana,Covaxin
22128,45109,67237,8450,58787,Himachal Pradesh,Covaxin
35524,11438,46962,40719,6243,Jammu and Kashmir,Covaxin
24303,1943,26246,6332,19914,Jharkhand,Covaxin
36777,19444,56221,10915,45306,Karnataka,Covaxin
42952,13169,56121,50081,6040,Kerala,Covaxin
6311,30913,37224,28752,8472,Ladakh,Covaxin
17490,35746,53236,30979,22257,Madhya Pradesh,Covaxin
47232,13647,60879,7323,53556,Maharashtra,Covaxin
35874,13923,49797,8398,41399,Manipur,Covaxin
15779,39528,55307,41806,13501,Meghalaya,Covaxin
20105,7088,27193,25266,1927,Mizoram,Covaxin
4737,17380,22117,13104,9013,Nagaland,Covaxin
18763,36879,55642,8118,47524,Odisha,Covaxin
46778,6744,53522,25456,28066,Puducherry,Covaxin
9251,35444,44695,37644,7051,Punjab,Covaxin
18458,29037,47495,29244,18251,Rajasthan,Covaxin
27422,20038,47460,34331,13129,Sikkim,Covaxin
2472,5823,8295,7957,338,Tamil Nadu,Covaxin
46208,48313,94521,90543,3978,Telengana,Covaxin
4608,46791,51399,28162,23237,Tripura,Covaxin
39644,27847,67491,38038,29453,Uttarakhand,Covaxin
48293,25214,73507,25033,48474,Uttar Pradesh,Covaxin
25719,16680,42399,25247,17152,West Bengal,Covaxin
22787,31066,53853,31440,22413,Andaman and Nicobar Islands,Covaxin
48464,4946,53410,25668,27742,Andhra Pradesh,Covaxin
40381,3747,44128,40252,3876,Arunachal Pradesh,Covaxin
37845,11782,49627,28242,21385,Assam,Covaxin
38296,44495,82791,22938,59853,Bihar,Covaxin
10718,17385,28103,25135,2968,Chandigarh,Covaxin
7582,29949,37531,13965,23566,Chhattisgarh,Covaxin
17014,41708,58722,58037,685,Dadra and Nagar Haveli and Daman and Diu,Covaxin
48467,37219,85686,72331,13355,Delhi,Covaxin
10672,7632,18304,12711,5593,Goa,Covaxin
42189,37860,80049,65011,15038,Gujarat,Covaxin
20390,25709,46099,15705,30394,Haryana,Covaxin
24731,46125,70856,38138,32718,Himachal Pradesh,Covaxin
44176,1865,46041,45151,890,Jammu and Kashmir,Covaxin
31781,39404,71185,19075,52110,Jharkhand,Covaxin
21380,5863,27243,18824,8419,Karnataka,Covaxin
6005,20662,26667,16763,9904,Kerala,Covaxin
38990,44795,83785,30320,53465,Ladakh,Covaxin
32945,46688,79633,48898,30735,Madhya Pradesh,Covaxin
4478,32969,37447,14346,23101,Maharashtra,Covaxin
11038,43168,54206,11218,42988,Manipur,Covaxin
44190,25798,69988,34017,35971,Meghalaya,Covaxin
9386,15095,24481,11626,12855,Mizoram,Covaxin
43383,6727,50110,12779,37331,Nagaland,Covaxin
16915,36629,53544,49653,3891,Odisha,Covaxin
46858,16606,63464,15011,48453,Puducherry,Covaxin
48746,40334,89080,13075,76005,Punjab,Covaxin
45266,43969,89235,17785,71450,Rajasthan,Covaxin
35779,40105,75884,45637,30247,Sikkim,Covaxin
4708,6944,11652,8631,3021,Tamil Nadu,Covaxin
11014,21231,32245,29715,2530,Telengana,Covaxin
12307,18281,30588,10576,20012,Tripura,Covaxin
32494,33089,65583,10863,54720,Uttarakhand,Covaxin
12367,13752,26119,25527,592,Uttar Pradesh,Covaxin
3112,6348,9460,9091,369,West Bengal,Covaxin
3215,38810,42025,27600,14425,Andaman and Nicobar Islands,Covaxin
49677,43449,93126,75385,17741,Andhra Pradesh,Covaxin
22572,30822,53394,38758,14636,Arunachal Pradesh,Covaxin
3378,32097,35475,19927,15548,Assam,Covaxin
1799,19845,21644,7168,14476,Bihar,Covaxin
20189,16016,36205,10689,25516,Chandigarh,Covaxin
31608,19827,51435,39504,11931,Chhattisgarh,Covaxin
20192,25041,45233,22385,22848,Dadra and Nagar Haveli and Daman and Diu,Covaxin
25076,33947,59023,23494,35529,Delhi,Covaxin
26029,2589,28618,12016,16602,Goa,Covaxin
33312,21547,54859,26091,28768,Gujarat,Covaxin
24389,38752,63141,7684,55457,Haryana,Covaxin
31724,34947,66671,22880,43791,Himachal Pradesh,Covaxin
33273,13307,46580,16937,29643,Jammu and Kashmir,Covaxin
12349,37275,49624,40353,9271,Jharkhand,Covaxin
24357,28446,52803,22102,30701,Karnataka,Covaxin
33770,45395,79165,13113,66052,Kerala,Covaxin
7719,8837,16556,14546,2010,Ladakh,Covaxin
18470,46708,65178,15289,49889,Madhya Pradesh,Covaxin
23094,30974,54068,7582,46486,Maharashtra,Covaxin
28214,11315,39529,38743,786,Manipur,Covaxin
46208,47060,93268,43659,49609,Meghalaya,Covaxin
10602,39971,50573,43327,7246,Mizoram,Covaxin
7322,11168,18490,13953,4537,Nagaland,Covaxin
23258,27346,50604,37132,13472,Odisha,Covaxin
10355,7975,18330,11694,6636,Puducherry,Covaxin
32163,13179,45342,17362,27980,Punjab,Covaxin
38770,7642,46412,9754,36658,Rajasthan,Covaxin
35113,19478,54591,28846,25745,Sikkim,Covaxin
9692,2938,12630,8728,3902,Tamil Nadu,Covaxin
48308,28662,76970,36492,40478,Telengana,Covaxin
2518,2671,5189,5171,18,Tripura,Covaxin
19734,47413,67147,28317,38830,Uttarakhand,Covaxin
36649,3357,40006,38243,1763,Uttar Pradesh,Covaxin
10858,46283,57141,39086,18055,West Bengal,Covaxin
26741,5866,32607,29983,2624,Andaman and Nicobar Islands,Covaxin
30994,25001,55995,13308,42687,Andhra Pradesh,Covaxin
20435,25129,45564,40021,5543,Arunachal Pradesh,Covaxin
49072,30822,79894,76538,3356,Assam,Covaxin
16773,26371,43144,23771,19373,Bihar,Covaxin
44841,48892,93733,44816,48917,Chandigarh,Covaxin
13077,35466,48543,47531,1012,Chhattisgarh,Covaxin
14159,34170,48329,13060,35269,Dadra and Nagar Haveli and Daman and Diu,Covaxin
16747,6004,22751,9751,13000,Delhi,Covaxin
4722,6629,11351,10027,1324,Goa,Covaxin
3413,8069,11482,7504,3978,Gujarat,Covaxin
9779,37517,47296,23135,24161,Haryana,Covaxin
12766,20144,32910,26964,5946,Himachal Pradesh,Covaxin
46615,8671,55286,51353,3933,Jammu and Kashmir,Covaxin
26108,36975,63083,47736,15347,Jharkhand,Covaxin
36267,40440,76707,27657,49050,Karnataka,Covaxin
16260,48323,64583,30260,34323,Kerala,Covaxin
27146,43376,70522,54789,15733,Ladakh,Covaxin
48975,16343,65318,53070,12248,Madhya Pradesh,Covaxin
42439,34902,77341,37379,39962,Maharashtra,Covaxin
20164,35573,55737,13694,42043,Manipur,Covaxin
7026,26773,33799,13248,20551,Meghalaya,Covaxin
2545,19837,22382,18678,3704,Mizoram,Covaxin
37492,25022,62514,37823,24691,Nagaland,Covaxin
48752,10683,59435,20184,39251,Odisha,Covaxin
23417,16172,39589,35087,4502,Puducherry,Covaxin
24997,39155,64152,43401,20751,Punjab,Covaxin
37072,23109,60181,12199,47982,Rajasthan,Covaxin
4887,49344,54231,16062,38169,Sikkim,Covaxin
9184,38897,48081,22869,25212,Tamil Nadu,Covaxin
16330,43976,60306,24859,35447,Telengana,Covaxin
6598,46522,53120,6136,46984,Tripura,Covaxin
28223,43043,71266,61334,9932,Uttarakhand,Covaxin
40493,22742,63235,44603,18632,Uttar Pradesh,Covaxin
25219,29864,55083,19392,35691,West Bengal,Covaxin
48153,19179,67332,59445,7887,Andaman and Nicobar Islands,Covaxin
48135,17963,66098,11006,55092,Andhra Pradesh,Covaxin
29086,33916,63002,8952,54050,Arunachal Pradesh,Covaxin
46609,8288,54897,20342,34555,Assam,Covaxin
20879,38071,58950,54672,4278,Bihar,Covaxin
36899,38338,75237,30698,44539,Chandigarh,Covaxin
24470,18934,43404,9002,34402,Chhattisgarh,Covaxin
2968,23619,26587,9070,17517,Dadra and Nagar Haveli and Daman and Diu,Covaxin
44302,33506,77808,10666,67142,Delhi,Covaxin
9352,18383,27735,14091,13644,Goa,Covaxin
10970,27260,38230,5089,33141,Gujarat,Covaxin
13531,21975,35506,20924,14582,Haryana,Covaxin
23396,26905,50301,38541,11760,Himachal Pradesh,Covaxin
45651,47423,93074,54676,38398,Jammu and Kashmir,Covaxin
14565,14251,28816,16147,12669,Jharkhand,Covaxin
15997,36525,52522,20798,31724,Karnataka,Covaxin
7381,6017,13398,11383,2015,Kerala,Covaxin
3020,4689,7709,5358,2351,Ladakh,Covaxin
33536,8928,42464,23224,19240,Madhya Pradesh,Covaxin
16924,37130,54054,11591,42463,Maharashtra,Covaxin
19086,3452,22538,14842,7696,Manipur,Covaxin
49083,2788,51871,11931,39940,Meghalaya,Covaxin
19922,27943,47865,12675,35190,Mizoram,Covaxin
15540,26920,42460,39112,3348,Nagaland,Covaxin
8262,8865,17127,6016,11111,Odisha,Covaxin
22696,16336,39032,37741,1291,Puducherry,Covaxin
27649,4745,32394,16089,16305,Punjab,Covaxin
16583,4428,21011,12967,8044,Rajasthan,Covaxin
24925,35365,60290,26669,33621,Sikkim,Covaxin
20768,39166,59934,5156,54778,Tamil Nadu,Covaxin
10289,35299,45588,11129,34459,Telengana,Covaxin
25405,40331,65736,65045,691,Tripura,Covaxin
15341,43004,58345,46354,11991,Uttarakhand,Covaxin
40871,9641,50512,44241,6271,Uttar Pradesh,Covaxin
31301,32081,63382,28635,34747,West Bengal,Covaxin
15433,18521,33954,7689,26265,Andaman and Nicobar Islands,Covaxin
23410,4293,27703,19459,8244,Andhra Pradesh,Covaxin
41323,9105,50428,47349,3079,Arunachal Pradesh,Covaxin
16323,42629,58952,44456,14496,Assam,Covaxin
30074,32336,62410,8798,53612,Bihar,Covaxin
19256,17878,37134,23895,13239,Chandigarh,Covaxin
9902,18936,28838,9829,19009,Chhattisgarh,Covaxin
42161,26767,68928,26566,42362,Dadra and Nagar Haveli and Daman and Diu,Covaxin
47351,15647,62998,44921,18077,Delhi,Covaxin
48494,7575,56069,12203,43866,Goa,Covaxin
24754,39502,64256,20657,43599,Gujarat,Covaxin
42282,14194,56476,19648,36828,Haryana,Covaxin
28323,30913,59236,5350,53886,Himachal Pradesh,Covaxin
11807,38184,49991,22692,27299,Jammu and Kashmir,Covaxin
43786,36970,80756,22620,58136,Jharkhand,Covaxin
15520,36257,51777,49565,2212,Karnataka,Covaxin
4066,45521,49587,48825,762,Kerala,Covaxin
8966,41561,50527,30717,19810,Ladakh,Covaxin
1602,26345,27947,12974,14973,Madhya Pradesh,Covaxin
10004,19866,29870,7562,22308,Maharashtra,Covaxin
13643,20013,33656,16958,16698,Manipur,Covaxin
21125,22651,43776,6560,37216,Meghalaya,Covaxin
42827,10567,53394,5382,48012,Mizoram,Covaxin
24549,46495,71044,52807,18237,Nagaland,Covaxin
2157,37911,40068,26124,13944,Odisha,Covaxin
13616,35303,48919,16851,32068,Puducherry,Covaxin
3167,26763,29930,7254,22676,Punjab,Covaxin
28340,15196,43536,11518,32018,Rajasthan,Covaxin
20162,23782,43944,30819,13125,Sikkim,Covaxin
4661,4197,8858,5407,3451,Tamil Nadu,Covaxin
22527,40319,62846,21617,41229,Telengana,Covaxin
26308,41588,67896,46652,21244,Tripura,Covaxin
19364,47992,67356,15137,52219,Uttarakhand,Covaxin
46269,27305,73574,33000,40574,Uttar Pradesh,Covaxin
24196,40907,65103,35867,29236,West Bengal,Covaxin
33123,43733,76856,29923,46933,Andaman and Nicobar Islands,Covaxin
5498,8949,14447,7519,6928,Andhra Pradesh,Covaxin
25892,25361,51253,48892,2361,Arunachal Pradesh,Covaxin
9185,7809,16994,14047,2947,Assam,Covaxin
29920,45127,75047,12983,62064,Bihar,Covaxin
45859,47317,93176,72879,20297,Chandigarh,Covaxin
25677,34919,60596,24884,35712,Chhattisgarh,Covaxin
47918,48647,96565,50452,46113,Dadra and Nagar Haveli and Daman and Diu,Covaxin
36455,42977,79432,20041,59391,Delhi,Covaxin
34949,36634,71583,28727,42856,Goa,Covaxin
5062,34064,39126,38593,533,Gujarat,Covaxin
6235,47287,53522,26072,27450,Haryana,Covaxin
33680,37009,70689,28419,42270,Himachal Pradesh,Covaxin
30634,31405,62039,25678,36361,Jammu and Kashmir,Covaxin
42964,27885,70849,22903,47946,Jharkhand,Covaxin
13260,49685,62945,58831,4114,Karnataka,Covaxin
26585,36538,63123,44719,18404,Kerala,Covaxin
16529,48558,65087,46249,18838,Ladakh,Covaxin
12583,18609,31192,17895,13297,Madhya Pradesh,Covaxin
37397,16167,53564,34542,19022,Maharashtra,Covaxin
48433,35655,84088,67931,16157,Manipur,Covaxin
34260,7849,42109,11328,30781,Meghalaya,Covaxin
25840,32648,58488,43246,15242,Mizoram,Covaxin
10862,40319,51181,9678,41503,Nagaland,Covaxin
35935,48285,84220,16095,68125,Odisha,Covaxin
39630,4206,43836,26789,17047,Puducherry,Covaxin
17204,23899,41103,24829,16274,Punjab,Covaxin
31988,21581,53569,20041,33528,Rajasthan,Covaxin
8061,17941,26002,6374,19628,Sikkim,Covaxin
2897,16090,18987,15666,3321,Tamil Nadu,Covaxin
28234,28815,57049,5177,51872,Telengana,Covaxin
6342,10493,16835,8672,8163,Tripura,Covaxin
14727,32509,47236,18561,28675,Uttarakhand,Covaxin
39497,30320,69817,19531,50286,Uttar Pradesh,Covaxin
30714,35126,65840,18545,47295,West Bengal,Covaxin
9796,39198,48994,40796,8198,Andaman and Nicobar Islands,Covaxin
23715,16510,40225,24492,15733,Andhra Pradesh,Covaxin
33716,27498,61214,26680,34534,Arunachal Pradesh,Covaxin
6278,49016,55294,46092,9202,Assam,Covaxin
7320,24720,32040,22250,9790,Bihar,Covaxin
9724,11727,21451,19700,1751,Chandigarh,Covaxin
41780,29078,70858,57737,13121,Chhattisgarh,Covaxin
5377,19976,25353,9597,15756,Dadra and Nagar Haveli and Daman and Diu,Covaxin
13410,27201,40611,35905,4706,Delhi,Covaxin
20658,35934,56592,36246,20346,Goa,Covaxin
32997,2271,35268,12275,22993,Gujarat,Covaxin
42815,10428,53243,44922,8321,Haryana,Covaxin
24622,8324,32946,12669,20277,Himachal Pradesh,Covaxin
14232,6351,20583,17343,3240,Jammu and Kashmir,Covaxin
23264,35489,58753,43868,14885,Jharkhand,Covaxin
23829,23829,47658,24144,23514,Karnataka,Covaxin
43177,45444,88621,47920,40701,Kerala,Covaxin
36636,23911,60547,42069,18478,Ladakh,Covaxin
32687,6716,39403,11954,27449,Madhya Pradesh,Covaxin
34898,15543,50441,9205,41236,Maharashtra,Covaxin
4543,24112,28655,11606,17049,Manipur,Covaxin
40711,41234,81945,7317,74628,Meghalaya,Covaxin
12651,20590,33241,24197,9044,Mizoram,Covaxin
12842,6141,18983,15148,3835,Nagaland,Covaxin
15340,43544,58884,20843,38041,Odisha,Covaxin
44646,37661,82307,18602,63705,Puducherry,Covaxin
5940,27156,33096,21826,11270,Punjab,Covaxin
30552,14540,45092,10071,35021,Rajasthan,Covaxin
10783,41357,52140,29274,22866,Sikkim,Covaxin
33637,5952,39589,27298,12291,Tamil Nadu,Covaxin
41061,12211,53272,50549,2723,Telengana,Covaxin
5719,9402,15121,6479,8642,Tripura,Covaxin
45051,2127,47178,40240,6938,Uttarakhand,Covaxin
23340,15248,38588,24198,14390,Uttar Pradesh,Covaxin
38077,42512,80589,11933,68656,West Bengal,Covaxin
4393,22667,27060,9736,17324,Andaman and Nicobar Islands,Covaxin
28427,42162,70589,9968,60621,Andhra Pradesh,Covaxin
40017,18794,58811,27786,31025,Arunachal Pradesh,Covaxin
39624,36933,76557,48604,27953,Assam,Covaxin
16280,34761,51041,40100,10941,Bihar,Covaxin
47816,39930,87746,61498,26248,Chandigarh,Covaxin
42968,33112,76080,40628,35452,Chhattisgarh,Covaxin
30940,34849,65789,17495,48294,Dadra and Nagar Haveli and Daman and Diu,Covaxin
36874,29032,65906,44331,21575,Delhi,Covaxin
28763,9603,38366,20946,17420,Goa,Covaxin
28347,47739,76086,51008,25078,Gujarat,Covaxin
18547,23832,42379,35242,7137,Haryana,Covaxin
45443,2334,47777,21515,26262,Himachal Pradesh,Covaxin
45167,15492,60659,36685,23974,Jammu and Kashmir,Covaxin
45994,7170,53164,11615,41549,Jharkhand,Covaxin
30049,18961,49010,33758,15252,Karnataka,Covaxin
12055,48358,60413,17323,43090,Kerala,Covaxin
17704,9986,27690,14733,12957,Ladakh,Covaxin
44203,35798,80001,57673,22328,Madhya Pradesh,Covaxin
46312,7630,53942,49033,4909,Maharashtra,Covaxin
15734,46613,62347,32650,29697,Manipur,Covaxin
22053,15390,37443,25762,11681,Meghalaya,Covaxin
37782,37983,75765,49583,26182,Mizoram,Covaxin
10744,23402,34146,11246,22900,Nagaland,Covaxin
13997,27494,41491,5763,35728,Odisha,Covaxin
28763,49602,78365,61176,17189,Puducherry,Covaxin
17518,33368,50886,39542,11344,Punjab,Covaxin
43286,7445,50731,26685,24046,Rajasthan,Covaxin
5521,22175,27696,8732,18964,Sikkim,Covaxin
4304,39179,43483,10129,33354,Tamil Nadu,Covaxin
11386,32888,44274,9169,35105,Telengana,Covaxin
48144,29658,77802,76084,1718,Tripura,Covaxin
47237,49195,96432,84576,11856,Uttarakhand,Covaxin
6959,28199,35158,16812,18346,Uttar Pradesh,Covaxin
5670,30980,36650,35850,800,West Bengal,Covaxin
46070,7707,53777,27904,25873,Andaman and Nicobar Islands,Covaxin
27882,5283,33165,21909,11256,Andhra Pradesh,Covaxin
44559,39089,83648,6797,76851,Arunachal Pradesh,Covaxin
46169,49885,96054,93518,2536,Assam,Covaxin
26930,15294,42224,29644,12580,Bihar,Covaxin
31642,12088,43730,35831,7899,Chandigarh,Covaxin
41055,17403,58458,10965,47493,Chhattisgarh,Covaxin
27859,6394,34253,8286,25967,Dadra and Nagar Haveli and Daman and Diu,Covaxin
23830,45575,69405,9925,59480,Delhi,Covaxin
20011,39187,59198,38179,21019,Goa,Covaxin
17883,13210,31093,19311,11782,Gujarat,Covaxin
34968,2372,37340,25366,11974,Haryana,Covaxin
17717,40891,58608,35649,22959,Himachal Pradesh,Covaxin
40961,7975,48936,19515,29421,Jammu and Kashmir,Covaxin
18959,8570,27529,7664,19865,Jharkhand,Covaxin
15216,43409,58625,31282,27343,Karnataka,Covaxin
4969,31282,36251,10849,25402,Kerala,Covaxin
43379,15088,58467,23805,34662,Ladakh,Covaxin
6667,42171,48838,17074,31764,Madhya Pradesh,Covaxin
19884,47415,67299,40635,26664,Maharashtra,Covaxin
3386,11305,14691,13914,777,Manipur,Covaxin
35310,33121,68431,29132,39299,Meghalaya,Covaxin
21082,47810,68892,20763,48129,Mizoram,Covaxin
16232,6423,22655,18001,4654,Nagaland,Covaxin
19790,16390,36180,29180,7000,Odisha,Covaxin
20523,24871,45394,17080,28314,Puducherry,Covaxin
17796,15949,33745,15208,18537,Punjab,Covaxin
35293,27354,62647,52277,10370,Rajasthan,Covaxin
22364,38433,60797,45037,15760,Sikkim,Covaxin
19763,12425,32188,6290,25898,Tamil Nadu,Covaxin
22676,25045,47721,11847,35874,Telengana,Covaxin
29378,44836,74214,12680,61534,Tripura,Covaxin
26403,28139,54542,13261,41281,Uttarakhand,Covaxin
21565,35498,57063,14656,42407,Uttar Pradesh,Covaxin
12869,25152,38021,36936,1085,West Bengal,Covaxin
10699,13804,24503,16213,8290,Andaman and Nicobar Islands,Covaxin
41654,7208,48862,22288,26574,Andhra Pradesh,Covaxin
5986,31270,37256,27589,9667,Arunachal Pradesh,Covaxin
36219,46472,82691,24062,58629,Assam,Covaxin
22963,8149,31112,8714,22398,Bihar,Covaxin
49189,43501,92690,47536,45154,Chandigarh,Covaxin
31760,28024,59784,48914,10870,Chhattisgarh,Covaxin
9069,34136,43205,5445,37760,Dadra and Nagar Haveli and Daman and Diu,Covaxin
10136,8137,18273,13869,4404,Delhi,Covaxin
13836,15557,29393,24881,4512,Goa,Covaxin
20716,35790,56506,52788,3718,Gujarat,Covaxin
29814,24638,54452,44179,10273,Haryana,Covaxin
18981,12703,31684,22845,8839,Himachal Pradesh,Covaxin
26058,49311,75369,65826,9543,Jammu and Kashmir,Covaxin
6395,30112,36507,26803,9704,Jharkhand,Covaxin
35840,38543,74383,44870,29513,Karnataka,Covaxin
1731,29995,31726,18472,13254,Kerala,Covaxin
45964,14601,60565,44779,15786,Ladakh,Covaxin
28428,11866,40294,15299,24995,Madhya Pradesh,Covaxin
30735,22493,53228,43754,9474,Maharashtra,Covaxin
37326,41222,78548,57403,21145,Manipur,Covaxin
37261,6233,43494,22249,21245,Meghalaya,Covaxin
37150,24136,61286,41664,19622,Mizoram,Covaxin
24160,19202,43362,6419,36943,Nagaland,Covaxin
28308,6292,34600,13451,21149,Odisha,Covaxin
22329,17045,39374,10314,29060,Puducherry,Covaxin
19041,20022,39063,11664,27399,Punjab,Covaxin
3707,44010,47717,20475,27242,Rajasthan,Covaxin
36749,15802,52551,41679,10872,Sikkim,Covaxin
47777,6394,54171,40211,13960,Tamil Nadu,Covaxin
14932,10203,25135,16883,8252,Telengana,Covaxin
49995,8074,58069,12218,45851,Tripura,Covaxin
33883,33750,67633,31747,35886,Uttarakhand,Covaxin
30222,4775,34997,32940,2057,Uttar Pradesh,Covaxin
49409,42710,92119,70891,21228,West Bengal,Covaxin
8098,36426,44524,42609,1915,Andaman and Nicobar Islands,Covaxin
26820,26010,52830,43283,9547,Andhra Pradesh,Covaxin
16072,22158,38230,22229,16001,Arunachal Pradesh,Covaxin
17826,12254,30080,8409,21671,Assam,Covaxin
30749,46868,77617,6988,70629,Bihar,Covaxin
18448,13169,31617,5228,26389,Chandigarh,Covaxin
15609,2953,18562,7794,10768,Chhattisgarh,Covaxin
36479,11968,48447,42922,5525,Dadra and Nagar Haveli and Daman and Diu,Covaxin
23555,14131,37686,18066,19620,Delhi,Covaxin
23659,47089,70748,40295,30453,Goa,Covaxin
47127,28582,75709,37234,38475,Gujarat,Covaxin
27252,33653,60905,47972,12933,Haryana,Covaxin
27575,8611,36186,19115,17071,Himachal Pradesh,Covaxin
45612,18827,64439,28892,35547,Jammu and Kashmir,Covaxin
4245,3611,7856,6309,1547,Jharkhand,Covaxin
24201,26228,50429,40165,10264,Karnataka,Covaxin
6660,9477,16137,15792,345,Kerala,Covaxin
29394,9511,38905,24505,14400,Ladakh,Covaxin
4746,33989,38735,24684,14051,Madhya Pradesh,Covaxin
9913,31697,41610,37884,3726,Maharashtra,Covaxin
23230,8767,31997,27423,4574,Manipur,Covaxin
27906,36189,64095,43435,20660,Meghalaya,Covaxin
38157,44046,82203,58260,23943,Mizoram,Covaxin
11465,7870,19335,13063,6272,Nagaland,Covaxin
17736,46491,64227,41758,22469,Odisha,Covaxin
38468,45886,84354,13947,70407,Puducherry,Covaxin
37778,49951,87729,6694,81035,Punjab,Covaxin
29719,12054,41773,20793,20980,Rajasthan,Covaxin
6466,30773,37239,16749,20490,Sikkim,Covaxin
4069,11576,15645,8920,6725,Tamil Nadu,Covaxin
32056,23954,56010,55397,613,Telengana,Covaxin
20701,27107,47808,26459,21349,Tripura,Covaxin
21973,4759,26732,25026,1706,Uttarakhand,Covaxin
48202,47186,95388,64656,30732,Uttar Pradesh,Covaxin
47011,38418,85429,73393,12036,West Bengal,Covaxin
23935,16078,40013,39276,737,Andaman and Nicobar Islands,Covaxin
37494,8029,45523,33057,12466,Andhra Pradesh,Covaxin
7030,16394,23424,17873,5551,Arunachal Pradesh,Covaxin
49570,39078,88648,88353,295,Assam,Covaxin
18761,4574,23335,17634,5701,Bihar,Covaxin
25496,36104,61600,59923,1677,Chandigarh,Covaxin
13556,24708,38264,15231,23033,Chhattisgarh,Covaxin
47530,29860,77390,52019,25371,Dadra and Nagar Haveli and Daman and Diu,Covaxin
36326,43747,80073,28748,51325,Delhi,Covaxin
39034,34522,73556,72342,1214,Goa,Covaxin
31319,38320,69639,33531,36108,Gujarat,Covaxin
13469,37071,50540,20609,29931,Haryana,Covaxin
12067,29138,41205,35952,5253,Himachal Pradesh,Covaxin
34031,24819,58850,17549,41301,Jammu and Kashmir,Covaxin
2343,36891,39234,9821,29413,Jharkhand,Covaxin
3247,22882,26129,20668,5461,Karnataka,Covaxin
13114,43036,56150,28167,27983,Kerala,Covaxin
14609,8538,23147,20799,2348,Ladakh,Covaxin
16007,8149,24156,9661,14495,Madhya Pradesh,Covaxin
27136,8062,35198,12012,23186,Maharashtra,Covaxin
15663,30841,46504,41062,5442,Manipur,Covaxin
22243,16858,39101,7360,31741,Meghalaya,Covaxin
15737,21756,37493,8087,29406,Mizoram,Covaxin
17077,13822,30899,15838,15061,Nagaland,Covaxin
18324,30103,48427,45711,2716,Odisha,Covaxin
2219,36534,38753,9802,28951,Puducherry,Covaxin
2190,8030,10220,6257,3963,Punjab,Covaxin
49865,33361,83226,40910,42316,Rajasthan,Covaxin
3364,15157,18521,12916,5605,Sikkim,Covaxin
19141,22234,41375,26980,14395,Tamil Nadu,Covaxin
16245,16613,32858,19063,13795,Telengana,Covaxin
27464,21002,48466,10224,38242,Tripura,Covaxin
36842,34632,71474,15472,56002,Uttarakhand,Covaxin
30888,43514,74402,43245,31157,Uttar Pradesh,Covaxin
20322,16424,36746,27710,9036,West Bengal,Covaxin
2089,20543,22632,15039,7593,Andaman and Nicobar Islands,Covaxin
35751,30263,66014,56760,9254,Andhra Pradesh,Covaxin
6306,43024,49330,47840,1490,Arunachal Pradesh,Covaxin
37668,25936,63604,18887,44717,Assam,Covaxin
31605,41345,72950,14142,58808,Bihar,Covaxin
18845,11962,30807,23378,7429,Chandigarh,Covaxin
12651,39291,51942,47748,4194,Chhattisgarh,Covaxin
35064,18153,53217,26929,26288,Dadra and Nagar Haveli and Daman and Diu,Covaxin
23069,11770,34839,5206,29633,Delhi,Covaxin
6278,40430,46708,16374,30334,Goa,Covaxin
41963,7371,49334,44806,4528,Gujarat,Covaxin
2797,32009,34806,5500,29306,Haryana,Covaxin
32575,5867,38442,16172,22270,Himachal Pradesh,Covaxin
30783,12376,43159,33913,9246,Jammu and Kashmir,Covaxin
35085,26509,61594,23000,38594,Jharkhand,Covaxin
36788,28242,65030,41688,23342,Karnataka,Covaxin
34109,15839,49948,44099,5849,Kerala,Covaxin
44290,45873,90163,11411,78752,Ladakh,Covaxin
26584,43345,69929,32133,37796,Madhya Pradesh,Covaxin
21752,26116,47868,38760,9108,Maharashtra,Covaxin
11658,37496,49154,20978,28176,Manipur,Covaxin
49972,12410,62382,32916,29466,Meghalaya,Covaxin
32636,3853,36489,27928,8561,Mizoram,Covaxin
31824,30752,62576,57778,4798,Nagaland,Covaxin
28065,35973,64038,19796,44242,Odisha,Covaxin
43912,7942,51854,16845,35009,Puducherry,Covaxin
48236,3349,51585,15507,36078,Punjab,Covaxin
42574,34901,77475,34120,43355,Rajasthan,Covaxin
41772,7427,49199,12330,36869,Sikkim,Covaxin
34104,37452,71556,62464,9092,Tamil Nadu,Covaxin
46544,31897,78441,45990,32451,Telengana,Covaxin
39488,18312,57800,19904,37896,Tripura,Covaxin
34140,8462,42602,19505,23097,Uttarakhand,Covaxin
11346,28667,40013,13015,26998,Uttar Pradesh,Covaxin
24053,47090,71143,62085,9058,West Bengal,Covaxin
34644,4912,39556,32154,7402,Andaman and Nicobar Islands,Covaxin
38063,23202,61265,30732,30533,Andhra Pradesh,Covaxin
10728,21511,32239,20947,11292,Arunachal Pradesh,Covaxin
26842,44033,70875,42904,27971,Assam,Covaxin
31155,17400,48555,22469,26086,Bihar,Covaxin
49250,21195,70445,34431,36014,Chandigarh,Covaxin
1502,27234,28736,5906,22830,Chhattisgarh,Covaxin
31529,27255,58784,6734,52050,Dadra and Nagar Haveli and Daman and Diu,Covaxin
8754,20388,29142,20593,8549,Delhi,Covaxin
9538,30405,39943,25379,14564,Goa,Covaxin
11866,23376,35242,16104,19138,Gujarat,Covaxin
10402,40864,51266,50634,632,Haryana,Covaxin
19991,7651,27642,24521,3121,Himachal Pradesh,Covaxin
45625,19804,65429,41897,23532,Jammu and Kashmir,Covaxin
17604,16240,33844,31240,2604,Jharkhand,Covaxin
9951,30213,40164,10943,29221,Karnataka,Covaxin
42211,9823,52034,13005,39029,Kerala,Covaxin
29611,18853,48464,27007,21457,Ladakh,Covaxin
42813,15094,57907,44988,12919,Madhya Pradesh,Covaxin
3405,44104,47509,36094,11415,Maharashtra,Covaxin
25202,31301,56503,45492,11011,Manipur,Covaxin
11861,2102,13963,9967,3996,Meghalaya,Covaxin
41014,49930,90944,17254,73690,Mizoram,Covaxin
25294,31412,56706,22917,33789,Nagaland,Covaxin
31910,2303,34213,7635,26578,Odisha,Covaxin
33171,22990,56161,36309,19852,Puducherry,Covaxin
5691,7285,12976,12386,590,Punjab,Covaxin
30240,37567,67807,65558,2249,Rajasthan,Covaxin
32695,31653,64348,63262,1086,Sikkim,Covaxin
23000,1878,24878,19730,5148,Tamil Nadu,Covaxin
39085,31893,70978,33211,37767,Telengana,Covaxin
18743,2154,20897,14380,6517,Tripura,Covaxin
24363,47392,71755,68944,2811,Uttarakhand,Covaxin
10282,12494,22776,6950,15826,Uttar Pradesh,Covaxin
43823,40404,84227,57538,26689,West Bengal,Covaxin
41221,6396,47617,35098,12519,Andaman and Nicobar Islands,Covaxin
7275,46350,53625,39611,14014,Andhra Pradesh,Covaxin
14863,49056,63919,51105,12814,Arunachal Pradesh,Covaxin
24294,20088,44382,29463,14919,Assam,Covaxin
15356,11908,27264,5064,22200,Bihar,Covaxin
17476,10259,27735,18217,9518,Chandigarh,Covaxin
26784,12837,39621,26014,13607,Chhattisgarh,Covaxin
48010,31236,79246,55314,23932,Dadra and Nagar Haveli and Daman and Diu,Covaxin
15671,4110,19781,19758,23,Delhi,Covaxin
23187,34392,57579,56672,907,Goa,Covaxin
9142,44272,53414,14864,38550,Gujarat,Covaxin
32391,16573,48964,45120,3844,Haryana,Covaxin
17606,21731,39337,22218,17119,Himachal Pradesh,Covaxin
8040,48928,56968,49592,7376,Jammu and Kashmir,Covaxin
22744,3298,26042,13017,13025,Jharkhand,Covaxin
26759,2284,29043,6101,22942,Karnataka,Covaxin
23388,26976,50364,17139,33225,Kerala,Covaxin
26616,14306,40922,9822,31100,Ladakh,Covaxin
9821,47065,56886,36380,20506,Madhya Pradesh,Covaxin
20204,18147,38351,18325,20026,Maharashtra,Covaxin
16080,41219,57299,48828,8471,Manipur,Covaxin
39612,30944,70556,39151,31405,Meghalaya,Covaxin
44857,9537,54394,36649,17745,Mizoram,Covaxin
29624,13257,42881,34428,8453,Nagaland,Covaxin
41178,20491,61669,57105,4564,Odisha,Covaxin
15008,14975,29983,14461,15522,Puducherry,Covaxin
18532,16735,35267,9440,25827,Punjab,Covaxin
20837,8128,28965,5520,23445,Rajasthan,Covaxin
24524,2045,26569,7898,18671,Sikkim,Covaxin
41257,13062,54319,7485,46834,Tamil Nadu,Covaxin
31601,32221,63822,56447,7375,Telengana,Covaxin
21015,26716,47731,31259,16472,Tripura,Covaxin
14201,21763,35964,35296,668,Uttarakhand,Covaxin
5045,35601,40646,40368,278,Uttar Pradesh,Covaxin
22588,30687,53275,27982,25293,West Bengal,Covaxin
1894,24252,26146,26099,47,Andaman and Nicobar Islands,Covaxin
39145,3753,42898,40808,2090,Andhra Pradesh,Covaxin
14116,37711,51827,49196,2631,Arunachal Pradesh,Covaxin
17803,34231,52034,41484,10550,Assam,Covaxin
49588,20162,69750,27540,42210,Bihar,Covaxin
46233,9915,56148,54416,1732,Chandigarh,Covaxin
25838,33835,59673,44676,14997,Chhattisgarh,Covaxin
18297,30059,48356,43909,4447,Dadra and Nagar Haveli and Daman and Diu,Covaxin
36251,41396,77647,31043,46604,Delhi,Covaxin
37996,2482,40478,38848,1630,Goa,Covaxin
48317,43670,91987,69841,22146,Gujarat,Covaxin
24319,7063,31382,22065,9317,Haryana,Covaxin
24948,2331,27279,19734,7545,Himachal Pradesh,Covaxin
49322,29409,78731,41269,37462,Jammu and Kashmir,Covaxin
48586,29826,78412,55803,22609,Jharkhand,Covaxin
3557,34839,38396,14875,23521,Karnataka,Covaxin
6762,29857,36619,11528,25091,Kerala,Covaxin
25735,11847,37582,19854,17728,Ladakh,Covaxin
23039,43422,66461,19068,47393,Madhya Pradesh,Covaxin
7542,13259,20801,12121,8680,Maharashtra,Covaxin
38169,13648,51817,37801,14016,Manipur,Covaxin
25770,48421,74191,30948,43243,Meghalaya,Covaxin
39284,40442,79726,72640,7086,Mizoram,Covaxin
48633,19283,67916,36165,31751,Nagaland,Covaxin
36699,40460,77159,26011,51148,Odisha,Covaxin
44529,33958,78487,72935,5552,Puducherry,Covaxin
35643,24592,60235,35831,24404,Punjab,Covaxin
3017,16380,19397,12372,7025,Rajasthan,Covaxin
2488,8841,11329,7823,3506,Sikkim,Covaxin
22311,6881,29192,16128,13064,Tamil Nadu,Covaxin
14856,19651,34507,32892,1615,Telengana,Covaxin
22029,30788,52817,23479,29338,Tripura,Covaxin
45304,3889,49193,8154,41039,Uttarakhand,Covaxin
14009,46120,60129,19908,40221,Uttar Pradesh,Covaxin
47000,18034,65034,22760,42274,West Bengal,Covaxin
45353,36950,82303,62261,20042,Andaman and Nicobar Islands,Covaxin
23229,21979,45208,39662,5546,Andhra Pradesh,Covaxin
3117,23476,26593,18857,7736,Arunachal Pradesh,Covaxin
39157,11971,51128,29141,21987,Assam,Covaxin
49865,28526,78391,29608,48783,Bihar,Covaxin
45737,35920,81657,57715,23942,Chandigarh,Covaxin
4260,36900,41160,32584,8576,Chhattisgarh,Covaxin
21168,28001,49169,25789,23380,Dadra and Nagar Haveli and Daman and Diu,Covaxin
22858,28828,51686,43387,8299,Delhi,Covaxin
47223,4825,52048,48947,3101,Goa,Covaxin
31082,15536,46618,41778,4840,Gujarat,Covaxin
10677,3691,14368,13261,1107,Haryana,Covaxin
11596,19086,30682,15049,15633,Himachal Pradesh,Covaxin
38225,12837,51062,7404,43658,Jammu and Kashmir,Covaxin
37677,41253,78930,45810,33120,Jharkhand,Covaxin
22561,49284,71845,60548,11297,Karnataka,Covaxin
32813,11691,44504,26859,17645,Kerala,Covaxin
46095,32448,78543,16394,62149,Ladakh,Covaxin
26403,21198,47601,39619,7982,Madhya Pradesh,Covaxin
41585,37494,79079,75915,3164,Maharashtra,Covaxin
18787,42705,61492,39287,22205,Manipur,Covaxin
32959,5735,38694,27575,11119,Meghalaya,Covaxin
47142,13063,60205,11056,49149,Mizoram,Covaxin
3764,16071,19835,13037,6798,Nagaland,Covaxin
49337,2312,51649,24728,26921,Odisha,Covaxin
17506,11251,28757,11889,16868,Puducherry,Covaxin
44724,33911,78635,78505,130,Punjab,Covaxin
31521,22967,54488,6099,48389,Rajasthan,Covaxin
49061,1614,50675,28997,21678,Sikkim,Covaxin
44966,20788,65754,60219,5535,Tamil Nadu,Covaxin
4238,26204,30442,13633,16809,Telengana,Covaxin
43737,25872,69609,27360,42249,Tripura,Covaxin
15889,45167,61056,44629,16427,Uttarakhand,Covaxin
35933,14738,50671,39912,10759,Uttar Pradesh,Covaxin
28839,27725,56564,52136,4428,West Bengal,Covaxin
16181,4894,21075,15250,5825,Andaman and Nicobar Islands,Covaxin
28278,42969,71247,46492,24755,Andhra Pradesh,Covaxin
34420,30483,64903,38487,26416,Arunachal Pradesh,Covaxin
25464,35178,60642,31750,28892,Assam,Covaxin
15731,5565,21296,10391,10905,Bihar,Covaxin
6769,19597,26366,20161,6205,Chandigarh,Covaxin
30816,42071,72887,68619,4268,Chhattisgarh,Covaxin
6150,13703,19853,6251,13602,Dadra and Nagar Haveli and Daman and Diu,Covaxin
13790,43987,57777,7390,50387,Delhi,Covaxin
24679,37612,62291,28381,33910,Goa,Covaxin
12462,33770,46232,25775,20457,Gujarat,Covaxin
40510,42190,82700,56785,25915,Haryana,Covaxin
21085,27959,49044,37336,11708,Himachal Pradesh,Covaxin
27263,2158,29421,21418,8003,Jammu and Kashmir,Covaxin
34903,22966,57869,37450,20419,Jharkhand,Covaxin
18170,18484,36654,13559,23095,Karnataka,Covaxin
4488,26230,30718,17282,13436,Kerala,Covaxin
3254,44826,48080,33115,14965,Ladakh,Covaxin
15783,32164,47947,9480,38467,Madhya Pradesh,Covaxin
36130,49818,85948,68994,16954,Maharashtra,Covaxin
30929,26972,57901,16862,41039,Manipur,Covaxin
8460,7912,16372,12587,3785,Meghalaya,Covaxin
26696,2667,29363,24896,4467,Mizoram,Covaxin
13788,32207,45995,25704,20291,Nagaland,Covaxin
28948,26608,55556,46021,9535,Odisha,Covaxin
4078,23651,27729,27216,513,Puducherry,Covaxin
20883,8988,29871,10966,18905,Punjab,Covaxin
27248,33040,60288,8141,52147,Rajasthan,Covaxin
5737,5062,10799,5820,4979,Sikkim,Covaxin
41646,38772,80418,74834,5584,Tamil Nadu,Covaxin
45105,23722,68827,21671,47156,Telengana,Covaxin
24859,11245,36104,9029,27075,Tripura,Covaxin
17247,30135,47382,12440,34942,Uttarakhand,Covaxin
29273,24769,54042,5655,48387,Uttar Pradesh,Covaxin
30321,37381,67702,39099,28603,West Bengal,Covaxin
3483,19035,22518,19282,3236,Andaman and Nicobar Islands,Covaxin
49760,9884,59644,52575,7069,Andhra Pradesh,Covaxin
43287,40452,83739,54840,28899,Arunachal Pradesh,Covaxin
32431,11497,43928,12410,31518,Assam,Covaxin
15035,20853,35888,7938,27950,Bihar,Covaxin
36218,47903,84121,38660,45461,Chandigarh,Covaxin
30509,49291,79800,24150,55650,Chhattisgarh,Covaxin
32146,37456,69602,31316,38286,Dadra and Nagar Haveli and Daman and Diu,Covaxin
17590,28656,46246,21365,24881,Delhi,Covaxin
19158,16100,35258,18961,16297,Goa,Covaxin
27629,7748,35377,32721,2656,Gujarat,Covaxin
13020,13312,26332,7779,18553,Haryana,Covaxin
24070,16736,40806,9786,31020,Himachal Pradesh,Covaxin
7378,14265,21643,20245,1398,Jammu and Kashmir,Covaxin
13020,14515,27535,23527,4008,Jharkhand,Covaxin
6898,1637,8535,7677,858,Karnataka,Covaxin
8216,17486,25702,5237,20465,Kerala,Covaxin
42411,4011,46422,46335,87,Ladakh,Covaxin
37083,36248,73331,29789,43542,Madhya Pradesh,Covaxin
34687,33950,68637,48433,20204,Maharashtra,Covaxin
26668,5924,32592,7757,24835,Manipur,Covaxin
29414,47597,77011,70518,6493,Meghalaya,Covaxin
23107,23401,46508,13739,32769,Mizoram,Covaxin
49364,29063,78427,45651,32776,Nagaland,Covaxin
31784,15782,47566,43465,4101,Odisha,Covaxin
13035,29201,42236,31419,10817,Puducherry,Covaxin
49616,44166,93782,82097,11685,Punjab,Covaxin
36116,12134,48250,44214,4036,Rajasthan,Covaxin
40812,36590,77402,57606,19796,Sikkim,Covaxin
30141,9975,40116,34065,6051,Tamil Nadu,Covaxin
6912,24680,31592,9908,21684,Telengana,Covaxin
35942,29812,65754,30317,35437,Tripura,Covaxin
41087,34401,75488,51391,24097,Uttarakhand,Covaxin
39691,13858,53549,29181,24368,Uttar Pradesh,Covaxin
30898,22908,53806,20430,33376,West Bengal,Covaxin
31648,32638,64286,22826,41460,Andaman and Nicobar Islands,Covaxin
11201,18190,29391,15063,14328,Andhra Pradesh,Covaxin
7226,13549,20775,5781,14994,Arunachal Pradesh,Covaxin
47477,4437,51914,13885,38029,Assam,Covaxin
25259,42865,68124,54667,13457,Bihar,Covaxin
32274,43058,75332,34355,40977,Chandigarh,Covaxin
8001,20992,28993,17761,11232,Chhattisgarh,Covaxin
40018,35655,75673,60682,14991,Dadra and Nagar Haveli and Daman and Diu,Covaxin
39210,44554,83764,11593,72171,Delhi,Covaxin
17857,17909,35766,12311,23455,Goa,Covaxin
24457,23409,47866,38852,9014,Gujarat,Covaxin
5160,10575,15735,12615,3120,Haryana,Covaxin
12405,30412,42817,34191,8626,Himachal Pradesh,Covaxin
14642,40593,55235,49988,5247,Jammu and Kashmir,Covaxin
28334,23963,52297,5403,46894,Jharkhand,Covaxin
41306,3170,44476,12893,31583,Karnataka,Covaxin
16407,33532,49939,5072,44867,Kerala,Covaxin
40645,39007,79652,37597,42055,Ladakh,Covaxin
29850,36351,66201,57853,8348,Madhya Pradesh,Covaxin
11186,21182,32368,19029,13339,Maharashtra,Covaxin
2834,3120,5954,5403,551,Manipur,Covaxin
18565,8823,27388,17354,10034,Meghalaya,Covaxin
7581,8560,16141,7591,8550,Mizoram,Covaxin
34812,44037,78849,56644,22205,Nagaland,Covaxin
13794,14144,27938,16899,11039,Odisha,Covaxin
35160,45666,80826,34080,46746,Puducherry,Covaxin
37604,28989,66593,43329,23264,Punjab,Covaxin
27996,32039,60035,45492,14543,Rajasthan,Covaxin
13841,44054,57895,33016,24879,Sikkim,Covaxin
31732,38354,70086,11576,58510,Tamil Nadu,Covaxin
16413,38748,55161,37106,18055,Telengana,Covaxin
43727,17212,60939,32083,28856,Tripura,Covaxin
17843,21485,39328,33002,6326,Uttarakhand,Covaxin
16737,7505,24242,17957,6285,Uttar Pradesh,Covaxin
42682,41897,84579,41706,42873,West Bengal,Covaxin
45760,19973,65733,14345,51388,Andaman and Nicobar Islands,Covaxin
44031,32307,76338,33615,42723,Andhra Pradesh,Covaxin
19411,23536,42947,10438,32509,Arunachal Pradesh,Covaxin
30717,48310,79027,21249,57778,Assam,Covaxin
42143,19350,61493,55154,6339,Bihar,Covaxin
41357,11334,52691,11211,41480,Chandigarh,Covaxin
40031,7798,47829,41763,6066,Chhattisgarh,Covaxin
30101,29983,60084,31321,28763,Dadra and Nagar Haveli and Daman and Diu,Covaxin
48846,18351,67197,5324,61873,Delhi,Covaxin
8394,33423,41817,11843,29974,Goa,Covaxin
17219,46139,63358,62458,900,Gujarat,Covaxin
11492,3282,14774,13205,1569,Haryana,Covaxin
17112,32326,49438,41228,8210,Himachal Pradesh,Covaxin
35735,8355,44090,22572,21518,Jammu and Kashmir,Covaxin
32908,17696,50604,43261,7343,Jharkhand,Covaxin
45308,20702,66010,41207,24803,Karnataka,Covaxin
18268,43455,61723,52259,9464,Kerala,Covaxin
47510,17853,65363,6287,59076,Ladakh,Covaxin
15309,34674,49983,13481,36502,Madhya Pradesh,Covaxin
43213,46656,89869,35124,54745,Maharashtra,Covaxin
29007,15237,44244,21576,22668,Manipur,Covaxin
48998,41021,90019,20554,69465,Meghalaya,Covaxin
34364,43223,77587,6419,71168,Mizoram,Covaxin
49903,7600,57503,7114,50389,Nagaland,Covaxin
27354,14211,41565,40774,791,Odisha,Covaxin
31214,35241,66455,30715,35740,Puducherry,Covaxin
35690,7279,42969,11309,31660,Punjab,Covaxin
30591,41427,72018,26229,45789,Rajasthan,Covaxin
20934,25150,46084,18735,27349,Sikkim,Covaxin
14432,24863,39295,13006,26289,Tamil Nadu,Covaxin
26262,4767,31029,27213,3816,Telengana,Covaxin
28711,40662,69373,57341,12032,Tripura,Covaxin
43848,27184,71032,26876,44156,Uttarakhand,Covaxin
2764,24408,27172,20892,6280,Uttar Pradesh,Covaxin
35233,39578,74811,71931,2880,West Bengal,Covaxin
15088,14000,29088,9347,19741,Andaman and Nicobar Islands,Covaxin
12690,9765,22455,10500,11955,Andhra Pradesh,Covaxin
24919,41512,66431,57075,9356,Arunachal Pradesh,Covaxin
37756,32626,70382,17043,53339,Assam,Covaxin
39625,34546,74171,40428,33743,Bihar,Covaxin
26757,15455,42212,16941,25271,Chandigarh,Covaxin
49142,42836,91978,71233,20745,Chhattisgarh,Covaxin
21323,46358,67681,10236,57445,Dadra and Nagar Haveli and Daman and Diu,Covaxin
7158,45751,52909,40594,12315,Delhi,Covaxin
7337,25699,33036,6440,26596,Goa,Covaxin
28954,9414,38368,22038,16330,Gujarat,Covaxin
5022,8373,13395,11709,1686,Haryana,Covaxin
36686,28508,65194,28788,36406,Himachal Pradesh,Covaxin
22267,26238,48505,31473,17032,Jammu and Kashmir,Covaxin
19251,9395,28646,13544,15102,Jharkhand,Covaxin
39382,27300,66682,65572,1110,Karnataka,Covaxin
7095,23211,30306,9893,20413,Kerala,Covaxin
5296,35150,40446,12903,27543,Ladakh,Covaxin
7473,21429,28902,16684,12218,Madhya Pradesh,Covaxin
35746,32733,68479,38198,30281,Maharashtra,Covaxin
12547,26121,38668,32333,6335,Manipur,Covaxin
28645,1751,30396,17049,13347,Meghalaya,Covaxin
1684,11849,13533,12096,1437,Mizoram,Covaxin
17313,30937,48250,38861,9389,Nagaland,Covaxin
7498,22980,30478,29422,1056,Odisha,Covaxin
36491,11402,47893,32622,15271,Puducherry,Covaxin
16641,30504,47145,11773,35372,Punjab,Covaxin
41346,2189,43535,26626,16909,Rajasthan,Covaxin
8375,2732,11107,8323,2784,Sikkim,Covaxin
47820,2145,49965,20120,29845,Tamil Nadu,Covaxin
3198,46815,50013,43126,6887,Telengana,Covaxin
24175,30905,55080,22093,32987,Tripura,Covaxin
40643,25635,66278,32119,34159,Uttarakhand,Covaxin
29989,23607,53596,12823,40773,Uttar Pradesh,Covaxin
14438,26203,40641,22588,18053,West Bengal,Covaxin
28780,8264,37044,11904,25140,Andaman and Nicobar Islands,Covaxin
26509,26999,53508,47973,5535,Andhra Pradesh,Covaxin
44777,40122,84899,33489,51410,Arunachal Pradesh,Covaxin
11413,21904,33317,23061,10256,Assam,Covaxin
47599,35896,83495,19753,63742,Bihar,Covaxin
39691,45104,84795,79399,5396,Chandigarh,Covaxin
5205,43188,48393,16941,31452,Chhattisgarh,Covaxin
12043,29456,41499,10249,31250,Dadra and Nagar Haveli and Daman and Diu,Covaxin
32219,41625,73844,23663,50181,Delhi,Covaxin
20057,2173,22230,7652,14578,Goa,Covaxin
45072,2186,47258,10617,36641,Gujarat,Covaxin
4092,28914,33006,13123,19883,Haryana,Covaxin
19043,32347,51390,32172,19218,Himachal Pradesh,Covaxin
10395,15055,25450,11629,13821,Jammu and Kashmir,Covaxin
8679,2128,10807,5266,5541,Jharkhand,Covaxin
18085,16916,35001,29908,5093,Karnataka,Covaxin
25363,14905,40268,38449,1819,Kerala,Covaxin
42574,48542,91116,8881,82235,Ladakh,Covaxin
16776,30823,47599,23730,23869,Madhya Pradesh,Covaxin
12510,34284,46794,42483,4311,Maharashtra,Covaxin
43310,8926,52236,52083,153,Manipur,Covaxin
26341,14533,40874,9747,31127,Meghalaya,Covaxin
37726,24227,61953,33606,28347,Mizoram,Covaxin
4486,2382,6868,6336,532,Nagaland,Covaxin
19498,12369,31867,8298,23569,Odisha,Covaxin
21680,22164,43844,12628,31216,Puducherry,Covaxin
46243,19619,65862,16153,49709,Punjab,Covaxin
40584,46478,87062,46786,40276,Rajasthan,Covaxin
43099,3366,46465,31589,14876,Sikkim,Covaxin
46208,45328,91536,88007,3529,Tamil Nadu,Covaxin
24534,38976,63510,32401,31109,Telengana,Covaxin
38664,2750,41414,20100,21314,Tripura,Covaxin
48402,46019,94421,12818,81603,Uttarakhand,Covaxin
26378,41524,67902,57713,10189,Uttar Pradesh,Covaxin
27715,15607,43322,36881,6441,West Bengal,Covaxin
33721,36932,70653,33825,36828,Andaman and Nicobar Islands,Covaxin
13494,30035,43529,33093,10436,Andhra Pradesh,Covaxin
48841,38267,87108,30145,56963,Arunachal Pradesh,Covaxin
35047,25337,60384,25627,34757,Assam,Covaxin
11667,8449,20116,6611,13505,Bihar,Covaxin
24586,28141,52727,11886,40841,Chandigarh,Covaxin
38902,36476,75378,39205,36173,Chhattisgarh,Covaxin
36143,32767,68910,55271,13639,Dadra and Nagar Haveli and Daman and Diu,Covaxin
46432,22748,69180,5034,64146,Delhi,Covaxin
10452,3940,14392,10022,4370,Goa,Covaxin
47695,19863,67558,45838,21720,Gujarat,Covaxin
3073,46939,50012,36257,13755,Haryana,Covaxin
5489,23762,29251,28444,807,Himachal Pradesh,Covaxin
33159,14301,47460,13702,33758,Jammu and Kashmir,Covaxin
13283,29804,43087,30632,12455,Jharkhand,Covaxin
36158,41696,77854,63399,14455,Karnataka,Covaxin
9690,43114,52804,9585,43219,Kerala,Covaxin
20780,38394,59174,41815,17359,Ladakh,Covaxin
8454,34212,42666,39481,3185,Madhya Pradesh,Covaxin
33733,47055,80788,34864,45924,Maharashtra,Covaxin
43616,42562,86178,40008,46170,Manipur,Covaxin
18675,35899,54574,47405,7169,Meghalaya,Covaxin
5194,15592,20786,17037,3749,Mizoram,Covaxin
36922,33502,70424,67768,2656,Nagaland,Covaxin
37977,2894,40871,23395,17476,Odisha,Covaxin
25910,29510,55420,49229,6191,Puducherry,Covaxin
2479,17988,20467,16025,4442,Punjab,Covaxin
28681,6666,35347,21516,13831,Rajasthan,Covaxin
21363,2968,24331,5516,18815,Sikkim,Covaxin
30805,13590,44395,25761,18634,Tamil Nadu,Covaxin
41869,10822,52691,50116,2575,Telengana,Covaxin
12705,35840,48545,36160,12385,Tripura,Covaxin
44932,4260,49192,25216,23976,Uttarakhand,Covaxin
39567,45532,85099,6628,78471,Uttar Pradesh,Covaxin
12607,2049,14656,14336,320,West Bengal,Covaxin
48674,32962,81636,44641,36995,Andaman and Nicobar Islands,Covaxin
2238,13610,15848,7554,8294,Andhra Pradesh,Covaxin
17786,14581,32367,15416,16951,Arunachal Pradesh,Covaxin
22926,1607,24533,16336,8197,Assam,Covaxin
19592,44596,64188,63161,1027,Bihar,Covaxin
20483,16365,36848,35101,1747,Chandigarh,Covaxin
13500,42363,55863,34346,21517,Chhattisgarh,Covaxin
19124,16367,35491,9783,25708,Dadra and Nagar Haveli and Daman and Diu,Covaxin
3459,41014,44473,40299,4174,Delhi,Covaxin
47073,22930,70003,16961,53042,Goa,Covaxin
29449,30077,59526,49312,10214,Gujarat,Covaxin
46523,23973,70496,43281,27215,Haryana,Covaxin
4444,36273,40717,36938,3779,Himachal Pradesh,Covaxin
24379,3260,27639,5424,22215,Jammu and Kashmir,Covaxin
22738,45587,68325,52054,16271,Jharkhand,Covaxin
7027,45298,52325,7851,44474,Karnataka,Covaxin
17948,49900,67848,26776,41072,Kerala,Covaxin
9416,2682,12098,5099,6999,Ladakh,Covaxin
2096,19491,21587,6909,14678,Madhya Pradesh,Covaxin
14523,45612,60135,7642,52493,Maharashtra,Covaxin
19997,10744,30741,28766,1975,Manipur,Covaxin
39589,31245,70834,9437,61397,Meghalaya,Covaxin
42063,38038,80101,43476,36625,Mizoram,Covaxin
28182,42982,71164,50204,20960,Nagaland,Covaxin
6337,25207,31544,22671,8873,Odisha,Covaxin
3333,15441,18774,18694,80,Puducherry,Covaxin
35030,41619,76649,53677,22972,Punjab,Covaxin
25331,8980,34311,8692,25619,Rajasthan,Covaxin
34855,23947,58802,21449,37353,Sikkim,Covaxin
46338,28043,74381,7194,67187,Tamil Nadu,Covaxin
46417,2609,49026,10145,38881,Telengana,Covaxin
42136,29392,71528,53910,17618,Tripura,Covaxin
3521,18494,22015,11709,10306,Uttarakhand,Covaxin
40059,14853,54912,21870,33042,Uttar Pradesh,Covaxin
31406,25258,56664,26616,30048,West Bengal,Covaxin
36468,2224,38692,7348,31344,Andaman and Nicobar Islands,Covaxin
43158,43783,86941,12550,74391,Andhra Pradesh,Covaxin
12545,18800,31345,25862,5483,Arunachal Pradesh,Covaxin
40919,17763,58682,57437,1245,Assam,Covaxin
39324,9264,48588,45992,2596,Bihar,Covaxin
40878,10032,50910,31828,19082,Chandigarh,Covaxin
24256,44638,68894,30248,38646,Chhattisgarh,Covaxin
35699,30227,65926,24384,41542,Dadra and Nagar Haveli and Daman and Diu,Covaxin
14051,22721,36772,32451,4321,Delhi,Covaxin
12644,41626,54270,17824,36446,Goa,Covaxin
45781,38824,84605,79073,5532,Gujarat,Covaxin
35614,11565,47179,15325,31854,Haryana,Covaxin
41825,36591,78416,62565,15851,Himachal Pradesh,Covaxin
11558,30601,42159,26549,15610,Jammu and Kashmir,Covaxin
7338,27848,35186,18415,16771,Jharkhand,Covaxin
46040,21414,67454,61510,5944,Karnataka,Covaxin
48466,32766,81232,58817,22415,Kerala,Covaxin
15579,17374,32953,18804,14149,Ladakh,Covaxin
26092,45440,71532,63958,7574,Madhya Pradesh,Covaxin
17908,37930,55838,44199,11639,Maharashtra,Covaxin
5921,44478,50399,25550,24849,Manipur,Covaxin
12173,3820,15993,8250,7743,Meghalaya,Covaxin
9889,42635,52524,21468,31056,Mizoram,Covaxin
11118,16206,27324,24566,2758,Nagaland,Covaxin
6394,41015,47409,20912,26497,Odisha,Covaxin
39800,5272,45072,14633,30439,Puducherry,Covaxin
38409,31065,69474,41554,27920,Punjab,Covaxin
30629,32692,63321,59341,3980,Rajasthan,Covaxin
31527,4103,35630,5339,30291,Sikkim,Covaxin
40707,4296,45003,8266,36737,Tamil Nadu,Covaxin
6719,20274,26993,8900,18093,Telengana,Covaxin
20248,35382,55630,32711,22919,Tripura,Covaxin
43523,10243,53766,50730,3036,Uttarakhand,Covaxin
1668,42536,44204,28322,15882,Uttar Pradesh,Covaxin
44233,19451,63684,56498,7186,West Bengal,Covaxin
39050,41443,80493,9668,70825,Andaman and Nicobar Islands,Covaxin
25180,5559,30739,14287,16452,Andhra Pradesh,Covaxin
2299,22285,24584,13024,11560,Arunachal Pradesh,Covaxin
41506,33117,74623,15794,58829,Assam,Covaxin
46923,31980,78903,44228,34675,Bihar,Covaxin
3667,19240,22907,7822,15085,Chandigarh,Covaxin
33650,42939,76589,40059,36530,Chhattisgarh,Covaxin
26466,24203,50669,9650,41019,Dadra and Nagar Haveli and Daman and Diu,Covaxin
46377,44490,90867,64544,26323,Delhi,Covaxin
13592,5477,19069,11563,7506,Goa,Covaxin
33807,33278,67085,30176,36909,Gujarat,Covaxin
21576,27317,48893,40221,8672,Haryana,Covaxin
27892,37614,65506,38632,26874,Himachal Pradesh,Covaxin
44624,23332,67956,21630,46326,Jammu and Kashmir,Covaxin
28553,23025,51578,18201,33377,Jharkhand,Covaxin
30511,43879,74390,37984,36406,Karnataka,Covaxin
19291,11606,30897,9586,21311,Kerala,Covaxin
16128,38470,54598,16009,38589,Ladakh,Covaxin
22935,3248,26183,7975,18208,Madhya Pradesh,Covaxin
18024,5149,23173,15138,8035,Maharashtra,Covaxin
32999,23931,56930,15135,41795,Manipur,Covaxin
9901,25585,35486,28778,6708,Meghalaya,Covaxin
23587,17502,41089,11042,30047,Mizoram,Covaxin
13287,38888,52175,48689,3486,Nagaland,Covaxin
34558,21617,56175,34290,21885,Odisha,Covaxin
35436,5722,41158,40120,1038,Puducherry,Covaxin
47950,33389,81339,32434,48905,Punjab,Covaxin
49152,12891,62043,61973,70,Rajasthan,Covaxin
9092,48531,57623,32171,25452,Sikkim,Covaxin
40060,14152,54212,13676,40536,Tamil Nadu,Covaxin
12435,39083,51518,30516,21002,Telengana,Covaxin
5161,13940,19101,11856,7245,Tripura,Covaxin
21218,45966,67184,11071,56113,Uttarakhand,Covaxin
40753,45431,86184,59804,26380,Uttar Pradesh,Covaxin
39317,39974,79291,20915,58376,West Bengal,Covaxin
48754,16129,64883,10637,54246,Andaman and Nicobar Islands,Covaxin
11627,25921,37548,35345,2203,Andhra Pradesh,Covaxin
34393,6693,41086,26373,14713,Arunachal Pradesh,Covaxin
24454,37664,62118,41567,20551,Assam,Covaxin
44806,39815,84621,67316,17305,Bihar,Covaxin
15500,45544,61044,8666,52378,Chandigarh,Covaxin
9580,4776,14356,9623,4733,Chhattisgarh,Covaxin
20437,32849,53286,14605,38681,Dadra and Nagar Haveli and Daman and Diu,Covaxin
36178,34386,70564,12725,57839,Delhi,Covaxin
42795,28470,71265,59834,11431,Goa,Covaxin
6191,8751,14942,10983,3959,Gujarat,Covaxin
34612,42844,77456,67787,9669,Haryana,Covaxin
40315,38861,79176,62616,16560,Himachal Pradesh,Covaxin
2182,27115,29297,20835,8462,Jammu and Kashmir,Covaxin
4237,42202,46439,30029,16410,Jharkhand,Covaxin
30391,15051,45442,6666,38776,Karnataka,Covaxin
26654,7630,34284,18619,15665,Kerala,Covaxin
45114,14680,59794,19145,40649,Ladakh,Covaxin
18305,39691,57996,39090,18906,Madhya Pradesh,Covaxin
19668,37256,56924,6603,50321,Maharashtra,Covaxin
21152,10752,31904,12408,19496,Manipur,Covaxin
35020,39093,74113,65071,9042,Meghalaya,Covaxin
21306,49427,70733,33867,36866,Mizoram,Covaxin
40354,49012,89366,53141,36225,Nagaland,Covaxin
13371,10638,24009,10528,13481,Odisha,Covaxin
4914,16990,21904,11975,9929,Puducherry,Covaxin
35364,43387,78751,75508,3243,Punjab,Covaxin
46706,10631,57337,54042,3295,Rajasthan,Covaxin
33512,30236,63748,14636,49112,Sikkim,Covaxin
33116,2750,35866,17486,18380,Tamil Nadu,Covaxin
43489,29020,72509,72247,262,Telengana,Covaxin
39359,20104,59463,51951,7512,Tripura,Covaxin
7530,49203,56733,15817,40916,Uttarakhand,Covaxin
21158,5510,26668,15913,10755,Uttar Pradesh,Covaxin
19185,13196,32381,29908,2473,West Bengal,Covaxin
16603,31516,48119,7129,40990,Andaman and Nicobar Islands,Covaxin
3415,48522,51937,19177,32760,Andhra Pradesh,Covaxin
42200,42482,84682,64099,20583,Arunachal Pradesh,Covaxin
49058,22202,71260,50229,21031,Assam,Covaxin
29499,44932,74431,67364,7067,Bihar,Covaxin
44759,21553,66312,65461,851,Chandigarh,Covaxin
18903,41670,60573,57400,3173,Chhattisgarh,Covaxin
29440,4455,33895,7984,25911,Dadra and Nagar Haveli and Daman and Diu,Covaxin
47369,33434,80803,22851,57952,Delhi,Covaxin
16615,32918,49533,8013,41520,Goa,Covaxin
41787,37300,79087,31340,47747,Gujarat,Covaxin
26926,30159,57085,37998,19087,Haryana,Covaxin
48328,4881,53209,25205,28004,Himachal Pradesh,Covaxin
22098,11487,33585,22952,10633,Jammu and Kashmir,Covaxin
20804,22889,43693,12341,31352,Jharkhand,Covaxin
11200,19747,30947,25082,5865,Karnataka,Covaxin
7568,46414,53982,25780,28202,Kerala,Covaxin
25482,26444,51926,46115,5811,Ladakh,Covaxin
10065,39498,49563,28672,20891,Madhya Pradesh,Covaxin
31838,28984,60822,5724,55098,Maharashtra,Covaxin
19065,49626,68691,62177,6514,Manipur,Covaxin
28626,46861,75487,74949,538,Meghalaya,Covaxin
45115,30674,75789,61736,14053,Mizoram,Covaxin
43629,43992,87621,25203,62418,Nagaland,Covaxin
49694,10396,60090,59012,1078,Odisha,Covaxin
5951,25363,31314,29429,1885,Puducherry,Covaxin
47345,2470,49815,27365,22450,Punjab,Covaxin
2018,9919,11937,8867,3070,Rajasthan,Covaxin
26712,1913,28625,16869,11756,Sikkim,Covaxin
39852,36474,76326,68541,7785,Tamil Nadu,Covaxin
3976,5615,9591,5101,4490,Telengana,Covaxin
49789,15866,65655,16611,49044,Tripura,Covaxin
20379,9972,30351,10407,19944,Uttarakhand,Covaxin
35096,48193,83289,48238,35051,Uttar Pradesh,Covaxin
14013,4729,18742,9202,9540,West Bengal,Covaxin
34968,48028,82996,60415,22581,Andaman and Nicobar Islands,Covaxin
9304,14247,23551,18366,5185,Andhra Pradesh,Covaxin
34439,47459,81898,24096,57802,Arunachal Pradesh,Covaxin
15926,28682,44608,27945,16663,Assam,Covaxin
42081,26617,68698,43900,24798,Bihar,Covaxin
36793,42598,79391,78104,1287,Chandigarh,Covaxin
16858,36794,53652,26670,26982,Chhattisgarh,Covaxin
28391,22990,51381,17346,34035,Dadra and Nagar Haveli and Daman and Diu,Covaxin
24932,47988,72920,63814,9106,Delhi,Covaxin
20720,6416,27136,20668,6468,Goa,Covaxin
23326,10101,33427,23982,9445,Gujarat,Covaxin
16342,42487,58829,53739,5090,Haryana,Covaxin
12048,30159,42207,11940,30267,Himachal Pradesh,Covaxin
12875,19141,32016,26958,5058,Jammu and Kashmir,Covaxin
29292,27986,57278,55070,2208,Jharkhand,Covaxin
23793,16499,40292,22767,17525,Karnataka,Covaxin
37257,4142,41399,18054,23345,Kerala,Covaxin
44598,11613,56211,53355,2856,Ladakh,Covaxin
22736,12674,35410,27312,8098,Madhya Pradesh,Covaxin
9489,7927,17416,6618,10798,Maharashtra,Covaxin
47905,24491,72396,6330,66066,Manipur,Covaxin
39301,17696,56997,44459,12538,Meghalaya,Covaxin
29055,12811,41866,18938,22928,Mizoram,Covaxin
19864,6565,26429,8094,18335,Nagaland,Covaxin
33888,27350,61238,59081,2157,Odisha,Covaxin
36877,18083,54960,8183,46777,Puducherry,Covaxin
44849,15138,59987,59035,952,Punjab,Covaxin
20635,11460,32095,30425,1670,Rajasthan,Covaxin
20241,13263,33504,19543,13961,Sikkim,Covaxin
26163,18181,44344,16713,27631,Tamil Nadu,Covaxin
49511,21186,70697,30612,40085,Telengana,Covaxin
49388,12366,61754,57430,4324,Tripura,Covaxin
27837,3417,31254,14992,16262,Uttarakhand,Covaxin
9141,36487,45628,42596,3032,Uttar Pradesh,Covaxin
42898,10823,53721,22499,31222,West Bengal,Covaxin
37681,19445,57126,23649,33477,Andaman and Nicobar Islands,Covaxin
26984,21869,48853,26984,21869,Andhra Pradesh,Covaxin
44044,33844,77888,72754,5134,Arunachal Pradesh,Covaxin
19437,36096,55533,54896,637,Assam,Covaxin
11801,24480,36281,10171,26110,Bihar,Covaxin
47079,33965,81044,18080,62964,Chandigarh,Covaxin
39883,11993,51876,10669,41207,Chhattisgarh,Covaxin
35507,41676,77183,14064,63119,Dadra and Nagar Haveli and Daman and Diu,Covaxin
26263,36064,62327,12657,49670,Delhi,Covaxin
22762,3688,26450,5968,20482,Goa,Covaxin
43231,13948,57179,41630,15549,Gujarat,Covaxin
29586,42888,72474,47037,25437,Haryana,Covaxin
39783,18182,57965,39606,18359,Himachal Pradesh,Covaxin
26204,47857,74061,27992,46069,Jammu and Kashmir,Covaxin
49535,23006,72541,58135,14406,Jharkhand,Covaxin
42030,44449,86479,25908,60571,Karnataka,Covaxin
29996,10745,40741,13872,26869,Kerala,Covaxin
7749,27891,35640,15501,20139,Ladakh,Covaxin
33889,45704,79593,67397,12196,Madhya Pradesh,Covaxin
1924,26336,28260,16269,11991,Maharashtra,Covaxin
39928,13387,53315,47025,6290,Manipur,Covaxin
32701,1734,34435,9524,24911,Meghalaya,Covaxin
6229,32627,38856,15422,23434,Mizoram,Covaxin
15169,43532,58701,27469,31232,Nagaland,Covaxin
46596,36808,83404,64708,18696,Odisha,Covaxin
11939,45075,57014,44918,12096,Puducherry,Covaxin
48070,16262,64332,42896,21436,Punjab,Covaxin
43403,23419,66822,50837,15985,Rajasthan,Covaxin
49741,36344,86085,14780,71305,Sikkim,Covaxin
47462,39096,86558,8685,77873,Tamil Nadu,Covaxin
22867,25437,48304,13305,34999,Telengana,Covaxin
15960,24873,40833,35614,5219,Tripura,Covaxin
46016,42261,88277,36720,51557,Uttarakhand,Covaxin
6410,35345,41755,34792,6963,Uttar Pradesh,Covaxin
41868,1880,43748,21380,22368,West Bengal,Covaxin
46205,30466,76671,21498,55173,Andaman and Nicobar Islands,Covaxin
8992,18018,27010,16188,10822,Andhra Pradesh,Covaxin
48046,42921,90967,90736,231,Arunachal Pradesh,Covaxin
21010,4705,25715,10349,15366,Assam,Covaxin
10679,15098,25777,19557,6220,Bihar,Covaxin
47972,15672,63644,38334,25310,Chandigarh,Covaxin
34855,2801,37656,10619,27037,Chhattisgarh,Covaxin
28503,21741,50244,24868,25376,Dadra and Nagar Haveli and Daman and Diu,Covaxin
21863,49735,71598,15569,56029,Delhi,Covaxin
27684,27833,55517,52640,2877,Goa,Covaxin
18652,39132,57784,48438,9346,Gujarat,Covaxin
48451,39505,87956,78728,9228,Haryana,Covaxin
21920,44090,66010,7504,58506,Himachal Pradesh,Covaxin
1916,44092,46008,42226,3782,Jammu and Kashmir,Covaxin
20977,14208,35185,7951,27234,Jharkhand,Covaxin
28617,21298,49915,8278,41637,Karnataka,Covaxin
21117,39728,60845,32385,28460,Kerala,Covaxin
31201,6152,37353,22514,14839,Ladakh,Covaxin
5851,45161,51012,18246,32766,Madhya Pradesh,Covaxin
25816,26051,51867,15137,36730,Maharashtra,Covaxin
3205,18026,21231,20480,751,Manipur,Covaxin
31387,22905,54292,37104,17188,Meghalaya,Covaxin
23711,21401,45112,30831,14281,Mizoram,Covaxin
33913,6372,40285,28751,11534,Nagaland,Covaxin
4085,40119,44204,25373,18831,Odisha,Covaxin
8577,13470,22047,9578,12469,Puducherry,Covaxin
17905,12031,29936,29553,383,Punjab,Covaxin
12749,6403,19152,9485,9667,Rajasthan,Covaxin
47694,48159,95853,78039,17814,Sikkim,Covaxin
35546,48767,84313,34288,50025,Tamil Nadu,Covaxin
32246,6643,38889,22299,16590,Telengana,Covaxin
27577,20744,48321,17270,31051,Tripura,Covaxin
8526,33577,42103,18305,23798,Uttarakhand,Covaxin
7159,28179,35338,19498,15840,Uttar Pradesh,Covaxin
9087,3859,12946,12905,41,West Bengal,Covaxin
22908,14503,37411,13444,23967,Andaman and Nicobar Islands,Covaxin
47245,4387,51632,21127,30505,Andhra Pradesh,Covaxin
40237,28808,69045,42344,26701,Arunachal Pradesh,Covaxin
30883,39159,70042,68415,1627,Assam,Covaxin
11875,23542,35417,34507,910,Bihar,Covaxin
6098,49426,55524,32193,23331,Chandigarh,Covaxin
47762,37778,85540,40946,44594,Chhattisgarh,Covishield
15938,41645,57583,43458,14125,Dadra and Nagar Haveli and Daman and Diu,Covishield
17519,48473,65992,30113,35879,Delhi,Covishield
18613,27735,46348,33433,12915,Goa,Covishield
25626,48630,74256,51719,22537,Gujarat,Covishield
11923,37549,49472,41209,8263,Haryana,Covishield
13461,25305,38766,25114,13652,Himachal Pradesh,Covishield
23989,4422,28411,6335,22076,Jammu and Kashmir,Covishield
11958,22028,33986,9933,24053,Jharkhand,Covishield
22704,9883,32587,12993,19594,Karnataka,Covishield
18382,49033,67415,36255,31160,Kerala,Covishield
2243,25433,27676,6036,21640,Ladakh,Covishield
34607,35500,70107,19686,50421,Madhya Pradesh,Covishield
9481,3111,12592,12226,366,Maharashtra,Covishield
44540,44001,88541,63292,25249,Manipur,Covishield
20672,42699,63371,36526,26845,Meghalaya,Covishield
33921,5604,39525,36539,2986,Mizoram,Covishield
18583,30800,49383,7964,41419,Nagaland,Covishield
45839,15149,60988,15898,45090,Odisha,Covishield
43761,35582,79343,25623,53720,Puducherry,Covishield
15965,37595,53560,14146,39414,Punjab,Covishield
20029,15069,35098,14568,20530,Rajasthan,Covishield
24789,45590,70379,67744,2635,Sikkim,Covishield
41881,23067,64948,34304,30644,Tamil Nadu,Covishield
18377,24571,42948,41254,1694,Telengana,Covishield
30532,28600,59132,58531,601,Tripura,Covishield
47973,24708,72681,52826,19855,Uttarakhand,Covishield
47021,18423,65444,35870,29574,Uttar Pradesh,Covishield
48771,16393,65164,56960,8204,West Bengal,Covishield
6212,2467,8679,7914,765,Andaman and Nicobar Islands,Covishield
37353,29149,66502,11225,55277,Andhra Pradesh,Covishield
17813,12939,30752,27005,3747,Arunachal Pradesh,Covishield
27022,34369,61391,27132,34259,Assam,Covishield
16414,8613,25027,24364,663,Bihar,Covishield
16092,41970,58062,9111,48951,Chandigarh,Covishield
25391,42635,68026,21514,46512,Chhattisgarh,Covishield
12149,12788,24937,6573,18364,Dadra and Nagar Haveli and Daman and Diu,Covishield
20562,30171,50733,19719,31014,Delhi,Covishield
6141,47558,53699,28661,25038,Goa,Covishield
42107,20505,62612,17578,45034,Gujarat,Covishield
39835,29429,69264,21620,47644,Haryana,Covishield
25047,41784,66831,56594,10237,Himachal Pradesh,Covishield
10455,12180,22635,18553,4082,Jammu and Kashmir,Covishield
5932,13158,19090,15354,3736,Jharkhand,Covishield
9485,4432,13917,5682,8235,Karnataka,Covishield
25581,14694,40275,12720,27555,Kerala,Covishield
28385,5062,33447,11220,22227,Ladakh,Covishield
26565,22333,48898,29335,19563,Madhya Pradesh,Covishield
24007,7522,31529,23464,8065,Maharashtra,Covishield
3761,37863,41624,17474,24150,Manipur,Covishield
34936,15846,50782,41615,9167,Meghalaya,Covishield
2934,48184,51118,9424,41694,Mizoram,Covishield
6070,23174,29244,13424,15820,Nagaland,Covishield
28717,34994,63711,15145,48566,Odisha,Covishield
44553,41905,86458,38565,47893,Puducherry,Covishield
9035,2637,11672,11201,471,Punjab,Covishield
31368,26543,57911,57314,597,Rajasthan,Covishield
16753,18146,34899,12978,21921,Sikkim,Covishield
16621,10368,26989,14796,12193,Tamil Nadu,Covishield
36015,39602,75617,38908,36709,Telengana,Covishield
32906,1678,34584,30309,4275,Tripura,Covishield
8024,47482,55506,23107,32399,Uttarakhand,Covishield
1512,40022,41534,7670,33864,Uttar Pradesh,Covishield
47537,13077,60614,11902,48712,West Bengal,Covishield
18809,10562,29371,26232,3139,Andaman and Nicobar Islands,Covishield
10806,41907,52713,48471,4242,Andhra Pradesh,Covishield
38388,40264,78652,67109,11543,Arunachal Pradesh,Covishield
2015,23463,25478,16519,8959,Assam,Covishield
27850,4502,32352,14656,17696,Bihar,Covishield
24587,28383,52970,5034,47936,Chandigarh,Covishield
49600,21164,70764,61859,8905,Chhattisgarh,Covishield
13965,4994,18959,16377,2582,Dadra and Nagar Haveli and Daman and Diu,Covishield
27743,48709,76452,39424,37028,Delhi,Covishield
32986,23145,56131,30474,25657,Goa,Covishield
20729,12554,33283,5242,28041,Gujarat,Covishield
49534,3468,53002,44184,8818,Haryana,Covishield
12281,5322,17603,9663,7940,Himachal Pradesh,Covishield
41325,9172,50497,42055,8442,Jammu and Kashmir,Covishield
14130,39359,53489,49903,3586,Jharkhand,Covishield
14990,19679,34669,20062,14607,Karnataka,Covishield
3508,35529,39037,8459,30578,Kerala,Covishield
3597,30160,33757,14063,19694,Ladakh,Covishield
43623,36640,80263,26986,53277,Madhya Pradesh,Covishield
37118,46885,84003,56630,27373,Maharashtra,Covishield
27580,2887,30467,25872,4595,Manipur,Covishield
31406,43031,74437,50298,24139,Meghalaya,Covishield
21960,37507,59467,44566,14901,Mizoram,Covishield
4816,39167,43983,9868,34115,Nagaland,Covishield
20687,40458,61145,42309,18836,Odisha,Covishield
45156,31658,76814,67232,9582,Puducherry,Covishield
5331,46388,51719,14325,37394,Punjab,Covishield
2180,26977,29157,23837,5320,Rajasthan,Covishield
15163,24636,39799,16851,22948,Sikkim,Covishield
41474,24272,65746,45247,20499,Tamil Nadu,Covishield
24158,41094,65252,18397,46855,Telengana,Covishield
25776,11116,36892,7851,29041,Tripura,Covishield
16650,45256,61906,57990,3916,Uttarakhand,Covishield
2572,33443,36015,18112,17903,Uttar Pradesh,Covishield
38880,17436,56316,28672,27644,West Bengal,Covishield
14942,29964,44906,33187,11719,Andaman and Nicobar Islands,Covishield
25291,9461,34752,8140,26612,Andhra Pradesh,Covishield
36831,37270,74101,51417,22684,Arunachal Pradesh,Covishield
18695,19668,38363,19014,19349,Assam,Covishield
39012,31972,70984,10580,60404,Bihar,Covishield
21608,15331,36939,24081,12858,Chandigarh,Covishield
47742,6335,54077,11389,42688,Chhattisgarh,Covishield
23855,24872,48727,23268,25459,Dadra and Nagar Haveli and Daman and Diu,Covishield
21604,48529,70133,16271,53862,Delhi,Covishield
29334,7337,36671,14577,22094,Goa,Covishield
2461,46713,49174,30180,18994,Gujarat,Covishield
29964,6442,36406,29494,6912,Haryana,Covishield
29377,7321,36698,24563,12135,Himachal Pradesh,Covishield
16164,42661,58825,42099,16726,Jammu and Kashmir,Covishield
10485,11849,22334,20517,1817,Jharkhand,Covishield
4270,7601,11871,5219,6652,Karnataka,Covishield
36385,33262,69647,54176,15471,Kerala,Covishield
31103,15140,46243,7931,38312,Ladakh,Covishield
16292,33497,49789,27004,22785,Madhya Pradesh,Covishield
21215,48265,69480,38578,30902,Maharashtra,Covishield
8472,41256,49728,31971,17757,Manipur,Covishield
4190,48369,52559,44643,7916,Meghalaya,Covishield
26630,40135,66765,12232,54533,Mizoram,Covishield
31081,34195,65276,62092,3184,Nagaland,Covishield
36540,48030,84570,12999,71571,Odisha,Covishield
12633,23097,35730,12935,22795,Puducherry,Covishield
7134,10173,17307,6650,10657,Punjab,Covishield
41548,19641,61189,59425,1764,Rajasthan,Covishield
21411,41059,62470,19184,43286,Sikkim,Covishield
7536,47358,54894,31799,23095,Tamil Nadu,Covishield
24897,39571,64468,43123,21345,Telengana,Covishield
21870,45519,67389,65311,2078,Tripura,Covishield
15988,11801,27789,24762,3027,Uttarakhand,Covishield
40906,9391,50297,7634,42663,Uttar Pradesh,Covishield
40676,41507,82183,47617,34566,West Bengal,Covishield
48736,34930,83666,69693,13973,Andaman and Nicobar Islands,Covishield
49075,13602,62677,13280,49397,Andhra Pradesh,Covishield
45408,37602,83010,17627,65383,Arunachal Pradesh,Covishield
18635,21349,39984,28179,11805,Assam,Covishield
31428,2713,34141,28190,5951,Bihar,Covishield
5323,3949,9272,8349,923,Chandigarh,Covishield
47247,9846,57093,8248,48845,Chhattisgarh,Covishield
18086,34321,52407,23289,29118,Dadra and Nagar Haveli and Daman and Diu,Covishield
21059,3043,24102,22059,2043,Delhi,Covishield
23208,5054,28262,17556,10706,Goa,Covishield
15956,27440,43396,37918,5478,Gujarat,Covishield
5910,16068,21978,6013,15965,Haryana,Covishield
13419,26821,40240,23800,16440,Himachal Pradesh,Covishield
33434,41778,75212,62089,13123,Jammu and Kashmir,Covishield
33600,5661,39261,32692,6569,Jharkhand,Covishield
48736,19969,68705,67154,1551,Karnataka,Covishield
14473,39185,53658,26808,26850,Kerala,Covishield
27164,15511,42675,24574,18101,Ladakh,Covishield
42164,20794,62958,6873,56085,Madhya Pradesh,Covishield
30096,41734,71830,22991,48839,Maharashtra,Covishield
21114,13864,34978,6764,28214,Manipur,Covishield
31173,9741,40914,22146,18768,Meghalaya,Covishield
3823,7897,11720,7700,4020,Mizoram,Covishield
40724,3269,43993,17152,26841,Nagaland,Covishield
13630,11264,24894,14124,10770,Odisha,Covishield
3961,6520,10481,8423,2058,Puducherry,Covishield
6781,13239,20020,16347,3673,Punjab,Covishield
35223,27363,62586,54449,8137,Rajasthan,Covishield
2978,16983,19961,10920,9041,Sikkim,Covishield
25893,22859,48752,30737,18015,Tamil Nadu,Covishield
46185,8503,54688,22669,32019,Telengana,Covishield
8283,16238,24521,12974,11547,Tripura,Covishield
29601,22373,51974,27602,24372,Uttarakhand,Covishield
23261,31867,55128,11416,43712,Uttar Pradesh,Covishield
11718,25369,37087,25292,11795,West Bengal,Covishield
31944,20819,52763,29393,23370,Andaman and Nicobar Islands,Covishield
15562,6633,22195,5731,16464,Andhra Pradesh,Covishield
37907,2677,40584,19855,20729,Arunachal Pradesh,Covishield
47170,32904,80074,12738,67336,Assam,Covishield
44692,17760,62452,57195,5257,Bihar,Covishield
7922,36422,44344,16805,27539,Chandigarh,Covishield
10100,13968,24068,11692,12376,Chhattisgarh,Covishield
30631,36749,67380,23830,43550,Dadra and Nagar Haveli and Daman and Diu,Covishield
47034,34962,81996,51109,30887,Delhi,Covishield
16257,18231,34488,27297,7191,Goa,Covishield
13885,31581,45466,30399,15067,Gujarat,Covishield
42556,43470,86026,44852,41174,Haryana,Covishield
14198,48924,63122,24956,38166,Himachal Pradesh,Covishield
4458,14517,18975,15708,3267,Jammu and Kashmir,Covishield
37514,42558,80072,25056,55016,Jharkhand,Covishield
47522,38840,86362,63364,22998,Karnataka,Covishield
6212,24754,30966,22418,8548,Kerala,Covishield
5101,22820,27921,20250,7671,Ladakh,Covishield
45953,2526,48479,37444,11035,Madhya Pradesh,Covishield
41399,30676,72075,33154,38921,Maharashtra,Covishield
37980,12688,50668,48651,2017,Manipur,Covishield
49236,20381,69617,66533,3084,Meghalaya,Covishield
39917,47341,87258,68002,19256,Mizoram,Covishield
22197,12529,34726,12752,21974,Nagaland,Covishield
8701,22843,31544,11340,20204,Odisha,Covishield
9938,7541,17479,6541,10938,Puducherry,Covishield
6723,23883,30606,17074,13532,Punjab,Covishield
31328,26419,57747,19754,37993,Rajasthan,Covishield
32781,38887,71668,24785,46883,Sikkim,Covishield
22913,6297,29210,16242,12968,Tamil Nadu,Covishield
42867,20321,63188,62229,959,Telengana,Covishield
3633,12869,16502,12326,4176,Tripura,Covishield
37606,8744,46350,36820,9530,Uttarakhand,Covishield
44697,42459,87156,83576,3580,Uttar Pradesh,Covishield
7107,45403,52510,28296,24214,West Bengal,Covishield
42135,40188,82323,47663,34660,Andaman and Nicobar Islands,Covishield
24821,49750,74571,21911,52660,Andhra Pradesh,Covishield
2301,24067,26368,11251,15117,Arunachal Pradesh,Covishield
39862,18105,57967,8564,49403,Assam,Covishield
26900,18886,45786,36246,9540,Bihar,Covishield
30658,8117,38775,33274,5501,Chandigarh,Covishield
16749,17346,34095,22409,11686,Chhattisgarh,Covishield
31050,34238,65288,57161,8127,Dadra and Nagar Haveli and Daman and Diu,Covishield
34939,28258,63197,16828,46369,Delhi,Covishield
26602,34364,60966,31265,29701,Goa,Covishield
3886,36678,40564,15099,25465,Gujarat,Covishield
12941,31701,44642,17676,26966,Haryana,Covishield
32874,43904,76778,73847,2931,Himachal Pradesh,Covishield
49077,47394,96471,89464,7007,Jammu and Kashmir,Covishield
13740,23493,37233,6478,30755,Jharkhand,Covishield
5639,5100,10739,5468,5271,Karnataka,Covishield
13858,25829,39687,8160,31527,Kerala,Covishield
38797,16481,55278,40343,14935,Ladakh,Covishield
5594,7322,12916,7174,5742,Madhya Pradesh,Covishield
22431,33362,55793,50913,4880,Maharashtra,Covishield
36044,24649,60693,6643,54050,Manipur,Covishield
19367,44968,64335,33051,31284,Meghalaya,Covishield
42451,6338,48789,24659,24130,Mizoram,Covishield
9847,37019,46866,29015,17851,Nagaland,Covishield
28627,17152,45779,18754,27025,Odisha,Covishield
15470,8304,23774,19003,4771,Puducherry,Covishield
31451,17601,49052,14724,34328,Punjab,Covishield
43023,4801,47824,14893,32931,Rajasthan,Covishield
26200,13687,39887,34166,5721,Sikkim,Covishield
30389,30852,61241,49413,11828,Tamil Nadu,Covishield
47193,31662,78855,53554,25301,Telengana,Covishield
4902,39645,44547,31176,13371,Tripura,Covishield
35932,7253,43185,41968,1217,Uttarakhand,Covishield
44239,15170,59409,26865,32544,Uttar Pradesh,Covishield
19024,38821,57845,53422,4423,West Bengal,Covishield
21782,29594,51376,50810,566,Andaman and Nicobar Islands,Covishield
5971,29526,35497,22898,12599,Andhra Pradesh,Covishield
47177,17527,64704,56512,8192,Arunachal Pradesh,Covishield
9549,2099,11648,6093,5555,Assam,Covishield
42952,3708,46660,37871,8789,Bihar,Covishield
48120,30464,78584,46981,31603,Chandigarh,Covishield
48318,7994,56312,18271,38041,Chhattisgarh,Covishield
10201,41031,51232,13912,37320,Dadra and Nagar Haveli and Daman and Diu,Covishield
26516,1909,28425,27571,854,Delhi,Covishield
25490,44356,69846,11118,58728,Goa,Covishield
38846,16420,55266,12490,42776,Gujarat,Covishield
49190,35100,84290,21734,62556,Haryana,Covishield
6232,46690,52922,36942,15980,Himachal Pradesh,Covishield
17523,34295,51818,6949,44869,Jammu and Kashmir,Covishield
9300,23219,32519,19448,13071,Jharkhand,Covishield
31918,14825,46743,46343,400,Karnataka,Covishield
15816,31711,47527,39362,8165,Kerala,Covishield
41124,34712,75836,34143,41693,Ladakh,Covishield
14119,11233,25352,24997,355,Madhya Pradesh,Covishield
48381,41776,90157,35579,54578,Maharashtra,Covishield
41650,29034,70684,57199,13485,Manipur,Covishield
43945,44345,88290,72331,15959,Meghalaya,Covishield
47821,28017,75838,10215,65623,Mizoram,Covishield
3280,39821,43101,23207,19894,Nagaland,Covishield
5605,24525,30130,22850,7280,Odisha,Covishield
18495,3619,22114,7312,14802,Puducherry,Covishield
31186,5844,37030,17419,19611,Punjab,Covishield
44825,4353,49178,9781,39397,Rajasthan,Covishield
48863,8820,57683,40634,17049,Sikkim,Covishield
42177,28361,70538,16710,53828,Tamil Nadu,Covishield
35277,39573,74850,39079,35771,Telengana,Covishield
36273,38797,75070,35437,39633,Tripura,Covishield
4064,17820,21884,10464,11420,Uttarakhand,Covishield
40963,21248,62211,54518,7693,Uttar Pradesh,Covishield
15885,40718,56603,35204,21399,West Bengal,Covishield
12475,30929,43404,39370,4034,Andaman and Nicobar Islands,Covishield
13003,43856,56859,29515,27344,Andhra Pradesh,Covishield
16937,40632,57569,30146,27423,Arunachal Pradesh,Covishield
30694,8561,39255,37634,1621,Assam,Covishield
49211,23944,73155,41170,31985,Bihar,Covishield
2312,9021,11333,7231,4102,Chandigarh,Covishield
27554,23179,50733,18922,31811,Chhattisgarh,Covishield
29200,25359,54559,36949,17610,Dadra and Nagar Haveli and Daman and Diu,Covishield
3030,45392,48422,39049,9373,Delhi,Covishield
49140,28511,77651,39590,38061,Goa,Covishield
8178,36048,44226,5918,38308,Gujarat,Covishield
24043,32367,56410,18912,37498,Haryana,Covishield
35213,5081,40294,37957,2337,Himachal Pradesh,Covishield
5240,27121,32361,9712,22649,Jammu and Kashmir,Covishield
39129,36989,76118,45999,30119,Jharkhand,Covishield
30758,47308,78066,42594,35472,Karnataka,Covishield
16996,2848,19844,7711,12133,Kerala,Covishield
39167,18774,57941,17115,40826,Ladakh,Covishield
2205,31188,33393,11803,21590,Madhya Pradesh,Covishield
28716,17655,46371,44193,2178,Maharashtra,Covishield
14700,1646,16346,7839,8507,Manipur,Covishield
43059,8641,51700,49536,2164,Meghalaya,Covishield
9869,32884,42753,7039,35714,Mizoram,Covishield
45900,5185,51085,16926,34159,Nagaland,Covishield
6073,44485,50558,19505,31053,Odisha,Covishield
8750,34128,42878,6169,36709,Puducherry,Covishield
47757,20721,68478,31003,37475,Punjab,Covishield
27379,26405,53784,5511,48273,Rajasthan,Covishield
43670,41256,84926,5311,79615,Sikkim,Covishield
9773,36027,45800,8547,37253,Tamil Nadu,Covishield
12529,45949,58478,23095,35383,Telengana,Covishield
8722,20971,29693,19079,10614,Tripura,Covishield
2316,9234,11550,9650,1900,Uttarakhand,Covishield
29332,32580,61912,5052,56860,Uttar Pradesh,Covishield
3996,37081,41077,5394,35683,West Bengal,Covishield
4021,46609,50630,26409,24221,Andaman and Nicobar Islands,Covishield
28200,11600,39800,10556,29244,Andhra Pradesh,Covishield
34968,38486,73454,53384,20070,Arunachal Pradesh,Covishield
5092,43842,48934,8066,40868,Assam,Covishield
5286,43099,48385,46065,2320,Bihar,Covishield
29257,25523,54780,33982,20798,Chandigarh,Covishield
15341,45732,61073,22146,38927,Chhattisgarh,Covishield
20741,33012,53753,31553,22200,Dadra and Nagar Haveli and Daman and Diu,Covishield
27913,37037,64950,6390,58560,Delhi,Covishield
49014,28641,77655,67913,9742,Goa,Covishield
32731,21272,54003,42761,11242,Gujarat,Covishield
27961,38822,66783,16663,50120,Haryana,Covishield
37782,47062,84844,73433,11411,Himachal Pradesh,Covishield
45939,47078,93017,66832,26185,Jammu and Kashmir,Covishield
6908,5326,12234,8263,3971,Jharkhand,Covishield
41828,1639,43467,31589,11878,Karnataka,Covishield
17604,5316,22920,11337,11583,Kerala,Covishield
8875,2285,11160,7399,3761,Ladakh,Covishield
32207,43242,75449,28305,47144,Madhya Pradesh,Covishield
40396,40182,80578,9479,71099,Maharashtra,Covishield
9991,44366,54357,52467,1890,Manipur,Covishield
30055,41419,71474,8743,62731,Meghalaya,Covishield
24191,42279,66470,54177,12293,Mizoram,Covishield
29997,17159,47156,5074,42082,Nagaland,Covishield
25258,7828,33086,27019,6067,Odisha,Covishield
35552,26974,62526,19874,42652,Puducherry,Covishield
17727,29213,46940,12466,34474,Punjab,Covishield
32960,5879,38839,11737,27102,Rajasthan,Covishield
9687,27151,36838,15412,21426,Sikkim,Covishield
32381,43685,76066,28539,47527,Tamil Nadu,Covishield
49354,47187,96541,75940,20601,Telengana,Covishield
34161,21785,55946,32525,23421,Tripura,Covishield
8905,11168,20073,16501,3572,Uttarakhand,Covishield
13194,13608,26802,16892,9910,Uttar Pradesh,Covishield
38603,49702,88305,31573,56732,West Bengal,Covishield
23896,4675,28571,6972,21599,Andaman and Nicobar Islands,Covishield
4217,3202,7419,6836,583,Andhra Pradesh,Covishield
29330,4117,33447,29417,4030,Arunachal Pradesh,Covishield
9510,7722,17232,8934,8298,Assam,Covishield
45079,35041,80120,54917,25203,Bihar,Covishield
19369,33089,52458,44237,8221,Chandigarh,Covishield
45318,47785,93103,28349,64754,Chhattisgarh,Covishield
47803,23199,71002,35650,35352,Dadra and Nagar Haveli and Daman and Diu,Covishield
20958,7439,28397,17562,10835,Delhi,Covishield
12475,8235,20710,19250,1460,Goa,Covishield
15479,3148,18627,7828,10799,Gujarat,Covishield
17266,48609,65875,57012,8863,Haryana,Covishield
26503,42875,69378,44072,25306,Himachal Pradesh,Covishield
11653,24257,35910,14429,21481,Jammu and Kashmir,Covishield
39714,6571,46285,24285,22000,Jharkhand,Covishield
29299,5045,34344,30138,4206,Karnataka,Covishield
18375,31417,49792,31430,18362,Kerala,Covishield
9921,39032,48953,40767,8186,Ladakh,Covishield
9092,2971,12063,11531,532,Madhya Pradesh,Covishield
20655,27501,48156,42955,5201,Maharashtra,Covishield
26769,48023,74792,5917,68875,Manipur,Covishield
49670,35234,84904,30587,54317,Meghalaya,Covishield
48733,18739,67472,36696,30776,Mizoram,Covishield
38709,32364,71073,23834,47239,Nagaland,Covishield
27652,4698,32350,7052,25298,Odisha,Covishield
19024,24352,43376,27864,15512,Puducherry,Covishield
14836,15889,30725,12028,18697,Punjab,Covishield
21260,33344,54604,23047,31557,Rajasthan,Covishield
26401,48362,74763,72535,2228,Sikkim,Covishield
46510,5854,52364,39317,13047,Tamil Nadu,Covishield
22377,6329,28706,19022,9684,Telengana,Covishield
33047,24318,57365,5398,51967,Tripura,Covishield
19137,23176,42313,7632,34681,Uttarakhand,Covishield
8709,16179,24888,6458,18430,Uttar Pradesh,Covishield
25975,13607,39582,17644,21938,West Bengal,Covishield
11232,22463,33695,16065,17630,Andaman and Nicobar Islands,Covishield
21933,47587,69520,31859,37661,Andhra Pradesh,Covishield
31031,6683,37714,12798,24916,Arunachal Pradesh,Covishield
22781,10060,32841,29284,3557,Assam,Covishield
46417,21906,68323,41594,26729,Bihar,Covishield
4677,36276,40953,39468,1485,Chandigarh,Covishield
22414,3800,26214,8733,17481,Chhattisgarh,Covishield
13353,36318,49671,47168,2503,Dadra and Nagar Haveli and Daman and Diu,Covishield
7908,25114,33022,11496,21526,Delhi,Covishield
17327,9351,26678,18036,8642,Goa,Covishield
22347,7733,30080,20541,9539,Gujarat,Covishield
9838,37914,47752,23550,24202,Haryana,Covishield
36876,32466,69342,62823,6519,Himachal Pradesh,Covishield
49723,19838,69561,16377,53184,Jammu and Kashmir,Covishield
28208,41717,69925,46803,23122,Jharkhand,Covishield
28573,7396,35969,34422,1547,Karnataka,Covishield
40033,19767,59800,16311,43489,Kerala,Covishield
49688,9237,58925,51171,7754,Ladakh,Covishield
31739,39734,71473,32792,38681,Madhya Pradesh,Covishield
43140,26051,69191,40573,28618,Maharashtra,Covishield
7330,32703,40033,17659,22374,Manipur,Covishield
40400,49101,89501,65010,24491,Meghalaya,Covishield
48249,8029,56278,43580,12698,Mizoram,Covishield
20770,17167,37937,14523,23414,Nagaland,Covishield
33321,44412,77733,60137,17596,Odisha,Covishield
25195,43930,69125,19282,49843,Puducherry,Covishield
39017,12840,51857,18016,33841,Punjab,Covishield
44624,20883,65507,23353,42154,Rajasthan,Covishield
27350,33183,60533,46129,14404,Sikkim,Covishield
12792,19641,32433,6443,25990,Tamil Nadu,Covishield
45353,36538,81891,79967,1924,Telengana,Covishield
3912,20567,24479,13896,10583,Tripura,Covishield
21715,49096,70811,34946,35865,Uttarakhand,Covishield
20260,49854,70114,51549,18565,Uttar Pradesh,Covishield
33913,38188,72101,45267,26834,West Bengal,Covishield
5438,14926,20364,8154,12210,Andaman and Nicobar Islands,Covishield
43434,31204,74638,42596,32042,Andhra Pradesh,Covishield
34153,15759,49912,16458,33454,Arunachal Pradesh,Covishield
14490,30782,45272,28965,16307,Assam,Covishield
13539,34533,48072,16954,31118,Bihar,Covishield
39362,27562,66924,51397,15527,Chandigarh,Covishield
4678,14013,18691,5433,13258,Chhattisgarh,Covishield
4595,27900,32495,22724,9771,Dadra and Nagar Haveli and Daman and Diu,Covishield
36757,20412,57169,18254,38915,Delhi,Covishield
30154,47859,78013,54897,23116,Goa,Covishield
24582,30170,54752,9664,45088,Gujarat,Covishield
17076,20429,37505,22867,14638,Haryana,Covishield
2357,14990,17347,5257,12090,Himachal Pradesh,Covishield
6504,38275,44779,31942,12837,Jammu and Kashmir,Covishield
32581,35599,68180,67329,851,Jharkhand,Covishield
27293,16764,44057,42516,1541,Karnataka,Covishield
24006,36730,60736,49517,11219,Kerala,Covishield
40865,2651,43516,22542,20974,Ladakh,Covishield
13261,41893,55154,33575,21579,Madhya Pradesh,Covishield
6325,16927,23252,12317,10935,Maharashtra,Covishield
48278,31472,79750,14888,64862,Manipur,Covishield
15481,38294,53775,10482,43293,Meghalaya,Covishield
34195,23239,57434,6530,50904,Mizoram,Covishield
19931,23141,43072,5480,37592,Nagaland,Covishield
40756,41864,82620,68182,14438,Odisha,Covishield
25911,20861,46772,26675,20097,Puducherry,Covishield
16299,12359,28658,10586,18072,Punjab,Covishield
17008,7122,24130,16004,8126,Rajasthan,Covishield
29799,47877,77676,56738,20938,Sikkim,Covishield
9889,15540,25429,21850,3579,Tamil Nadu,Covishield
6704,13513,20217,14726,5491,Telengana,Covishield
7193,38851,46044,35361,10683,Tripura,Covishield
4017,6357,10374,5651,4723,Uttarakhand,Covishield
37387,30751,68138,44931,23207,Uttar Pradesh,Covishield
19545,26513,46058,12205,33853,West Bengal,Covishield
36471,25958,62429,59721,2708,Andaman and Nicobar Islands,Covishield
15455,19643,35098,19476,15622,Andhra Pradesh,Covishield
2967,35204,38171,33875,4296,Arunachal Pradesh,Covishield
14258,40595,54853,25685,29168,Assam,Covishield
42656,15268,57924,34888,23036,Bihar,Covishield
4029,21227,25256,12399,12857,Chandigarh,Covishield
41837,4994,46831,39476,7355,Chhattisgarh,Covishield
32540,5337,37877,14141,23736,Dadra and Nagar Haveli and Daman and Diu,Covishield
3070,7943,11013,6779,4234,Delhi,Covishield
30957,48756,79713,72984,6729,Goa,Covishield
46582,46105,92687,17794,74893,Gujarat,Covishield
2010,2819,4829,#NUM!,#NUM!,Haryana,Covishield
34223,45554,79777,50329,29448,Himachal Pradesh,Covishield
11782,39100,50882,39678,11204,Jammu and Kashmir,Covishield
1563,16186,17749,8122,9627,Jharkhand,Covishield
25235,9810,35045,7102,27943,Karnataka,Covishield
42658,40933,83591,79507,4084,Kerala,Covishield
17854,16334,34188,8414,25774,Ladakh,Covishield
24768,5829,30597,29905,692,Madhya Pradesh,Covishield
16417,43341,59758,53253,6505,Maharashtra,Covishield
32233,37773,70006,33612,36394,Manipur,Covishield
2736,40864,43600,7324,36276,Meghalaya,Covishield
34863,40879,75742,8320,67422,Mizoram,Covishield
38518,16299,54817,16443,38374,Nagaland,Covishield
2230,17256,19486,16836,2650,Odisha,Covishield
46693,19460,66153,29496,36657,Puducherry,Covishield
5956,14769,20725,14337,6388,Punjab,Covishield
31777,33862,65639,17790,47849,Rajasthan,Covishield
20799,20143,40942,25255,15687,Sikkim,Covishield
7454,3877,11331,6830,4501,Tamil Nadu,Covishield
36235,42782,79017,46868,32149,Telengana,Covishield
36473,17044,53517,37632,15885,Tripura,Covishield
1625,11696,13321,12767,554,Uttarakhand,Covishield
15460,29381,44841,15403,29438,Uttar Pradesh,Covishield
49137,19838,68975,37419,31556,West Bengal,Covishield
6386,21267,27653,5989,21664,Andaman and Nicobar Islands,Covishield
24700,9446,34146,6547,27599,Andhra Pradesh,Covishield
4487,46282,50769,49257,1512,Arunachal Pradesh,Covishield
4800,47677,52477,17977,34500,Assam,Covishield
48653,39243,87896,82959,4937,Bihar,Covishield
16084,45911,61995,47327,14668,Chandigarh,Covishield
12802,38979,51781,49201,2580,Chhattisgarh,Covishield
27518,9093,36611,9798,26813,Dadra and Nagar Haveli and Daman and Diu,Covishield
39778,43564,83342,17675,65667,Delhi,Covishield
18155,35104,53259,24656,28603,Goa,Covishield
14371,21845,36216,10229,25987,Gujarat,Covishield
46738,26326,73064,33105,39959,Haryana,Covishield
15925,3987,19912,17602,2310,Himachal Pradesh,Covishield
39033,34310,73343,72366,977,Jammu and Kashmir,Covishield
25179,46986,72165,71748,417,Jharkhand,Covishield
41585,12445,54030,51652,2378,Karnataka,Covishield
22506,45909,68415,45262,23153,Kerala,Covishield
4850,31283,36133,10240,25893,Ladakh,Covishield
41673,3199,44872,35448,9424,Madhya Pradesh,Covishield
31373,18701,50074,6227,43847,Maharashtra,Covishield
35162,33357,68519,37931,30588,Manipur,Covishield
46915,49981,96896,72308,24588,Meghalaya,Covishield
8198,33887,42085,5540,36545,Mizoram,Covishield
34127,24200,58327,40057,18270,Nagaland,Covishield
26034,6764,32798,12805,19993,Odisha,Covishield
35735,23794,59529,15821,43708,Puducherry,Covishield
5414,47546,52960,10436,42524,Punjab,Covishield
16984,32780,49764,8060,41704,Rajasthan,Covishield
3923,28733,32656,18173,14483,Sikkim,Covishield
18450,17692,36142,5610,30532,Tamil Nadu,Covishield
6057,11002,17059,13453,3606,Telengana,Covishield
25462,4852,30314,25883,4431,Tripura,Covishield
13754,41090,54844,42424,12420,Uttarakhand,Covishield
39131,30575,69706,64736,4970,Uttar Pradesh,Covishield
34680,25664,60344,43709,16635,West Bengal,Covishield
2444,5816,8260,6109,2151,Andaman and Nicobar Islands,Covishield
2086,4286,6372,6031,341,Andhra Pradesh,Covishield
42016,29786,71802,14378,57424,Arunachal Pradesh,Covishield
36836,39606,76442,33428,43014,Assam,Covishield
26426,23404,49830,47096,2734,Bihar,Covishield
41131,36864,77995,7154,70841,Chandigarh,Covishield
10072,19135,29207,15433,13774,Chhattisgarh,Covishield
48786,24190,72976,18180,54796,Dadra and Nagar Haveli and Daman and Diu,Covishield
6583,25206,31789,30360,1429,Delhi,Covishield
16642,18021,34663,30472,4191,Goa,Covishield
37795,8910,46705,6782,39923,Gujarat,Covishield
5998,7207,13205,11955,1250,Haryana,Covishield
9222,11342,20564,8238,12326,Himachal Pradesh,Covishield
9909,5735,15644,12073,3571,Jammu and Kashmir,Covishield
45831,12840,58671,43038,15633,Jharkhand,Covishield
25169,23656,48825,45051,3774,Karnataka,Covishield
24331,22628,46959,42082,4877,Kerala,Covishield
26986,38843,65829,47380,18449,Ladakh,Covishield
36698,45083,81781,5160,76621,Madhya Pradesh,Covishield
21527,9994,31521,30574,947,Maharashtra,Covishield
9569,24409,33978,17190,16788,Manipur,Covishield
19407,31521,50928,8625,42303,Meghalaya,Covishield
18600,17262,35862,30310,5552,Mizoram,Covishield
18737,43887,62624,14517,48107,Nagaland,Covishield
49245,29458,78703,13019,65684,Odisha,Covishield
35360,40801,76161,62592,13569,Puducherry,Covishield
40052,28466,68518,44828,23690,Punjab,Covishield
38327,6071,44398,32647,11751,Rajasthan,Covishield
16885,20106,36991,32856,4135,Sikkim,Covishield
16109,46485,62594,14877,47717,Tamil Nadu,Covishield
10462,37745,48207,29666,18541,Telengana,Covishield
43782,10990,54772,13732,41040,Tripura,Covishield
8302,17794,26096,24291,1805,Uttarakhand,Covishield
27119,32515,59634,51985,7649,Uttar Pradesh,Covishield
15581,1757,17338,16623,715,West Bengal,Covishield
8840,13517,22357,17335,5022,Andaman and Nicobar Islands,Covishield
26345,44079,70424,41017,29407,Andhra Pradesh,Covishield
38798,8722,47520,37753,9767,Arunachal Pradesh,Covishield
22038,8012,30050,7984,22066,Assam,Covishield
10478,48170,58648,48437,10211,Bihar,Covishield
20489,42109,62598,26078,36520,Chandigarh,Covishield
23913,18888,42801,21951,20850,Chhattisgarh,Covishield
49359,28081,77440,6799,70641,Dadra and Nagar Haveli and Daman and Diu,Covishield
18142,10146,28288,9173,19115,Delhi,Covishield
21960,11174,33134,10320,22814,Goa,Covishield
17423,3514,20937,12910,8027,Gujarat,Covishield
3979,23389,27368,19009,8359,Haryana,Covishield
28094,47098,75192,49133,26059,Himachal Pradesh,Covishield
19944,7291,27235,14126,13109,Jammu and Kashmir,Covishield
21415,33661,55076,32384,22692,Jharkhand,Covishield
35789,37876,73665,29744,43921,Karnataka,Covishield
36357,18148,54505,22694,31811,Kerala,Covishield
3631,25738,29369,16909,12460,Ladakh,Covishield
29005,41749,70754,14278,56476,Madhya Pradesh,Covishield
16949,49516,66465,49628,16837,Maharashtra,Covishield
30702,6265,36967,29362,7605,Manipur,Covishield
44853,5414,50267,26114,24153,Meghalaya,Covishield
36637,5228,41865,9517,32348,Mizoram,Covishield
6625,31966,38591,8547,30044,Nagaland,Covishield
49067,34418,83485,70799,12686,Odisha,Covishield
27721,36757,64478,37554,26924,Puducherry,Covishield
12131,18123,30254,27824,2430,Punjab,Covishield
4848,14763,19611,11463,8148,Rajasthan,Covishield
17194,5752,22946,10571,12375,Sikkim,Covishield
17103,25046,42149,20628,21521,Tamil Nadu,Covishield
41601,36454,78055,44466,33589,Telengana,Covishield
13109,46959,60068,33726,26342,Tripura,Covishield
44470,7004,51474,19080,32394,Uttarakhand,Covishield
16319,23780,40099,31069,9030,Uttar Pradesh,Covishield
44131,39811,83942,46832,37110,West Bengal,Covishield
16179,27513,43692,11612,32080,Andaman and Nicobar Islands,Covishield
47719,44377,92096,51641,40455,Andhra Pradesh,Covishield
45494,28218,73712,70132,3580,Arunachal Pradesh,Covishield
44102,10120,54222,5810,48412,Assam,Covishield
21578,33846,55424,8148,47276,Bihar,Covishield
30191,5529,35720,33508,2212,Chandigarh,Covishield
45576,19135,64711,31104,33607,Chhattisgarh,Covishield
46717,10762,57479,18705,38774,Dadra and Nagar Haveli and Daman and Diu,Covishield
2522,34172,36694,31373,5321,Delhi,Covishield
5598,10876,16474,8719,7755,Goa,Covishield
24692,5685,30377,5862,24515,Gujarat,Covishield
22288,47908,70196,10165,60031,Haryana,Covishield
25951,36888,62839,23268,39571,Himachal Pradesh,Covishield
45016,28931,73947,59268,14679,Jammu and Kashmir,Covishield
1503,49132,50635,13108,37527,Jharkhand,Covishield
2576,11352,13928,13126,802,Karnataka,Covishield
45350,33427,78777,5308,73469,Kerala,Covishield
29823,6790,36613,27171,9442,Ladakh,Covishield
9287,5317,14604,10389,4215,Madhya Pradesh,Covishield
16576,40495,57071,45803,11268,Maharashtra,Covishield
13608,37177,50785,48594,2191,Manipur,Covishield
36784,27659,64443,21801,42642,Meghalaya,Covishield
39701,32738,72439,13498,58941,Mizoram,Covishield
24902,8328,33230,13425,19805,Nagaland,Covishield
6890,48015,54905,13088,41817,Odisha,Covishield
23034,40557,63591,53962,9629,Puducherry,Covishield
31224,40591,71815,23126,48689,Punjab,Covishield
39069,29920,68989,61893,7096,Rajasthan,Covishield
23571,33562,57133,21177,35956,Sikkim,Covishield
7554,27708,35262,19749,15513,Tamil Nadu,Covishield
19217,17945,37162,24624,12538,Telengana,Covishield
43487,10843,54330,32412,21918,Tripura,Covishield
24556,47399,71955,19382,52573,Uttarakhand,Covishield
23319,41854,65173,50521,14652,Uttar Pradesh,Covishield
18705,47751,66456,23573,42883,West Bengal,Covishield
27241,21497,48738,33120,15618,Andaman and Nicobar Islands,Covishield
18061,20176,38237,25966,12271,Andhra Pradesh,Covishield
17870,3558,21428,5096,16332,Arunachal Pradesh,Covishield
40276,2125,42401,26888,15513,Assam,Covishield
35472,10289,45761,14325,31436,Bihar,Covishield
12539,4023,16562,8584,7978,Chandigarh,Covishield
2490,24701,27191,6712,20479,Chhattisgarh,Covishield
46176,39321,85497,41235,44262,Dadra and Nagar Haveli and Daman and Diu,Covishield
45413,40075,85488,48440,37048,Delhi,Covishield
35481,38306,73787,49425,24362,Goa,Covishield
28616,9242,37858,34554,3304,Gujarat,Covishield
30368,45302,75670,56259,19411,Haryana,Covishield
42278,31094,73372,39701,33671,Himachal Pradesh,Covishield
8965,19934,28899,6952,21947,Jammu and Kashmir,Covishield
18517,45064,63581,48022,15559,Jharkhand,Covishield
4227,41185,45412,40466,4946,Karnataka,Covishield
10586,49711,60297,14355,45942,Kerala,Covishield
22966,4653,27619,24633,2986,Ladakh,Covishield
23303,27550,50853,48175,2678,Madhya Pradesh,Covishield
45518,30063,75581,37535,38046,Maharashtra,Covishield
10044,20942,30986,11300,19686,Manipur,Covishield
42433,29621,72054,10396,61658,Meghalaya,Covishield
21691,47661,69352,28037,41315,Mizoram,Covishield
27601,9004,36605,11237,25368,Nagaland,Covishield
44534,10233,54767,21030,33737,Odisha,Covishield
41958,36992,78950,76048,2902,Puducherry,Covishield
15200,10875,26075,5939,20136,Punjab,Covishield
27964,28502,56466,42096,14370,Rajasthan,Covishield
23948,37447,61395,54673,6722,Sikkim,Covishield
36072,26835,62907,16309,46598,Tamil Nadu,Covishield
31780,41248,73028,64036,8992,Telengana,Covishield
5420,17245,22665,13951,8714,Tripura,Covishield
15360,48239,63599,38362,25237,Uttarakhand,Covishield
9068,26431,35499,13813,21686,Uttar Pradesh,Covishield
37019,4831,41850,30754,11096,West Bengal,Covishield
16529,41748,58277,20360,37917,Andaman and Nicobar Islands,Covishield
48766,49085,97851,13218,84633,Andhra Pradesh,Covishield
7806,32862,40668,20384,20284,Arunachal Pradesh,Covishield
20110,13619,33729,22573,11156,Assam,Covishield
30034,42339,72373,53392,18981,Bihar,Covishield
47543,44860,92403,44290,48113,Chandigarh,Covishield
28478,6205,34683,18996,15687,Chhattisgarh,Covishield
14142,39342,53484,22474,31010,Dadra and Nagar Haveli and Daman and Diu,Covishield
36498,42338,78836,29575,49261,Delhi,Covishield
29702,41973,71675,57348,14327,Goa,Covishield
36997,19379,56376,41406,14970,Gujarat,Covishield
4658,30025,34683,18184,16499,Haryana,Covishield
45395,47292,92687,16404,76283,Himachal Pradesh,Covishield
37900,7760,45660,45179,481,Jammu and Kashmir,Covishield
41672,39609,81281,60568,20713,Jharkhand,Covishield
34971,35490,70461,48793,21668,Karnataka,Covishield
27170,49778,76948,33974,42974,Kerala,Covishield
45820,11304,57124,12307,44817,Ladakh,Covishield
35476,37797,73273,49346,23927,Madhya Pradesh,Covishield
7466,47264,54730,49023,5707,Maharashtra,Covishield
5045,15703,20748,12860,7888,Manipur,Covishield
13227,24719,37946,36633,1313,Meghalaya,Covishield
42659,38550,81209,30074,51135,Mizoram,Covishield
22923,33578,56501,11471,45030,Nagaland,Covishield
12005,25841,37846,36219,1627,Odisha,Covishield
23820,4715,28535,11936,16599,Puducherry,Covishield
7390,41707,49097,45343,3754,Punjab,Covishield
15592,14694,30286,22734,7552,Rajasthan,Covishield
3800,40563,44363,12949,31414,Sikkim,Covishield
17746,13748,31494,17025,14469,Tamil Nadu,Covishield
22173,8383,30556,21042,9514,Telengana,Covishield
38538,35177,73715,35129,38586,Tripura,Covishield
2799,40165,42964,36160,6804,Uttarakhand,Covishield
16639,39785,56424,20029,36395,Uttar Pradesh,Covishield
14217,28914,43131,6212,36919,West Bengal,Covishield
26917,21194,48111,13366,34745,Andaman and Nicobar Islands,Covishield
2957,29663,32620,26459,6161,Andhra Pradesh,Covishield
46806,3573,50379,41831,8548,Arunachal Pradesh,Covishield
20863,45279,66142,32992,33150,Assam,Covishield
32124,32804,64928,52162,12766,Bihar,Covishield
40870,32539,73409,48445,24964,Chandigarh,Covishield
35872,3045,38917,14434,24483,Chhattisgarh,Covishield
36879,26432,63311,40371,22940,Dadra and Nagar Haveli and Daman and Diu,Covishield
43142,48792,91934,13767,78167,Delhi,Covishield
46027,39571,85598,71286,14312,Goa,Covishield
9099,46415,55514,20863,34651,Gujarat,Covishield
6470,42085,48555,6091,42464,Haryana,Covishield
1993,5433,7426,5006,2420,Himachal Pradesh,Covishield
34698,17627,52325,16941,35384,Jammu and Kashmir,Covishield
13314,20123,33437,24799,8638,Jharkhand,Covishield
25916,39602,65518,37314,28204,Karnataka,Covishield
6314,20611,26925,19261,7664,Kerala,Covishield
2073,28738,30811,22063,8748,Ladakh,Covishield
31198,30893,62091,21890,40201,Madhya Pradesh,Covishield
3514,33113,36627,34178,2449,Maharashtra,Covishield
31486,19610,51096,47865,3231,Manipur,Covishield
18993,27855,46848,30492,16356,Meghalaya,Covishield
2621,33703,36324,18463,17861,Mizoram,Covishield
22604,24763,47367,26823,20544,Nagaland,Covishield
37365,14484,51849,34619,17230,Odisha,Covishield
48538,27083,75621,40136,35485,Puducherry,Covishield
37416,22560,59976,33734,26242,Punjab,Covishield
18998,48030,67028,23709,43319,Rajasthan,Covishield
13281,13384,26665,18928,7737,Sikkim,Covishield
6765,37186,43951,28865,15086,Tamil Nadu,Covishield
28639,31523,60162,23191,36971,Telengana,Covishield
12821,16155,28976,14036,14940,Tripura,Covishield
21237,21053,42290,40451,1839,Uttarakhand,Covishield
45830,10748,56578,36675,19903,Uttar Pradesh,Covishield
26015,30735,56750,27439,29311,West Bengal,Covishield
2550,43646,46196,35813,10383,Andaman and Nicobar Islands,Covishield
4358,45580,49938,20569,29369,Andhra Pradesh,Covishield
24246,37405,61651,9875,51776,Arunachal Pradesh,Covishield
21933,5587,27520,7427,20093,Assam,Covishield
46995,3646,50641,21410,29231,Bihar,Covishield
21233,35639,56872,8830,48042,Chandigarh,Covishield
34996,3500,38496,22644,15852,Chhattisgarh,Covishield
29205,35162,64367,54766,9601,Dadra and Nagar Haveli and Daman and Diu,Covishield
41312,41197,82509,72900,9609,Delhi,Covishield
41223,18856,60079,33155,26924,Goa,Covishield
24571,18856,43427,36169,7258,Gujarat,Covishield
40032,27858,67890,35533,32357,Haryana,Covishield
35622,22978,58600,24809,33791,Himachal Pradesh,Covishield
44345,17258,61603,34429,27174,Jammu and Kashmir,Covishield
2225,13986,16211,12274,3937,Jharkhand,Covishield
37759,20620,58379,50459,7920,Karnataka,Covishield
5292,13805,19097,10801,8296,Kerala,Covishield
47917,48088,96005,56852,39153,Ladakh,Covishield
3533,18204,21737,17350,4387,Madhya Pradesh,Covishield
17751,29275,47026,45381,1645,Maharashtra,Covishield
24834,4606,29440,20250,9190,Manipur,Covishield
8411,25930,34341,17025,17316,Meghalaya,Covishield
12018,25963,37981,23388,14593,Mizoram,Covishield
44848,12626,57474,7174,50300,Nagaland,Covishield
30386,49610,79996,74358,5638,Odisha,Covishield
41354,34280,75634,71463,4171,Puducherry,Covishield
18101,28139,46240,24081,22159,Punjab,Covishield
45152,23468,68620,28746,39874,Rajasthan,Covishield
4292,32466,36758,8269,28489,Sikkim,Covishield
22536,14127,36663,12258,24405,Tamil Nadu,Covishield
43033,29279,72312,69888,2424,Telengana,Covishield
8032,21441,29473,25231,4242,Tripura,Covishield
30772,23003,53775,13980,39795,Uttarakhand,Covishield
33453,37321,70774,62962,7812,Uttar Pradesh,Covishield
43480,14126,57606,54375,3231,West Bengal,Covishield
9721,12582,22303,16350,5953,Andaman and Nicobar Islands,Covishield
42052,40003,82055,68862,13193,Andhra Pradesh,Covishield
32249,4903,37152,21846,15306,Arunachal Pradesh,Covishield
45112,5072,50184,6998,43186,Assam,Covishield
38307,14844,53151,33909,19242,Bihar,Covishield
21731,19652,41383,27397,13986,Chandigarh,Covishield
40845,29883,70728,64784,5944,Chhattisgarh,Covishield
11867,36317,48184,40694,7490,Dadra and Nagar Haveli and Daman and Diu,Covishield
48762,15412,64174,55115,9059,Delhi,Covishield
20092,29610,49702,39094,10608,Goa,Covishield
18387,30053,48440,13189,35251,Gujarat,Covishield
21801,43414,65215,6667,58548,Haryana,Covishield
21326,6662,27988,8196,19792,Himachal Pradesh,Covishield
11955,36938,48893,7576,41317,Jammu and Kashmir,Covishield
28142,11441,39583,21790,17793,Jharkhand,Covishield
49087,46952,96039,36479,59560,Karnataka,Covishield
5882,4237,10119,5810,4309,Kerala,Covishield
38882,6819,45701,28298,17403,Ladakh,Covishield
2053,18794,20847,20110,737,Madhya Pradesh,Covishield
9174,32534,41708,7831,33877,Maharashtra,Covishield
45378,4698,50076,17836,32240,Manipur,Covishield
17765,31642,49407,12935,36472,Meghalaya,Covishield
5125,14364,19489,12108,7381,Mizoram,Covishield
34086,25600,59686,36068,23618,Nagaland,Covishield
5274,6994,12268,6162,6106,Odisha,Covishield
40376,14405,54781,37512,17269,Puducherry,Covishield
37713,46578,84291,72932,11359,Punjab,Covishield
25411,31853,57264,36107,21157,Rajasthan,Covishield
21461,49526,70987,42104,28883,Sikkim,Covishield
37349,2232,39581,39556,25,Tamil Nadu,Covishield
47106,48021,95127,10989,84138,Telengana,Covishield
11783,27467,39250,14262,24988,Tripura,Covishield
33567,33954,67521,20350,47171,Uttarakhand,Covishield
21009,35969,56978,21955,35023,Uttar Pradesh,Covishield
16418,3208,19626,5692,13934,West Bengal,Covishield
3211,19113,22324,21394,930,Andaman and Nicobar Islands,Covishield
41124,15000,56124,51217,4907,Andhra Pradesh,Covishield
5682,2449,8131,7178,953,Arunachal Pradesh,Covishield
42386,10203,52589,35331,17258,Assam,Covishield
17350,42443,59793,54489,5304,Bihar,Covishield
25491,3548,29039,8817,20222,Chandigarh,Covishield
25645,20560,46205,9327,36878,Chhattisgarh,Covishield
29145,40201,69346,6087,63259,Dadra and Nagar Haveli and Daman and Diu,Covishield
2077,32445,34522,11786,22736,Delhi,Covishield
22799,15845,38644,12965,25679,Goa,Covishield
2056,19546,21602,7871,13731,Gujarat,Covishield
28483,19425,47908,36242,11666,Haryana,Covishield
9646,23855,33501,22637,10864,Himachal Pradesh,Covishield
2550,2471,5021,5003,18,Jammu and Kashmir,Covishield
32862,44641,77503,21556,55947,Jharkhand,Covishield
13349,37845,51194,19810,31384,Karnataka,Covishield
20686,45472,66158,30574,35584,Kerala,Covishield
1729,10688,12417,5025,7392,Ladakh,Covishield
7145,3404,10549,7923,2626,Madhya Pradesh,Covishield
29298,24538,53836,32743,21093,Maharashtra,Covishield
22305,18509,40814,31973,8841,Manipur,Covishield
18615,13602,32217,20410,11807,Meghalaya,Covishield
17883,21175,39058,37580,1478,Mizoram,Covishield
39452,45582,85034,21457,63577,Nagaland,Covishield
26094,22548,48642,34938,13704,Odisha,Covishield
22524,41331,63855,37608,26247,Puducherry,Covishield
39756,24174,63930,53762,10168,Punjab,Covishield
5532,24409,29941,16684,13257,Rajasthan,Covishield
10166,47646,57812,49318,8494,Sikkim,Covishield
34130,43566,77696,67132,10564,Tamil Nadu,Covishield
12775,29887,42662,16588,26074,Telengana,Covishield
43264,13688,56952,10624,46328,Tripura,Covishield
15905,29327,45232,13005,32227,Uttarakhand,Covishield
32701,2176,34877,8617,26260,Uttar Pradesh,Covishield
20344,20343,40687,6658,34029,West Bengal,Covishield
44657,3994,48651,8380,40271,Andaman and Nicobar Islands,Covishield
17344,19608,36952,30711,6241,Andhra Pradesh,Covishield
16682,40761,57443,35101,22342,Arunachal Pradesh,Covishield
46082,35550,81632,55716,25916,Assam,Covishield
15846,18430,34276,8881,25395,Bihar,Covishield
28818,18539,47357,19167,28190,Chandigarh,Covishield
30629,23625,54254,30474,23780,Chhattisgarh,Covishield
26167,9918,36085,17923,18162,Dadra and Nagar Haveli and Daman and Diu,Covishield
48646,34395,83041,63852,19189,Delhi,Covishield
36408,4007,40415,22127,18288,Goa,Covishield
44227,40914,85141,61207,23934,Gujarat,Covishield
25061,13431,38492,17226,21266,Haryana,Covishield
39637,34903,74540,71341,3199,Himachal Pradesh,Covishield
9658,7814,17472,12555,4917,Jammu and Kashmir,Covishield
32192,43281,75473,26251,49222,Jharkhand,Covishield
2262,45039,47301,43564,3737,Karnataka,Covishield
19669,30594,50263,39612,10651,Kerala,Covishield
8926,9955,18881,17273,1608,Ladakh,Covishield
24236,39267,63503,44008,19495,Madhya Pradesh,Covishield
25556,34375,59931,18285,41646,Maharashtra,Covishield
4104,35661,39765,29702,10063,Manipur,Covishield
19684,21724,41408,26415,14993,Meghalaya,Covishield
42008,30983,72991,41703,31288,Mizoram,Covishield
47272,49792,97064,86125,10939,Nagaland,Covishield
31568,32087,63655,16979,46676,Odisha,Covishield
15545,43396,58941,50762,8179,Puducherry,Covishield
34807,16915,51722,45672,6050,Punjab,Covishield
45540,46071,91611,66434,25177,Rajasthan,Covishield
30270,29629,59899,29928,29971,Sikkim,Covishield
44452,33946,78398,48587,29811,Tamil Nadu,Covishield
48168,13610,61778,20420,41358,Telengana,Covishield
37207,26084,63291,5690,57601,Tripura,Covishield
14189,48022,62211,45374,16837,Uttarakhand,Covishield
14810,6435,21245,9517,11728,Uttar Pradesh,Covishield
48220,14115,62335,35152,27183,West Bengal,Covishield
35741,44397,80138,54039,26099,Andaman and Nicobar Islands,Covishield
8889,23222,32111,7397,24714,Andhra Pradesh,Covishield
33264,45485,78749,49383,29366,Arunachal Pradesh,Covishield
30399,37953,68352,68234,118,Assam,Covishield
32452,31405,63857,12245,51612,Bihar,Covishield
31654,48648,80302,30065,50237,Chandigarh,Covishield
24817,39809,64626,21734,42892,Chhattisgarh,Covishield
6621,30490,37111,12730,24381,Dadra and Nagar Haveli and Daman and Diu,Covishield
42390,46030,88420,54951,33469,Delhi,Covishield
42773,23709,66482,50318,16164,Goa,Covishield
35982,23761,59743,31001,28742,Gujarat,Covishield
47493,45453,92946,92585,361,Haryana,Covishield
21012,4467,25479,23547,1932,Himachal Pradesh,Covishield
32741,45575,78316,34007,44309,Jammu and Kashmir,Covishield
49575,12986,62561,35306,27255,Jharkhand,Covishield
11712,49219,60931,39999,20932,Karnataka,Covishield
36992,27971,64963,19795,45168,Kerala,Covishield
39271,14277,53548,48488,5060,Ladakh,Covishield
49794,19040,68834,41969,26865,Madhya Pradesh,Covishield
36071,26951,63022,15697,47325,Maharashtra,Covishield
26857,32431,59288,27638,31650,Manipur,Covishield
12416,13211,25627,16005,9622,Meghalaya,Covishield
31220,28977,60197,29463,30734,Mizoram,Covishield
23788,17690,41478,38983,2495,Nagaland,Covishield
45713,32263,77976,18335,59641,Odisha,Covishield
22187,21515,43702,22271,21431,Puducherry,Covishield
18228,12202,30430,18906,11524,Punjab,Covishield
13044,20736,33780,16695,17085,Rajasthan,Covishield
36444,21071,57515,11685,45830,Sikkim,Covishield
7406,11560,18966,14790,4176,Tamil Nadu,Covishield
35948,21184,57132,34681,22451,Telengana,Covishield
33139,9815,42954,13957,28997,Tripura,Covishield
7695,10898,18593,13777,4816,Uttarakhand,Covishield
4182,33042,37224,30926,6298,Uttar Pradesh,Covishield
40297,23103,63400,54491,8909,West Bengal,Covishield
30091,2763,32854,21788,11066,Andaman and Nicobar Islands,Covishield
27380,8694,36074,23211,12863,Andhra Pradesh,Covishield
30522,28888,59410,51751,7659,Arunachal Pradesh,Covishield
46277,33567,79844,18747,61097,Assam,Covishield
30366,35940,66306,11013,55293,Bihar,Covishield
18936,8553,27489,9413,18076,Chandigarh,Covishield
9519,6009,15528,10880,4648,Chhattisgarh,Covishield
26086,30379,56465,5130,51335,Dadra and Nagar Haveli and Daman and Diu,Covishield
7131,14986,22117,15013,7104,Delhi,Covishield
44484,9289,53773,22978,30795,Goa,Covishield
34511,26696,61207,10482,50725,Gujarat,Covishield
5663,1885,7548,5832,1716,Haryana,Covishield
37370,30306,67676,62302,5374,Himachal Pradesh,Covishield
9698,46553,56251,41260,14991,Jammu and Kashmir,Covishield
12820,25335,38155,32004,6151,Jharkhand,Covishield
48316,9554,57870,32587,25283,Karnataka,Covishield
5171,4142,9313,6130,3183,Kerala,Covishield
11316,5894,17210,11564,5646,Ladakh,Covishield
22500,32304,54804,44846,9958,Madhya Pradesh,Covishield
5929,28405,34334,26358,7976,Maharashtra,Covishield
23424,45705,69129,31200,37929,Manipur,Covishield
20895,40823,61718,10788,50930,Meghalaya,Covishield
25229,6728,31957,24963,6994,Mizoram,Covishield
39313,3505,42818,26976,15842,Nagaland,Covishield
45172,36116,81288,62898,18390,Odisha,Covishield
40853,3456,44309,39702,4607,Puducherry,Covishield
12056,36240,48296,11189,37107,Punjab,Covishield
15321,17076,32397,30285,2112,Rajasthan,Covishield
23558,27993,51551,20969,30582,Sikkim,Covishield
48572,28214,76786,18907,57879,Tamil Nadu,Covishield
20149,20465,40614,23219,17395,Telengana,Covishield
42533,40386,82919,39767,43152,Tripura,Covishield
49613,48442,98055,35786,62269,Uttarakhand,Covishield
38618,24778,63396,43987,19409,Uttar Pradesh,Covishield
37240,19148,56388,40074,16314,West Bengal,Covishield
19111,8819,27930,26594,1336,Andaman and Nicobar Islands,Covishield
23506,19488,42994,36036,6958,Andhra Pradesh,Covishield
7385,6189,13574,9066,4508,Arunachal Pradesh,Covishield
12421,7071,19492,17684,1808,Assam,Covishield
39440,2949,42389,37122,5267,Bihar,Covishield
13565,12817,26382,5163,21219,Chandigarh,Covishield
10399,44966,55365,15357,40008,Chhattisgarh,Covishield
16176,3161,19337,11410,7927,Dadra and Nagar Haveli and Daman and Diu,Covishield
44755,32112,76867,39610,37257,Delhi,Covishield
44844,39673,84517,36811,47706,Goa,Covishield
48719,39618,88337,33225,55112,Gujarat,Covishield
33747,38217,71964,37893,34071,Haryana,Covishield
42792,48540,91332,29615,61717,Himachal Pradesh,Covishield
47280,36220,83500,31572,51928,Jammu and Kashmir,Covishield
10594,45438,56032,27560,28472,Jharkhand,Covishield
12487,7647,20134,5971,14163,Karnataka,Covishield
11803,7964,19767,8700,11067,Kerala,Covishield
22250,6409,28659,9877,18782,Ladakh,Covishield
39994,6393,46387,43114,3273,Madhya Pradesh,Covishield
6118,14498,20616,8303,12313,Maharashtra,Covishield
37792,19387,57179,7179,50000,Manipur,Covishield
47431,16473,63904,20100,43804,Meghalaya,Covishield
38884,22329,61213,48638,12575,Mizoram,Covishield
33986,47601,81587,7518,74069,Nagaland,Covishield
4555,7962,12517,8029,4488,Odisha,Covishield
43733,27168,70901,26618,44283,Puducherry,Covishield
36158,9025,45183,37019,8164,Punjab,Covishield
9402,48620,58022,50563,7459,Rajasthan,Covishield
12832,34268,47100,26871,20229,Sikkim,Covishield
16826,2544,19370,6461,12909,Tamil Nadu,Covishield
19554,45664,65218,16770,48448,Telengana,Covishield
2670,45379,48049,25830,22219,Tripura,Covishield
3528,49867,53395,51127,2268,Uttarakhand,Covishield
12078,28424,40502,21682,18820,Uttar Pradesh,Covishield
5053,49978,55031,37849,17182,West Bengal,Covishield
13567,40706,54273,20404,33869,Andaman and Nicobar Islands,Covishield
18232,46462,64694,19371,45323,Andhra Pradesh,Covishield
17935,11001,28936,26889,2047,Arunachal Pradesh,Covishield
30510,19401,49911,29724,20187,Assam,Covishield
12582,6616,19198,13075,6123,Bihar,Covishield
49126,47300,96426,73711,22715,Chandigarh,Covishield
16710,11430,28140,11188,16952,Chhattisgarh,Covishield
30250,42917,73167,5696,67471,Dadra and Nagar Haveli and Daman and Diu,Covishield
6800,27987,34787,31207,3580,Delhi,Covishield
15981,21444,37425,17657,19768,Goa,Covishield
6160,6798,12958,12204,754,Gujarat,Covishield
19529,22730,42259,13004,29255,Haryana,Covishield
38607,28486,67093,36966,30127,Himachal Pradesh,Covishield
25880,40404,66284,45257,21027,Jammu and Kashmir,Covishield
42391,3937,46328,27268,19060,Jharkhand,Covishield
14794,31053,45847,21732,24115,Karnataka,Covishield
20815,46960,67775,17946,49829,Kerala,Covishield
3860,31436,35296,28120,7176,Ladakh,Covishield
29728,27285,57013,29137,27876,Madhya Pradesh,Covishield
28882,16728,45610,14164,31446,Maharashtra,Covishield
19620,36383,56003,49570,6433,Manipur,Covishield
12426,41932,54358,31731,22627,Meghalaya,Covishield
45766,1853,47619,5834,41785,Mizoram,Covishield
25864,15889,41753,23193,18560,Nagaland,Covishield
27143,49973,77116,23903,53213,Odisha,Covishield
23192,18435,41627,20411,21216,Puducherry,Covishield
36072,9998,46070,29772,16298,Punjab,Covishield
43852,23306,67158,65101,2057,Rajasthan,Covishield
4247,5389,9636,5051,4585,Sikkim,Covishield
33485,24794,58279,22092,36187,Tamil Nadu,Covishield
16401,18860,35261,19192,16069,Telengana,Covishield
34952,2888,37840,23447,14393,Tripura,Covishield
24172,46806,70978,21417,49561,Uttarakhand,Covishield
5493,22891,28384,25786,2598,Uttar Pradesh,Covishield
18644,11133,29777,18455,11322,West Bengal,Covishield
10297,24029,34326,25919,8407,Andaman and Nicobar Islands,Covishield
49547,35601,85148,24454,60694,Andhra Pradesh,Covishield
49225,17455,66680,48791,17889,Arunachal Pradesh,Covishield
7461,31661,39122,10241,28881,Assam,Covishield
7001,35242,42243,19224,23019,Bihar,Covishield
48866,43244,92110,47483,44627,Chandigarh,Covishield
7972,21640,29612,17050,12562,Chhattisgarh,Covishield
46439,45536,91975,47276,44699,Dadra and Nagar Haveli and Daman and Diu,Covishield
46787,47690,94477,67041,27436,Delhi,Covishield
45369,28130,73499,7795,65704,Goa,Covishield
35324,5173,40497,5543,34954,Gujarat,Covishield
19615,32431,52046,49461,2585,Haryana,Covishield
34144,4139,38283,11324,26959,Himachal Pradesh,Covishield
20729,49798,70527,64289,6238,Jammu and Kashmir,Covishield
26079,20742,46821,27822,18999,Jharkhand,Covishield
42689,34484,77173,21407,55766,Karnataka,Covishield
47481,23261,70742,27632,43110,Kerala,Covishield
31590,10839,42429,9086,33343,Ladakh,Covishield
5312,25279,30591,30304,287,Madhya Pradesh,Covishield
4916,41446,46362,32536,13826,Maharashtra,Covishield
17969,38505,56474,25137,31337,Manipur,Covishield
27925,40823,68748,63125,5623,Meghalaya,Covishield
38027,27286,65313,45589,19724,Mizoram,Covishield
38223,5814,44037,25589,18448,Nagaland,Covishield
46811,4174,50985,28169,22816,Odisha,Covishield
48129,21225,69354,46767,22587,Puducherry,Covishield
31799,14656,46455,34901,11554,Punjab,Covishield
49732,47791,97523,27442,70081,Rajasthan,Covishield
32287,22377,54664,33550,21114,Sikkim,Covishield
21040,46319,67359,55184,12175,Tamil Nadu,Covishield
20277,25784,46061,18349,27712,Telengana,Covishield
23175,30001,53176,35478,17698,Tripura,Covishield
13290,18904,32194,25662,6532,Uttarakhand,Covishield
38154,15792,53946,50176,3770,Uttar Pradesh,Covishield
22690,24790,47480,44766,2714,West Bengal,Covishield
47438,26356,73794,35684,38110,Andaman and Nicobar Islands,Covishield
7183,18216,25399,25315,84,Andhra Pradesh,Covishield
9710,11720,21430,19825,1605,Arunachal Pradesh,Covishield
27238,29049,56287,48328,7959,Assam,Covishield
27671,9514,37185,16664,20521,Bihar,Covishield
22023,43870,65893,27551,38342,Chandigarh,Covishield
47157,49861,97018,89692,7326,Chhattisgarh,Covishield
26428,29902,56330,49983,6347,Dadra and Nagar Haveli and Daman and Diu,Covishield
49009,12239,61248,16339,44909,Delhi,Covishield
35055,38920,73975,7987,65988,Goa,Covishield
45995,44145,90140,55560,34580,Gujarat,Covishield
26537,25807,52344,36695,15649,Haryana,Covishield
37085,21093,58178,8721,49457,Himachal Pradesh,Covishield
32410,25375,57785,18020,39765,Jammu and Kashmir,Covishield
9673,36643,46316,38323,7993,Jharkhand,Covishield
32039,38096,70135,24016,46119,Karnataka,Covishield
16407,22631,39038,24974,14064,Kerala,Covishield
15972,5619,21591,11401,10190,Ladakh,Covishield
41358,42997,84355,54298,30057,Madhya Pradesh,Covishield
23197,6279,29476,5933,23543,Maharashtra,Covishield
31593,5784,37377,19186,18191,Manipur,Covishield
9540,6441,15981,10126,5855,Meghalaya,Covishield
19810,38233,58043,16798,41245,Mizoram,Covishield
35489,25455,60944,5616,55328,Nagaland,Covishield
19554,18659,38213,7397,30816,Odisha,Covishield
49210,40902,90112,84035,6077,Puducherry,Covishield
28957,45114,74071,26902,47169,Punjab,Covishield
30483,22260,52743,8501,44242,Rajasthan,Covishield
6688,26859,33547,21255,12292,Sikkim,Covishield
6802,32647,39449,5013,34436,Tamil Nadu,Covishield
17740,11403,29143,26814,2329,Telengana,Covishield
10871,37247,48118,17474,30644,Tripura,Covishield
31239,34669,65908,40411,25497,Uttarakhand,Covishield
40624,32814,73438,64624,8814,Uttar Pradesh,Covishield
5755,21979,27734,16306,11428,West Bengal,Covishield
34757,26486,61243,18485,42758,Andaman and Nicobar Islands,Covishield
6804,26730,33534,15503,18031,Andhra Pradesh,Covishield
3728,41605,45333,34533,10800,Arunachal Pradesh,Covishield
48050,10546,58596,10821,47775,Assam,Covishield
36380,48946,85326,74041,11285,Bihar,Covishield
41297,6495,47792,26787,21005,Chandigarh,Covishield
23004,10891,33895,31070,2825,Chhattisgarh,Covishield
20386,48969,69355,66954,2401,Dadra and Nagar Haveli and Daman and Diu,Covishield
21749,44543,66292,32419,33873,Delhi,Covishield
9823,25264,35087,27451,7636,Goa,Covishield
17530,45864,63394,51010,12384,Gujarat,Covishield
39383,41110,80493,8543,71950,Haryana,Covishield
20571,41075,61646,35729,25917,Himachal Pradesh,Covishield
34436,2889,37325,5163,32162,Jammu and Kashmir,Covishield
37680,35183,72863,65025,7838,Jharkhand,Covishield
7414,22535,29949,18750,11199,Karnataka,Covishield
25298,19591,44889,10242,34647,Kerala,Covishield
9268,10936,20204,7710,12494,Ladakh,Covishield
43941,29295,73236,56876,16360,Madhya Pradesh,Covishield
14500,46147,60647,6283,54364,Maharashtra,Covishield
10904,5681,16585,14873,1712,Manipur,Covishield
22331,32338,54669,52576,2093,Meghalaya,Covishield
30434,20428,50862,19014,31848,Mizoram,Covishield
46338,30718,77056,42489,34567,Nagaland,Covishield
43257,46644,89901,37445,52456,Odisha,Covishield
20421,18628,39049,19847,19202,Puducherry,Covishield
10409,42687,53096,18756,34340,Punjab,Covishield
46642,19722,66364,37951,28413,Rajasthan,Covishield
25552,34299,59851,28755,31096,Sikkim,Covishield
17333,42816,60149,22068,38081,Tamil Nadu,Covishield
40813,28235,69048,33027,36021,Telengana,Covishield
42713,27200,69913,18894,51019,Tripura,Covishield
46121,44680,90801,72214,18587,Uttarakhand,Covishield
4334,21830,26164,24443,1721,Uttar Pradesh,Covishield
14063,31889,45952,20521,25431,West Bengal,Covishield
45467,21280,66747,36924,29823,Andaman and Nicobar Islands,Covishield
2960,29871,32831,18960,13871,Andhra Pradesh,Covishield
43251,22474,65725,37855,27870,Arunachal Pradesh,Covishield
27137,7101,34238,12716,21522,Assam,Covishield
16909,26235,43144,11384,31760,Bihar,Covishield
2714,23484,26198,22067,4131,Chandigarh,Covishield
27836,17737,45573,21770,23803,Chhattisgarh,Covishield
29017,20487,49504,11735,37769,Dadra and Nagar Haveli and Daman and Diu,Covishield
41607,46356,87963,80797,7166,Delhi,Covishield
37007,27028,64035,57299,6736,Goa,Covishield
9938,24903,34841,25707,9134,Gujarat,Covishield
45290,3636,48926,25121,23805,Haryana,Covishield
35109,27191,62300,13008,49292,Himachal Pradesh,Covishield
44473,42805,87278,62680,24598,Jammu and Kashmir,Covishield
30964,13788,44752,32156,12596,Jharkhand,Covishield
49804,14634,64438,40352,24086,Karnataka,Covishield
17770,37641,55411,28846,26565,Kerala,Covishield
40743,6500,47243,41478,5765,Ladakh,Covishield
1738,47426,49164,41979,7185,Madhya Pradesh,Covishield
17405,13661,31066,11745,19321,Maharashtra,Covishield
42032,38254,80286,21814,58472,Manipur,Covishield
38640,23191,61831,48056,13775,Meghalaya,Covishield
44921,45749,90670,7065,83605,Mizoram,Covishield
36695,34626,71321,35206,36115,Nagaland,Covishield
46411,32594,79005,76888,2117,Odisha,Covishield
18931,13406,32337,17137,15200,Puducherry,Covishield
41978,47894,89872,10879,78993,Punjab,Covishield
30710,17190,47900,47174,726,Rajasthan,Covishield
43490,49066,92556,46459,46097,Sikkim,Covishield
4402,45970,50372,27118,23254,Tamil Nadu,Covishield
30179,38029,68208,49214,18994,Telengana,Covishield
36546,35372,71918,12454,59464,Tripura,Covishield
2856,23067,25923,6307,19616,Uttarakhand,Covishield
45168,15488,60656,17821,42835,Uttar Pradesh,Covishield
2472,20234,22706,20015,2691,West Bengal,Covishield
47303,39547,86850,51953,34897,Andaman and Nicobar Islands,Covishield
25816,49709,75525,42076,33449,Andhra Pradesh,Covishield
34124,41065,75189,36507,38682,Arunachal Pradesh,Covishield
24801,37554,62355,27682,34673,Assam,Covishield
33531,9841,43372,26225,17147,Bihar,Covishield
9678,40024,49702,24246,25456,Chandigarh,Covishield
16664,11195,27859,18651,9208,Chhattisgarh,Covishield
43206,41995,85201,70420,14781,Dadra and Nagar Haveli and Daman and Diu,Covishield
22401,27876,50277,40974,9303,Delhi,Covishield
12779,41312,54091,50887,3204,Goa,Covishield
37978,16870,54848,22088,32760,Gujarat,Covishield
5693,34826,40519,8296,32223,Haryana,Covishield
21077,47045,68122,44305,23817,Himachal Pradesh,Covishield
15021,47674,62695,48308,14387,Jammu and Kashmir,Covishield
16185,36019,52204,37130,15074,Jharkhand,Covishield
12246,18790,31036,15072,15964,Karnataka,Covishield
28425,29135,57560,22623,34937,Kerala,Covishield
14531,4360,18891,9591,9300,Ladakh,Covishield
24330,28622,52952,10236,42716,Madhya Pradesh,Covishield
30574,13850,44424,35159,9265,Maharashtra,Covishield
38457,3274,41731,32011,9720,Manipur,Covishield
30713,15420,46133,38501,7632,Meghalaya,Covishield
5720,39973,45693,23849,21844,Mizoram,Covishield
34081,34012,68093,43469,24624,Nagaland,Covishield
46132,11977,58109,23975,34134,Odisha,Covishield
47889,2342,50231,10634,39597,Puducherry,Covishield
37166,8419,45585,41501,4084,Punjab,Covishield
30957,19637,50594,37962,12632,Rajasthan,Covishield
43835,35189,79024,61858,17166,Sikkim,Covishield
46536,45684,92220,56170,36050,Tamil Nadu,Covishield
32626,25269,57895,50609,7286,Telengana,Covishield
19646,37003,56649,20057,36592,Tripura,Covishield
29520,35938,65458,54260,11198,Uttarakhand,Covishield
46222,24846,71068,43690,27378,Uttar Pradesh,Covishield
2965,11548,14513,10092,4421,West Bengal,Covishield
35944,30193,66137,45380,20757,Andaman and Nicobar Islands,Covishield
45453,31019,76472,72038,4434,Andhra Pradesh,Covishield
16629,18664,35293,12347,22946,Arunachal Pradesh,Covishield
26976,37037,64013,6669,57344,Assam,Covishield
13112,20673,33785,11064,22721,Bihar,Covishield
40120,10660,50780,20320,30460,Chandigarh,Covishield
49475,43611,93086,60155,32931,Chhattisgarh,Covishield
10850,17168,28018,6809,21209,Dadra and Nagar Haveli and Daman and Diu,Covishield
28981,30940,59921,35543,24378,Delhi,Covishield
25233,35129,60362,58519,1843,Goa,Covishield
43602,38140,81742,47486,34256,Gujarat,Covishield
42316,23056,65372,13337,52035,Haryana,Covishield
32105,19377,51482,34505,16977,Himachal Pradesh,Covishield
26412,39558,65970,34791,31179,Jammu and Kashmir,Covishield
2419,14372,16791,11471,5320,Jharkhand,Covishield
33000,16313,49313,46015,3298,Karnataka,Covishield
24223,46647,70870,22653,48217,Kerala,Covishield
19285,26861,46146,7054,39092,Ladakh,Covishield
33270,9200,42470,33540,8930,Madhya Pradesh,Covishield
25263,31293,56556,18653,37903,Maharashtra,Covishield
47403,26610,74013,72349,1664,Manipur,Covishield
11052,33925,44977,15443,29534,Meghalaya,Covishield
34208,26631,60839,39961,20878,Mizoram,Covishield
30406,19176,49582,17938,31644,Nagaland,Covishield
9394,49028,58422,45568,12854,Odisha,Covishield
1545,28878,30423,23150,7273,Puducherry,Covishield
34042,11556,45598,18245,27353,Punjab,Covishield
43519,12887,56406,28465,27941,Rajasthan,Covishield
19999,38183,58182,34017,24165,Sikkim,Covishield
29999,1754,31753,5163,26590,Tamil Nadu,Covishield
3064,48583,51647,44359,7288,Telengana,Covishield
15432,40724,56156,12756,43400,Tripura,Covishield
7438,39373,46811,14661,32150,Uttarakhand,Covishield
21699,18035,39734,29033,10701,Uttar Pradesh,Covishield
46115,41396,87511,82538,4973,West Bengal,Covishield
48868,37378,86246,19152,67094,Andaman and Nicobar Islands,Covishield
43748,28027,71775,28089,43686,Andhra Pradesh,Covishield
2921,18841,21762,7538,14224,Arunachal Pradesh,Covishield
12810,29476,42286,37630,4656,Assam,Covishield
28963,19597,48560,36179,12381,Bihar,Covishield
16227,10314,26541,9188,17353,Chandigarh,Covishield
15438,13039,28477,25881,2596,Chhattisgarh,Covishield
7869,43640,51509,8175,43334,Dadra and Nagar Haveli and Daman and Diu,Covishield
24243,42886,67129,59605,7524,Delhi,Covishield
22219,25710,47929,29044,18885,Goa,Covishield
36480,15751,52231,32818,19413,Gujarat,Covishield
46654,43644,90298,74326,15972,Haryana,Covishield
21723,21687,43410,18691,24719,Himachal Pradesh,Covishield
48713,11780,60493,49903,10590,Jammu and Kashmir,Covishield
23825,23078,46903,13237,33666,Jharkhand,Covishield
7341,12418,19759,10848,8911,Karnataka,Covishield
21014,31869,52883,44492,8391,Kerala,Covishield
15933,43326,59259,20190,39069,Ladakh,Covishield
32444,26609,59053,42469,16584,Madhya Pradesh,Covishield
33772,38547,72319,10125,62194,Maharashtra,Covishield
29366,35829,65195,57762,7433,Manipur,Covishield
6204,18146,24350,23345,1005,Meghalaya,Covishield
24355,25000,49355,43231,6124,Mizoram,Covishield
49035,32114,81149,70915,10234,Nagaland,Covishield
37180,18511,55691,41536,14155,Odisha,Covishield
6990,45569,52559,22196,30363,Puducherry,Covishield
14592,39356,53948,29056,24892,Punjab,Covishield
4631,37653,42284,39937,2347,Rajasthan,Covishield
19723,42476,62199,57716,4483,Sikkim,Covishield
38760,11909,50669,29940,20729,Tamil Nadu,Covishield
48558,2299,50857,38367,12490,Telengana,Covishield
38569,9709,48278,39533,8745,Tripura,Covishield
47268,5365,52633,39162,13471,Uttarakhand,Covishield
30369,24056,54425,48832,5593,Uttar Pradesh,Covishield
35591,23334,58925,7431,51494,West Bengal,Covishield
30007,12307,42314,25750,16564,Andaman and Nicobar Islands,Covishield
5525,38462,43987,31990,11997,Andhra Pradesh,Covishield
32503,28539,61042,24427,36615,Arunachal Pradesh,Covishield
41397,26857,68254,34358,33896,Assam,Covishield
34400,21032,55432,39239,16193,Bihar,Covishield
2177,14463,16640,15074,1566,Chandigarh,Covishield
20783,8750,29533,20244,9289,Chhattisgarh,Covishield
34469,17488,51957,23209,28748,Dadra and Nagar Haveli and Daman and Diu,Covishield
13513,20791,34304,10564,23740,Delhi,Covishield
23662,17442,41104,28290,12814,Goa,Covishield
4424,3139,7563,6643,920,Gujarat,Covishield
14931,25114,40045,20805,19240,Haryana,Covishield
12575,43241,55816,41619,14197,Himachal Pradesh,Covishield
37640,49815,87455,62202,25253,Jammu and Kashmir,Covishield
30287,5105,35392,16663,18729,Jharkhand,Covishield
49345,2026,51371,29285,22086,Karnataka,Covishield
44197,14303,58500,31419,27081,Kerala,Covishield
33410,21882,55292,52238,3054,Ladakh,Covishield
24667,17645,42312,23015,19297,Madhya Pradesh,Covishield
3009,39234,42243,34259,7984,Maharashtra,Covishield
34246,28971,63217,21407,41810,Manipur,Covishield
6965,11449,18414,9404,9010,Meghalaya,Covishield
39230,7686,46916,37748,9168,Mizoram,Covishield
30402,30687,61089,55066,6023,Nagaland,Covishield
48560,44471,93031,72540,20491,Odisha,Covishield
21065,7025,28090,14376,13714,Puducherry,Covishield
48142,42569,90711,34575,56136,Punjab,Covishield
19476,44533,64009,51200,12809,Rajasthan,Covishield
13161,8425,21586,8110,13476,Sikkim,Covishield
20547,6149,26696,24725,1971,Tamil Nadu,Covishield
26948,7297,34245,15195,19050,Telengana,Covishield
3926,23069,26995,10143,16852,Tripura,Covishield
15352,9162,24514,21400,3114,Uttarakhand,Covishield
35480,24273,59753,9657,50096,Uttar Pradesh,Covishield
47601,7172,54773,43197,11576,West Bengal,Covishield
36107,35641,71748,38956,32792,Andaman and Nicobar Islands,Covishield
21446,3337,24783,12875,11908,Andhra Pradesh,Covishield
25571,15259,40830,38678,2152,Arunachal Pradesh,Covishield
39331,41220,80551,51884,28667,Assam,Covishield
30495,31010,61505,22455,39050,Bihar,Covishield
46622,34928,81550,22340,59210,Chandigarh,Covishield
30731,42763,73494,16177,57317,Chhattisgarh,Covishield
34735,15235,49970,6725,43245,Dadra and Nagar Haveli and Daman and Diu,Covishield
24205,22100,46305,37338,8967,Delhi,Covishield
44901,39705,84606,60820,23786,Goa,Covishield
25746,30810,56556,26096,30460,Gujarat,Covishield
15436,39615,55051,18471,36580,Haryana,Covishield
42443,3473,45916,41638,4278,Himachal Pradesh,Covishield
10189,32698,42887,22995,19892,Jammu and Kashmir,Covishield
6002,2422,8424,5028,3396,Jharkhand,Covishield
5404,16697,22101,20460,1641,Karnataka,Covishield
9953,38402,48355,45394,2961,Kerala,Covishield
13661,45593,59254,59168,86,Ladakh,Covishield
47942,44057,91999,52122,39877,Madhya Pradesh,Covishield
6563,10195,16758,15039,1719,Maharashtra,Covishield
30237,16247,46484,39101,7383,Manipur,Covishield
42504,15324,57828,22231,35597,Meghalaya,Covishield
37210,29275,66485,19092,47393,Mizoram,Covishield
9978,3428,13406,13165,241,Nagaland,Covishield
4204,48735,52939,18027,34912,Odisha,Covishield
29479,19331,48810,15170,33640,Puducherry,Covishield
8908,45426,54334,27425,26909,Punjab,Covishield
36128,16763,52891,42390,10501,Rajasthan,Covishield
24174,3190,27364,15720,11644,Sikkim,Covishield
32136,30311,62447,31975,30472,Tamil Nadu,Covishield
4858,41818,46676,19253,27423,Telengana,Covishield
44768,18244,63012,32044,30968,Tripura,Covishield
48500,26606,75106,67475,7631,Uttarakhand,Covishield
39853,20739,60592,11089,49503,Uttar Pradesh,Covishield
23905,49524,73429,61153,12276,West Bengal,Covishield
20893,11639,32532,24286,8246,Andaman and Nicobar Islands,Covishield
45305,17005,62310,19534,42776,Andhra Pradesh,Covishield
9682,7939,17621,13905,3716,Arunachal Pradesh,Covishield
44108,8802,52910,51883,1027,Assam,Covishield
6881,12488,19369,12350,7019,Bihar,Covishield
45834,34444,80278,76345,3933,Chandigarh,Covishield
32096,25931,58027,37442,20585,Chhattisgarh,Covishield
46457,12070,58527,25633,32894,Dadra and Nagar Haveli and Daman and Diu,Covishield
40555,22193,62748,54307,8441,Delhi,Covishield
22217,46406,68623,17956,50667,Goa,Covishield
37833,4122,41955,20413,21542,Gujarat,Covishield
5070,2602,7672,7649,23,Haryana,Covishield
20043,12999,33042,18288,14754,Himachal Pradesh,Covishield
3347,49534,52881,22327,30554,Jammu and Kashmir,Covishield
37956,42490,80446,20441,60005,Jharkhand,Covishield
1509,41466,42975,27451,15524,Karnataka,Covishield
38502,27911,66413,17305,49108,Kerala,Covishield
13080,8947,22027,11177,10850,Ladakh,Covishield
16941,20092,37033,8984,28049,Madhya Pradesh,Covishield
17306,9106,26412,11434,14978,Maharashtra,Covishield
38114,16781,54895,34813,20082,Manipur,Covishield
10649,35109,45758,44834,924,Meghalaya,Covishield
14933,11230,26163,6011,20152,Mizoram,Covishield
9777,8650,18427,6861,11566,Nagaland,Covishield
27345,14294,41639,23279,18360,Odisha,Covishield
2034,9973,12007,9958,2049,Puducherry,Covishield
41240,2149,43389,8605,34784,Punjab,Covishield
15412,30419,45831,21446,24385,Rajasthan,Covishield
26372,7062,33434,5162,28272,Sikkim,Covishield
45100,24235,69335,21221,48114,Tamil Nadu,Covishield
27298,19261,46559,16219,30340,Telengana,Covishield
18992,16609,35601,31946,3655,Tripura,Covishield
6923,36241,43164,37960,5204,Uttarakhand,Covishield
46132,32522,78654,21710,56944,Uttar Pradesh,Covishield
31338,11896,43234,38600,4634,West Bengal,Covishield
11938,19288,31226,25812,5414,Andaman and Nicobar Islands,Covishield
20835,49663,70498,38704,31794,Andhra Pradesh,Covishield
35446,44309,79755,72632,7123,Arunachal Pradesh,Covishield
41294,27948,69242,19648,49594,Assam,Covishield
5282,12975,18257,11130,7127,Bihar,Covishield
49089,8659,57748,48975,8773,Chandigarh,Covishield
14162,6889,21051,15734,5317,Chhattisgarh,Covishield
16959,31382,48341,17754,30587,Dadra and Nagar Haveli and Daman and Diu,Covishield
5131,25872,31003,10655,20348,Delhi,Covishield
11763,38223,49986,31012,18974,Goa,Covishield
36282,8785,45067,18017,27050,Gujarat,Covishield
42265,35161,77426,27176,50250,Haryana,Covishield
12135,6431,18566,14278,4288,Himachal Pradesh,Covishield
25066,39139,64205,5196,59009,Jammu and Kashmir,Covishield
21522,48564,70086,37941,32145,Jharkhand,Covishield
45281,37135,82416,25716,56700,Karnataka,Covishield
41230,21965,63195,39995,23200,Kerala,Covishield
1816,18263,20079,5389,14690,Ladakh,Covishield
24832,30927,55759,26300,29459,Madhya Pradesh,Covishield
24895,7592,32487,26197,6290,Maharashtra,Covishield
46112,27982,74094,57203,16891,Manipur,Covishield
23659,18372,42031,9180,32851,Meghalaya,Covishield
45215,4947,50162,20141,30021,Mizoram,Covishield
49940,6604,56544,21126,35418,Nagaland,Covishield
1932,23684,25616,8738,16878,Odisha,Covishield
9335,35925,45260,27865,17395,Puducherry,Covishield
24744,39115,63859,35363,28496,Punjab,Covishield
24479,10523,35002,16845,18157,Rajasthan,Covishield
4154,16664,20818,6326,14492,Sikkim,Covishield
8639,18595,27234,5888,21346,Tamil Nadu,Covishield
38391,44281,82672,6930,75742,Telengana,Covishield
45295,34447,79742,77343,2399,Tripura,Covishield
35776,24072,59848,24662,35186,Uttarakhand,Covishield
47038,49327,96365,26608,69757,Uttar Pradesh,Covishield
32641,40371,73012,35603,37409,West Bengal,Covishield
34540,22774,57314,43123,14191,Andaman and Nicobar Islands,Covishield
20164,13162,33326,8941,24385,Andhra Pradesh,Covishield
26140,38991,65131,43236,21895,Arunachal Pradesh,Covishield
30337,40191,70528,28231,42297,Assam,Covishield
17417,38315,55732,45510,10222,Bihar,Covishield
33527,5698,39225,27014,12211,Chandigarh,Covishield
11942,17616,29558,15014,14544,Chhattisgarh,Covishield
1989,6419,8408,5647,2761,Dadra and Nagar Haveli and Daman and Diu,Covishield
25842,32154,57996,25312,32684,Delhi,Covishield
10305,39411,49716,46046,3670,Goa,Covishield
21653,43822,65475,51713,13762,Gujarat,Covishield
46455,20028,66483,19659,46824,Haryana,Covishield
9505,31303,40808,6659,34149,Himachal Pradesh,Covishield
49544,49366,98910,20830,78080,Jammu and Kashmir,Covishield
24048,49645,73693,56590,17103,Jharkhand,Covishield
30930,28585,59515,37255,22260,Karnataka,Covishield
24643,5618,30261,27870,2391,Kerala,Covishield
8784,13234,22018,6476,15542,Ladakh,Covishield
2963,43307,46270,41045,5225,Madhya Pradesh,Covishield
43576,47676,91252,11077,80175,Maharashtra,Covishield
45060,47989,93049,63494,29555,Manipur,Covishield
3236,32720,35956,33696,2260,Meghalaya,Covishield
10932,44369,55301,9136,46165,Mizoram,Covishield
2845,2808,5653,5535,118,Nagaland,Covishield
10682,41698,52380,30942,21438,Odisha,Covishield
15524,49992,65516,64501,1015,Puducherry,Covishield
26853,29923,56776,48294,8482,Punjab,Covishield
21018,16469,37487,27498,9989,Rajasthan,Covishield
17455,26769,44224,41582,2642,Sikkim,Covishield
30914,12182,43096,30056,13040,Tamil Nadu,Covishield
24944,44753,69697,13855,55842,Telengana,Covishield
43678,6572,50250,6821,43429,Tripura,Covishield
29568,2248,31816,6366,25450,Uttarakhand,Covishield
37546,35911,73457,39177,34280,Uttar Pradesh,Covishield
44405,42176,86581,46699,39882,West Bengal,Covishield
6623,28995,35618,16350,19268,Andaman and Nicobar Islands,Covishield
49064,30002,79066,68410,10656,Andhra Pradesh,Covishield
17106,47106,64212,9326,54886,Arunachal Pradesh,Covishield
35228,43145,78373,30643,47730,Assam,Covishield
35200,13712,48912,22794,26118,Bihar,Covishield
7705,12014,19719,18100,1619,Chandigarh,Covishield
30458,19360,49818,21803,28015,Chhattisgarh,Covishield
40726,49320,90046,57870,32176,Dadra and Nagar Haveli and Daman and Diu,Covishield
42688,2251,44939,33363,11576,Delhi,Covishield
43866,41119,84985,56210,28775,Goa,Covishield
43835,30510,74345,37808,36537,Gujarat,Covishield
7318,8373,15691,9576,6115,Haryana,Covishield
39623,41623,81246,40205,41041,Himachal Pradesh,Covishield
38287,32229,70516,57090,13426,Jammu and Kashmir,Covishield
38000,43815,81815,74238,7577,Jharkhand,Covishield
47067,13281,60348,30007,30341,Karnataka,Covishield
37778,27835,65613,10908,54705,Kerala,Covishield
43730,21288,65018,53404,11614,Ladakh,Covishield
10675,46874,57549,41979,15570,Madhya Pradesh,Covishield
5688,19067,24755,18513,6242,Maharashtra,Covishield
15859,17477,33336,10600,22736,Manipur,Covishield
14495,6702,21197,7291,13906,Meghalaya,Covishield
49954,20745,70699,55232,15467,Mizoram,Covishield
44501,37626,82127,27140,54987,Nagaland,Covishield
31910,30430,62340,34814,27526,Odisha,Covishield
49273,7729,57002,52149,4853,Puducherry,Covishield
33014,48113,81127,78437,2690,Punjab,Covishield
20177,8492,28669,16844,11825,Rajasthan,Covishield
22851,7603,30454,24537,5917,Sikkim,Covishield
48943,34077,83020,26634,56386,Tamil Nadu,Covishield
6389,19016,25405,21480,3925,Telengana,Covishield
30269,4919,35188,18683,16505,Tripura,Covishield
45556,25533,71089,17274,53815,Uttarakhand,Covishield
47050,44754,91804,41580,50224,Uttar Pradesh,Covishield
45594,35175,80769,11030,69739,West Bengal,Covishield
36820,5975,42795,34943,7852,Andaman and Nicobar Islands,Covishield
38369,46628,84997,35874,49123,Andhra Pradesh,Covishield
7112,14250,21362,6154,15208,Arunachal Pradesh,Covishield
44856,15418,60274,45535,14739,Assam,Covishield
40367,28789,69156,53089,16067,Bihar,Covishield
5163,38176,43339,9792,33547,Chandigarh,Covishield
24494,15037,39531,31275,8256,Chhattisgarh,Covishield
31387,43518,74905,5502,69403,Dadra and Nagar Haveli and Daman and Diu,Covishield
9128,6609,15737,5757,9980,Delhi,Covishield
40961,25785,66746,62117,4629,Goa,Covishield
26329,24791,51120,15619,35501,Gujarat,Covishield
9238,3334,12572,6469,6103,Haryana,Covishield
35997,5435,41432,25877,15555,Himachal Pradesh,Covishield
38504,18349,56853,34224,22629,Jammu and Kashmir,Covishield
22559,9936,32495,12726,19769,Jharkhand,Covishield
32327,27632,59959,53132,6827,Karnataka,Covishield
43176,25105,68281,15096,53185,Kerala,Covishield
48052,28563,76615,65949,10666,Ladakh,Covishield
42943,43040,85983,51724,34259,Madhya Pradesh,Covishield
19360,24455,43815,32179,11636,Maharashtra,Covishield
22366,11860,34226,12691,21535,Manipur,Covishield
39959,40520,80479,22641,57838,Meghalaya,Covishield
36661,19167,55828,33603,22225,Mizoram,Covishield
25909,29198,55107,21904,33203,Nagaland,Covishield
24389,33662,58051,46458,11593,Odisha,Covishield
3665,21247,24912,18024,6888,Puducherry,Covishield
3421,29422,32843,9341,23502,Punjab,Covishield
28536,11924,40460,7298,33162,Rajasthan,Covishield
17907,19006,36913,33906,3007,Sikkim,Covishield
36026,25526,61552,48015,13537,Tamil Nadu,Covishield
7697,48238,55935,7901,48034,Telengana,Covishield
7460,27943,35403,16624,18779,Tripura,Covishield
34615,5405,40020,34978,5042,Uttarakhand,Covishield
9494,19334,28828,24579,4249,Uttar Pradesh,Covishield
34890,13157,48047,26170,21877,West Bengal,Covishield
44844,37244,82088,65819,16269,Andaman and Nicobar Islands,Covishield
49761,2686,52447,5606,46841,Andhra Pradesh,Covishield
22598,39314,61912,52119,9793,Arunachal Pradesh,Covishield
23513,30888,54401,43426,10975,Assam,Covishield
9403,30192,39595,8194,31401,Bihar,Covishield
40654,35102,75756,46342,29414,Chandigarh,Covishield
6114,18011,24125,21850,2275,Chhattisgarh,Covishield
7497,2708,10205,8904,1301,Dadra and Nagar Haveli and Daman and Diu,Covishield
43082,33733,76815,61345,15470,Delhi,Covishield
18206,31564,49770,21067,28703,Goa,Covishield
34832,42634,77466,12869,64597,Gujarat,Covishield
14526,36656,51182,30620,20562,Haryana,Covishield
1944,39405,41349,15181,26168,Himachal Pradesh,Covishield
32461,18210,50671,48161,2510,Jammu and Kashmir,Covishield
2545,12821,15366,10164,5202,Jharkhand,Covishield
12801,42689,55490,27687,27803,Karnataka,Covishield
8539,44446,52985,50118,2867,Kerala,Covishield
22676,28803,51479,20135,31344,Ladakh,Covishield
8287,47071,55358,35877,19481,Madhya Pradesh,Covishield
40042,24429,64471,15364,49107,Maharashtra,Covishield
34101,5539,39640,12144,27496,Manipur,Covishield
29130,43418,72548,20989,51559,Meghalaya,Covishield
45986,5306,51292,30650,20642,Mizoram,Covishield
37818,48512,86330,50458,35872,Nagaland,Covishield
27939,28741,56680,49545,7135,Odisha,Covishield
41938,22762,64700,61291,3409,Puducherry,Covishield
33837,9815,43652,41956,1696,Punjab,Covishield
2067,16048,18115,13214,4901,Rajasthan,Covishield
31457,23294,54751,9779,44972,Sikkim,Covishield
21066,41084,62150,29389,32761,Tamil Nadu,Covishield
20885,37003,57888,24681,33207,Telengana,Covishield
40786,37344,78130,32535,45595,Tripura,Covishield
26328,40536,66864,62547,4317,Uttarakhand,Covishield
23574,14489,38063,34129,3934,Uttar Pradesh,Covishield
2231,37046,39277,30396,8881,West Bengal,Covishield
49435,16088,65523,45430,20093,Andaman and Nicobar Islands,Covishield
2364,42903,45267,35389,9878,Andhra Pradesh,Covishield
49210,14803,64013,25856,38157,Arunachal Pradesh,Covishield
41699,18425,60124,25025,35099,Assam,Covishield
27678,11333,39011,7535,31476,Bihar,Covishield
17941,41097,59038,49003,10035,Chandigarh,Covishield
35478,2512,37990,12500,25490,Chhattisgarh,Covishield
36779,43813,80592,31588,49004,Dadra and Nagar Haveli and Daman and Diu,Covishield
37871,6071,43942,29430,14512,Delhi,Covishield
48116,4972,53088,11747,41341,Goa,Covishield
23999,49281,73280,66688,6592,Gujarat,Covishield
2762,14393,17155,14937,2218,Haryana,Covishield
25571,4707,30278,7004,23274,Himachal Pradesh,Covishield
30158,3217,33375,10745,22630,Jammu and Kashmir,Covishield
37353,29476,66829,20793,46036,Jharkhand,Covishield
45409,23515,68924,64703,4221,Karnataka,Covishield
39745,24811,64556,49973,14583,Kerala,Covishield
32387,24864,57251,51027,6224,Ladakh,Covishield
11311,7293,18604,7699,10905,Madhya Pradesh,Covishield
33894,10543,44437,19072,25365,Maharashtra,Covishield
8926,32915,41841,27458,14383,Manipur,Covishield
29522,9671,39193,6849,32344,Meghalaya,Covishield
31897,12978,44875,21549,23326,Mizoram,Covishield
26584,32221,58805,48565,10240,Nagaland,Covishield
27819,35592,63411,12319,51092,Odisha,Covishield
45874,4599,50473,22024,28449,Puducherry,Covishield
38939,1563,40502,25290,15212,Punjab,Covishield
12001,15361,27362,12638,14724,Rajasthan,Covishield
19428,5413,24841,18335,6506,Sikkim,Covishield
45432,30546,75978,17208,58770,Tamil Nadu,Covishield
31159,48852,80011,58028,21983,Telengana,Covishield
40402,49929,90331,25786,64545,Tripura,Covishield
1907,17652,19559,16184,3375,Uttarakhand,Covishield
46518,48478,94996,51800,43196,Uttar Pradesh,Covishield
25927,12378,38305,24106,14199,West Bengal,Covishield
41557,13278,54835,44785,10050,Andaman and Nicobar Islands,Covishield
2567,27648,30215,14221,15994,Andhra Pradesh,Covishield
40828,27611,68439,16778,51661,Arunachal Pradesh,Covishield
40721,11283,52004,45859,6145,Assam,Covishield
3219,10523,13742,13149,593,Bihar,Covishield
30239,26096,56335,49823,6512,Chandigarh,Covishield
14848,24892,39740,37659,2081,Chhattisgarh,Covishield
8416,39866,48282,5195,43087,Dadra and Nagar Haveli and Daman and Diu,Covishield
11687,26296,37983,21224,16759,Delhi,Covishield
35049,49698,84747,10391,74356,Goa,Covishield
22171,48377,70548,43375,27173,Gujarat,Covishield
16956,25895,42851,8602,34249,Haryana,Covishield
19903,9721,29624,17926,11698,Himachal Pradesh,Covishield
35831,42515,78346,16992,61354,Jammu and Kashmir,Covishield
8675,31970,40645,16620,24025,Jharkhand,Covishield
26412,6991,33403,25767,7636,Karnataka,Covishield
30720,6180,36900,31399,5501,Kerala,Covishield
46362,48429,94791,38448,56343,Ladakh,Covishield
8514,17984,26498,9814,16684,Madhya Pradesh,Covishield
36200,21999,58199,50630,7569,Maharashtra,Covishield
33431,4721,38152,28452,9700,Manipur,Covishield
10642,41103,51745,46293,5452,Meghalaya,Covishield
17119,27443,44562,12476,32086,Mizoram,Covishield
33658,19819,53477,14404,39073,Nagaland,Covishield
49587,38701,88288,88283,5,Odisha,Covishield
20128,31342,51470,10307,41163,Puducherry,Covishield
45841,7365,53206,18266,34940,Punjab,Covishield
6607,45168,51775,41408,10367,Rajasthan,Covishield
31345,26960,58305,15960,42345,Sikkim,Covishield
36556,34029,70585,54482,16103,Tamil Nadu,Covishield
38291,18535,56826,20385,36441,Telengana,Covishield
23551,11125,34676,10874,23802,Tripura,Covishield
36419,11318,47737,11480,36257,Uttarakhand,Covishield
4529,42681,47210,41581,5629,Uttar Pradesh,Covishield
9678,27257,36935,12775,24160,West Bengal,Covishield
41046,17324,58370,48272,10098,Andaman and Nicobar Islands,Covishield
31923,49747,81670,46718,34952,Andhra Pradesh,Covishield
46442,48598,95040,62218,32822,Arunachal Pradesh,Covishield
26314,12554,38868,36169,2699,Assam,Covishield
22559,19190,41749,31697,10052,Bihar,Covishield
36072,47910,83982,47101,36881,Chandigarh,Covishield
27436,34552,61988,42850,19138,Chhattisgarh,Covishield
42685,46738,89423,29197,60226,Dadra and Nagar Haveli and Daman and Diu,Covishield
7818,23538,31356,29031,2325,Delhi,Covishield
21102,48428,69530,62496,7034,Goa,Covishield
49132,15480,64612,29083,35529,Gujarat,Covishield
21812,5002,26814,5045,21769,Haryana,Covishield
22834,13098,35932,11701,24231,Himachal Pradesh,Covishield
25823,19260,45083,22411,22672,Jammu and Kashmir,Covishield
25022,46858,71880,67050,4830,Jharkhand,Covishield
20233,25074,45307,11379,33928,Karnataka,Covishield
38210,11216,49426,42690,6736,Kerala,Covishield
30559,33701,64260,46546,17714,Ladakh,Covishield
22143,22176,44319,13856,30463,Madhya Pradesh,Covishield
38183,12041,50224,39793,10431,Maharashtra,Covishield
16160,38384,54544,24108,30436,Manipur,Covishield
21329,3213,24542,14891,9651,Meghalaya,Covishield
25465,22725,48190,33444,14746,Mizoram,Covishield
18871,29292,48163,14380,33783,Nagaland,Covishield
21860,35496,57356,41772,15584,Odisha,Covishield
15953,29442,45395,26663,18732,Puducherry,Covishield
32317,33716,66033,65170,863,Punjab,Covishield
49512,32674,82186,57385,24801,Rajasthan,Covishield
45463,8845,54308,19057,35251,Sikkim,Covishield
13558,17806,31364,6170,25194,Tamil Nadu,Covishield
21990,11440,33430,13363,20067,Telengana,Covishield
24632,9218,33850,30435,3415,Tripura,Covishield
33744,40978,74722,20275,54447,Uttarakhand,Covishield
49750,5461,55211,17532,37679,Uttar Pradesh,Covishield
7371,27028,34399,33669,730,West Bengal,Covishield
11441,13159,24600,16852,7748,Andaman and Nicobar Islands,Covishield
44059,3143,47202,6571,40631,Andhra Pradesh,Covishield
2007,9727,11734,6922,4812,Arunachal Pradesh,Covishield
23413,38727,62140,10587,51553,Assam,Covishield
14405,38414,52819,40330,12489,Bihar,Covishield
32736,24616,57352,41074,16278,Chandigarh,Covishield
11524,11112,22636,9860,12776,Chhattisgarh,Covishield
40825,32029,72854,32120,40734,Dadra and Nagar Haveli and Daman and Diu,Covishield
29766,3538,33304,8110,25194,Delhi,Covishield
31588,47165,78753,49386,29367,Goa,Covishield
2444,42207,44651,17348,27303,Gujarat,Covishield
8398,16053,24451,9679,14772,Haryana,Covishield
31453,41149,72602,11051,61551,Himachal Pradesh,Covishield
38103,45960,84063,24395,59668,Jammu and Kashmir,Covishield
35270,5989,41259,12777,28482,Jharkhand,Covishield
28735,5075,33810,13683,20127,Karnataka,Covishield
22260,42453,64713,47860,16853,Kerala,Covishield
39562,16734,56296,50755,5541,Ladakh,Covishield
43051,46646,89697,12939,76758,Madhya Pradesh,Covishield
25786,44923,70709,21292,49417,Maharashtra,Covishield
6855,45717,52572,21158,31414,Manipur,Covishield
10100,4763,14863,13455,1408,Meghalaya,Covishield
10604,22278,32882,7557,25325,Mizoram,Covishield
33285,49995,83280,40059,43221,Nagaland,Covishield
3715,14892,18607,13861,4746,Odisha,Covishield
6445,24833,31278,25248,6030,Puducherry,Covishield
22403,18942,41345,29068,12277,Punjab,Covishield
9856,24728,34584,18909,15675,Rajasthan,Covishield
37561,21552,59113,21341,37772,Sikkim,Covishield
36870,49852,86722,75502,11220,Tamil Nadu,Covishield
6492,49394,55886,7114,48772,Telengana,Covishield
3941,39011,42952,19414,23538,Tripura,Covishield
3602,42932,46534,17695,28839,Uttarakhand,Covishield
36106,47856,83962,50380,33582,Uttar Pradesh,Covishield
18673,32209,50882,37296,13586,West Bengal,Covishield
18805,46920,65725,51003,14722,Andaman and Nicobar Islands,Covishield
30744,48046,78790,44885,33905,Andhra Pradesh,Covishield
31793,49387,81180,24356,56824,Arunachal Pradesh,Covishield
17383,45221,62604,26138,36466,Assam,Covishield
38686,41333,80019,35208,44811,Bihar,Covishield
20170,49489,69659,55376,14283,Chandigarh,Covishield
27678,32343,60021,39627,20394,Chhattisgarh,Covishield
46453,18729,65182,13153,52029,Dadra and Nagar Haveli and Daman and Diu,Covishield
32055,28875,60930,54512,6418,Delhi,Covishield
4586,23000,27586,19164,8422,Goa,Covishield
29248,37629,66877,28461,38416,Gujarat,Covishield
22596,46237,68833,67624,1209,Haryana,Covishield
3699,32681,36380,11707,24673,Himachal Pradesh,Covishield
21895,36171,58066,15042,43024,Jammu and Kashmir,Covishield
44779,19938,64717,52201,12516,Jharkhand,Covishield
6385,33839,40224,15667,24557,Karnataka,Covishield
15398,31895,47293,12733,34560,Kerala,Covishield
44751,48915,93666,62979,30687,Ladakh,Covishield
41942,38465,80407,74768,5639,Madhya Pradesh,Covishield
14059,6587,20646,8253,12393,Maharashtra,Covishield
14536,12738,27274,12516,14758,Manipur,Covishield
38663,30724,69387,19595,49792,Meghalaya,Covishield
39299,40479,79778,15192,64586,Mizoram,Covishield
42942,39077,82019,75927,6092,Nagaland,Covishield
25849,35900,61749,33200,28549,Odisha,Covishield
33778,3946,37724,15230,22494,Puducherry,Covishield
11204,5638,16842,6821,10021,Punjab,Covishield
6447,18441,24888,20957,3931,Rajasthan,Covishield
20268,14870,35138,17446,17692,Sikkim,Covishield
6301,49025,55326,19840,35486,Tamil Nadu,Covishield
2853,9305,12158,6140,6018,Telengana,Covishield
38396,35387,73783,57548,16235,Tripura,Covishield
6843,28836,35679,32028,3651,Uttarakhand,Covishield
30416,33325,63741,40551,23190,Uttar Pradesh,Covishield
1678,15090,16768,9722,7046,West Bengal,Covishield
9642,10460,20102,5507,14595,Andaman and Nicobar Islands,Covishield
34116,37158,71274,37249,34025,Andhra Pradesh,Covishield
15274,5262,20536,10194,10342,Arunachal Pradesh,Covishield
26443,21515,47958,27044,20914,Assam,Covishield
13606,17693,31299,13529,17770,Bihar,Covishield
46537,37521,84058,71391,12667,Chandigarh,Covishield
12439,28081,40520,29421,11099,Chhattisgarh,Covishield
7461,44833,52294,43902,8392,Dadra and Nagar Haveli and Daman and Diu,Covishield
27823,10858,38681,16718,21963,Delhi,Covishield
6092,35611,41703,37381,4322,Goa,Covishield
20354,12458,32812,12292,20520,Gujarat,Covishield
42982,31533,74515,25674,48841,Haryana,Covishield
45215,29604,74819,49662,25157,Himachal Pradesh,Covishield
25343,39705,65048,50500,14548,Jammu and Kashmir,Covishield
38040,41364,79404,55328,24076,Jharkhand,Covishield
20942,42287,63229,50956,12273,Karnataka,Covishield
30483,29826,60309,15998,44311,Kerala,Covishield
26819,24182,51001,28421,22580,Ladakh,Covishield
34926,23527,58453,25006,33447,Madhya Pradesh,Covishield
26123,38489,64612,43134,21478,Maharashtra,Covishield
26342,20054,46396,20389,26007,Manipur,Covishield
36221,41569,77790,43131,34659,Meghalaya,Covishield
35578,29903,65481,6315,59166,Mizoram,Covishield
29089,25003,54092,20168,33924,Nagaland,Covishield
34293,43559,77852,50404,27448,Odisha,Covishield
28662,5953,34615,31364,3251,Puducherry,Covishield
3206,4848,8054,5198,2856,Punjab,Covishield
10886,48932,59818,18171,41647,Rajasthan,Covishield
31318,15174,46492,9074,37418,Sikkim,Covishield
11311,27198,38509,14468,24041,Tamil Nadu,Covishield
14542,34204,48746,29456,19290,Telengana,Covishield
45138,19197,64335,11186,53149,Tripura,Covishield
24175,25806,49981,33393,16588,Uttarakhand,Covishield
3567,19060,22627,19484,3143,Uttar Pradesh,Covishield
49551,37036,86587,64173,22414,West Bengal,Covishield
25139,28271,53410,33575,19835,Andaman and Nicobar Islands,Covishield
17120,49418,66538,22840,43698,Andhra Pradesh,Covishield
9359,46170,55529,34752,20777,Arunachal Pradesh,Covishield
17746,45314,63060,46109,16951,Assam,Covishield
38533,2327,40860,24514,16346,Bihar,Covishield
32807,10977,43784,37496,6288,Chandigarh,Covishield
30539,29313,59852,38041,21811,Chhattisgarh,Covishield
7149,5939,13088,12798,290,Dadra and Nagar Haveli and Daman and Diu,Covishield
40656,17031,57687,16544,41143,Delhi,Covishield
49634,17923,67557,10374,57183,Goa,Covishield
21862,47452,69314,20523,48791,Gujarat,Covishield
3445,36446,39891,26027,13864,Haryana,Covishield
25921,22746,48667,17513,31154,Himachal Pradesh,Covishield
5162,44624,49786,18719,31067,Jammu and Kashmir,Covishield
7360,23525,30885,12442,18443,Jharkhand,Covishield
44630,42863,87493,78826,8667,Karnataka,Covishield
19358,12114,31472,27156,4316,Kerala,Covishield
34651,12551,47202,21404,25798,Ladakh,Covishield
30700,40107,70807,65101,5706,Madhya Pradesh,Covishield
2406,8688,11094,11020,74,Maharashtra,Covishield
46781,12041,58822,32324,26498,Manipur,Covishield
7281,19305,26586,14154,12432,Meghalaya,Covishield
44211,16298,60509,23419,37090,Mizoram,Covishield
23613,33809,57422,22473,34949,Nagaland,Covishield
1931,4043,5974,5071,903,Odisha,Covishield
20296,35727,56023,17062,38961,Puducherry,Covishield
25157,48413,73570,29076,44494,Punjab,Covishield
23766,8520,32286,16199,16087,Rajasthan,Covishield
9796,23324,33120,27913,5207,Sikkim,Covishield
22474,33944,56418,13316,43102,Tamil Nadu,Covishield
14299,5652,19951,8991,10960,Telengana,Covishield
38371,43519,81890,26314,55576,Tripura,Covishield
9365,36784,46149,5540,40609,Uttarakhand,Covishield
31698,48643,80341,43821,36520,Uttar Pradesh,Covishield
31280,3884,35164,7556,27608,West Bengal,Covishield
5482,31699,37181,34985,2196,Andaman and Nicobar Islands,Covishield
10074,15817,25891,11152,14739,Andhra Pradesh,Covishield
6686,29191,35877,12542,23335,Arunachal Pradesh,Covishield
47767,14977,62744,54555,8189,Assam,Covishield
10562,5522,16084,7794,8290,Bihar,Covishield
34715,42500,77215,20462,56753,Chandigarh,Covishield
46506,41944,88450,80421,8029,Chhattisgarh,Covishield
24573,30849,55422,54154,1268,Dadra and Nagar Haveli and Daman and Diu,Covishield
41371,33927,75298,34375,40923,Delhi,Covishield
10909,45750,56659,18812,37847,Goa,Covishield
26492,41691,68183,8720,59463,Gujarat,Covishield
49329,38380,87709,39314,48395,Haryana,Covishield
38651,4626,43277,34482,8795,Himachal Pradesh,Covishield
31295,1894,33189,8348,24841,Jammu and Kashmir,Covishield
22911,29826,52737,42900,9837,Jharkhand,Covishield
40366,35713,76079,57027,19052,Karnataka,Covishield
35443,33004,68447,24206,44241,Kerala,Covishield
4866,11409,16275,15471,804,Ladakh,Covishield
7372,14378,21750,19191,2559,Madhya Pradesh,Covishield
27392,35806,63198,39727,23471,Maharashtra,Covishield
42306,46914,89220,47677,41543,Manipur,Covishield
6851,28853,35704,22283,13421,Meghalaya,Covishield
7569,23544,31113,18328,12785,Mizoram,Covishield
26521,24017,50538,17356,33182,Nagaland,Covishield
46600,34062,80662,14709,65953,Odisha,Covishield
45491,42731,88222,74553,13669,Puducherry,Covishield
31967,36085,68052,16070,51982,Punjab,Covishield
17262,16181,33443,26994,6449,Rajasthan,Covishield
32935,19559,52494,5957,46537,Sikkim,Covishield
32668,18630,51298,44872,6426,Tamil Nadu,Covishield
3741,13527,17268,9181,8087,Telengana,Covishield
40888,40385,81273,36189,45084,Tripura,Covishield
45672,11553,57225,49595,7630,Uttarakhand,Covishield
2118,20461,22579,10923,11656,Uttar Pradesh,Covishield
14531,8148,22679,13493,9186,West Bengal,Covishield
2581,8421,11002,7944,3058,Andaman and Nicobar Islands,Covishield
25675,46630,72305,5612,66693,Andhra Pradesh,Covishield
48437,48602,97039,79988,17051,Arunachal Pradesh,Covishield
8675,19733,28408,25218,3190,Assam,Covishield
13704,44267,57971,34947,23024,Bihar,Covishield
13310,12071,25381,10080,15301,Chandigarh,Covishield
31127,13087,44214,7811,36403,Chhattisgarh,Covishield
44617,11821,56438,42648,13790,Dadra and Nagar Haveli and Daman and Diu,Covishield
49161,33945,83106,58382,24724,Delhi,Covishield
4179,43903,48082,20621,27461,Goa,Covishield
21971,13409,35380,12520,22860,Gujarat,Covishield
26377,46743,73120,18168,54952,Haryana,Covishield
19097,47788,66885,35810,31075,Himachal Pradesh,Covishield
31200,37507,68707,8373,60334,Jammu and Kashmir,Covishield
25730,14247,39977,33935,6042,Jharkhand,Covishield
1976,34915,36891,34024,2867,Karnataka,Covishield
39743,6194,45937,27992,17945,Kerala,Covishield
39318,42322,81640,63552,18088,Ladakh,Covishield
14154,7211,21365,10929,10436,Madhya Pradesh,Covishield
27969,27980,55949,44458,11491,Maharashtra,Covishield
15157,2018,17175,11669,5506,Manipur,Covishield
23388,34211,57599,29998,27601,Meghalaya,Covishield
47899,32138,80037,79335,702,Mizoram,Covishield
24881,6698,31579,30320,1259,Nagaland,Covishield
7386,7705,15091,10381,4710,Odisha,Covishield
28197,2632,30829,22818,8011,Puducherry,Covishield
4447,19880,24327,8393,15934,Punjab,Covishield
10195,17883,28078,17254,10824,Rajasthan,Covishield
13712,35690,49402,15431,33971,Sikkim,Covishield
12339,5204,17543,13190,4353,Tamil Nadu,Covishield
26952,22329,49281,21666,27615,Telengana,Covishield
15005,11878,26883,13086,13797,Tripura,Covishield
40105,23562,63667,29086,34581,Uttarakhand,Covishield
8631,49974,58605,16161,42444,Uttar Pradesh,Covishield
11261,44900,56161,19023,37138,West Bengal,Covishield
7260,13082,20342,12959,7383,Andaman and Nicobar Islands,Covishield
38351,33614,71965,70224,1741,Andhra Pradesh,Covishield
42503,40073,82576,33579,48997,Arunachal Pradesh,Covishield
23983,27947,51930,38239,13691,Assam,Covishield
7415,10143,17558,12131,5427,Bihar,Covishield
41815,4406,46221,17696,28525,Chandigarh,Covishield
4923,9882,14805,6354,8451,Chhattisgarh,Covishield
17960,43107,61067,45631,15436,Dadra and Nagar Haveli and Daman and Diu,Covishield
39786,17305,57091,38891,18200,Delhi,Covishield
8250,36421,44671,8654,36017,Goa,Covishield
46182,12601,58783,10087,48696,Gujarat,Covishield
45792,37675,83467,9649,73818,Haryana,Covishield
13006,12058,25064,19954,5110,Himachal Pradesh,Covishield
2226,14682,16908,5524,11384,Jammu and Kashmir,Covishield
32426,33613,66039,57104,8935,Jharkhand,Covishield
42011,5082,47093,25352,21741,Karnataka,Covishield
6468,46165,52633,51842,791,Kerala,Covishield
3469,10556,14025,13057,968,Ladakh,Covishield
13458,41962,55420,9727,45693,Madhya Pradesh,Covishield
40743,30645,71388,26951,44437,Maharashtra,Covishield
3216,38209,41425,39225,2200,Manipur,Covishield
3957,8014,11971,8634,3337,Meghalaya,Covishield
43498,30609,74107,26199,47908,Mizoram,Covishield
36922,32140,69062,39603,29459,Nagaland,Covishield
7276,36461,43737,16134,27603,Odisha,Covishield
31602,41843,73445,48766,24679,Puducherry,Covishield
34401,39213,73614,66206,7408,Punjab,Covishield
19959,40596,60555,18142,42413,Rajasthan,Covishield
12659,32589,45248,38018,7230,Sikkim,Covishield
5005,7710,12715,5912,6803,Tamil Nadu,Covishield
26677,34748,61425,12890,48535,Telengana,Covishield
19454,32215,51669,37011,14658,Tripura,Covishield
26790,5294,32084,31852,232,Uttarakhand,Covishield
6953,41707,48660,20552,28108,Uttar Pradesh,Covishield
31201,18430,49631,37843,11788,West Bengal,Covishield
38823,40689,79512,29831,49681,Andaman and Nicobar Islands,Covishield
2303,15804,18107,16773,1334,Andhra Pradesh,Covishield
45691,33226,78917,62821,16096,Arunachal Pradesh,Covishield
43006,6814,49820,23143,26677,Assam,Covishield
45719,37195,82914,70108,12806,Bihar,Covishield
46474,47832,94306,13316,80990,Chandigarh,Covishield
21757,38072,59829,54178,5651,Chhattisgarh,Covishield
44754,10838,55592,8682,46910,Dadra and Nagar Haveli and Daman and Diu,Covishield
3529,47323,50852,30838,20014,Delhi,Covishield
10112,36603,46715,16735,29980,Goa,Covishield
44151,36702,80853,16806,64047,Gujarat,Covishield
44489,4390,48879,7620,41259,Haryana,Covishield
33169,28433,61602,54217,7385,Himachal Pradesh,Covishield
15435,23011,38446,17378,21068,Jammu and Kashmir,Covishield
12673,46204,58877,36715,22162,Jharkhand,Covishield
32698,34986,67684,60846,6838,Karnataka,Covishield
49649,20107,69756,45502,24254,Kerala,Covishield
3686,45035,48721,45796,2925,Ladakh,Covishield
11610,23465,35075,34453,622,Madhya Pradesh,Covishield
6631,38987,45618,23049,22569,Maharashtra,Covishield
16955,3763,20718,9117,11601,Manipur,Covishield
16094,15995,32089,30398,1691,Meghalaya,Covishield
6840,12386,19226,5719,13507,Mizoram,Covishield
9378,7773,17151,13930,3221,Nagaland,Covishield
49562,26934,76496,45794,30702,Odisha,Covishield
28839,47882,76721,33011,43710,Puducherry,Covishield
11025,23042,34067,18386,15681,Punjab,Covishield
46859,37847,84706,31649,53057,Rajasthan,Covishield
6529,14110,20639,5630,15009,Sikkim,Covishield
15128,33360,48488,36190,12298,Tamil Nadu,Covishield
10352,4404,14756,12655,2101,Telengana,Covishield
1776,18712,20488,16639,3849,Tripura,Covishield
38892,38547,77439,77167,272,Uttarakhand,Covishield
47454,45706,93160,47076,46084,Uttar Pradesh,Covishield
21758,39862,61620,37575,24045,West Bengal,Covishield
2436,11786,14222,12864,1358,Andaman and Nicobar Islands,Covishield
32338,17489,49827,46165,3662,Andhra Pradesh,Covishield
49869,17534,67403,47468,19935,Arunachal Pradesh,Covishield
4498,21572,26070,7949,18121,Assam,Covishield
5280,48458,53738,19891,33847,Bihar,Covishield
6425,19806,26231,24362,1869,Chandigarh,Covishield
10140,3925,14065,9373,4692,Chhattisgarh,Covishield
46144,41824,87968,66824,21144,Dadra and Nagar Haveli and Daman and Diu,Covishield
12981,1606,14587,6722,7865,Delhi,Covishield
10523,13540,24063,22699,1364,Goa,Covishield
29623,22778,52401,23447,28954,Gujarat,Covishield
5282,26861,32143,10884,21259,Haryana,Covishield
37433,11388,48821,27238,21583,Himachal Pradesh,Covishield
31789,14550,46339,36939,9400,Jammu and Kashmir,Covishield
27782,6546,34328,17595,16733,Jharkhand,Covishield
21570,1737,23307,9954,13353,Karnataka,Covishield
24571,9884,34455,31708,2747,Kerala,Covishield
19662,43657,63319,57011,6308,Ladakh,Covishield
9232,42065,51297,19645,31652,Madhya Pradesh,Covishield
29394,20604,49998,10093,39905,Maharashtra,Covishield
8957,21639,30596,18418,12178,Manipur,Covishield
14419,20072,34491,27743,6748,Meghalaya,Covishield
26877,5219,32096,29029,3067,Mizoram,Covishield
27659,12967,40626,18972,21654,Nagaland,Covishield
4105,18840,22945,7377,15568,Odisha,Covishield
32195,6161,38356,37137,1219,Puducherry,Covishield
3121,31340,34461,25069,9392,Punjab,Covishield
20063,46210,66273,21382,44891,Rajasthan,Covishield
35923,49741,85664,59052,26612,Sikkim,Covishield
16721,5603,22324,6796,15528,Tamil Nadu,Covishield
1568,45306,46874,23868,23006,Telengana,Covishield
6406,2789,9195,6338,2857,Tripura,Covishield
46642,10847,57489,48177,9312,Uttarakhand,Covishield
26717,10607,37324,35606,1718,Uttar Pradesh,Covishield
10222,29984,40206,10814,29392,West Bengal,Covishield
8741,23497,32238,12286,19952,Andaman and Nicobar Islands,Covishield
26623,47269,73892,46297,27595,Andhra Pradesh,Covishield
49887,24754,74641,56286,18355,Arunachal Pradesh,Covishield
3776,20205,23981,14892,9089,Assam,Covishield
39662,20950,60612,47468,13144,Bihar,Covishield
15663,46344,62007,47627,14380,Chandigarh,Covishield
49780,42238,92018,69656,22362,Chhattisgarh,Covishield
1704,49275,50979,36601,14378,Dadra and Nagar Haveli and Daman and Diu,Covishield
7309,31740,39049,33223,5826,Delhi,Covishield
12044,45438,57482,5718,51764,Goa,Covishield
17682,19623,37305,33009,4296,Gujarat,Covishield
12871,23678,36549,14838,21711,Haryana,Covishield
9702,40536,50238,24021,26217,Himachal Pradesh,Covishield
11948,44223,56171,20748,35423,Jammu and Kashmir,Covishield
14482,28821,43303,26037,17266,Jharkhand,Covishield
18401,24798,43199,34521,8678,Karnataka,Covishield
32518,34556,67074,9618,57456,Kerala,Covishield
13151,11422,24573,23121,1452,Ladakh,Covishield
25299,21452,46751,33281,13470,Madhya Pradesh,Covishield
7485,37671,45156,28931,16225,Maharashtra,Covishield
8066,8402,16468,12737,3731,Manipur,Covishield
4502,39449,43951,35876,8075,Meghalaya,Covishield
27063,5906,32969,21329,11640,Mizoram,Covishield
30805,13098,43903,39254,4649,Nagaland,Covishield
20957,24214,45171,9672,35499,Odisha,Covishield
13635,49197,62832,46911,15921,Puducherry,Covishield
6766,4860,11626,11099,527,Punjab,Covishield
4195,5385,9580,5300,4280,Rajasthan,Covishield
27649,5746,33395,27132,6263,Sikkim,Covishield
41293,27568,68861,63843,5018,Tamil Nadu,Covishield
15660,36358,52018,29488,22530,Telengana,Covishield
44385,26906,71291,55954,15337,Tripura,Covishield
3268,8255,11523,7187,4336,Uttarakhand,Covishield
40015,19298,59313,44084,15229,Uttar Pradesh,Covishield
14114,47751,61865,13317,48548,West Bengal,Covishield
25497,48651,74148,22068,52080,Andaman and Nicobar Islands,Covishield
17848,45124,62972,8035,54937,Andhra Pradesh,Covishield
37495,27925,65420,64962,458,Arunachal Pradesh,Covishield
5390,49406,54796,29811,24985,Assam,Covishield
37744,12364,50108,44709,5399,Bihar,Covishield
43940,21188,65128,15048,50080,Chandigarh,Covishield
16246,49168,65414,27417,37997,Chhattisgarh,Covishield
25184,4680,29864,21842,8022,Dadra and Nagar Haveli and Daman and Diu,Covishield
46605,14022,60627,21691,38936,Delhi,Covishield
49427,17421,66848,22918,43930,Goa,Covishield
37309,27593,64902,40512,24390,Gujarat,Covishield
7149,47199,54348,5622,48726,Haryana,Covishield
42145,19026,61171,39425,21746,Himachal Pradesh,Covishield
22775,46798,69573,66311,3262,Jammu and Kashmir,Covishield
20547,30869,51416,48368,3048,Jharkhand,Covishield
36903,11827,48730,31141,17589,Karnataka,Covishield
31178,40044,71222,60493,10729,Kerala,Covishield
10484,41148,51632,9919,41713,Ladakh,Covishield
26268,34586,60854,11989,48865,Madhya Pradesh,Covishield
16457,38154,54611,19565,35046,Maharashtra,Covishield
15348,24687,40035,15145,24890,Manipur,Covishield
20521,28565,49086,41737,7349,Meghalaya,Covishield
11201,43954,55155,7892,47263,Mizoram,Covishield
16553,46406,62959,5637,57322,Nagaland,Covishield
48812,45510,94322,38915,55407,Odisha,Covishield
44346,37544,81890,78754,3136,Puducherry,Covishield
41018,45117,86135,17537,68598,Punjab,Covishield
45888,19214,65102,14225,50877,Rajasthan,Covishield
17028,47761,64789,37070,27719,Sikkim,Covishield
22499,28472,50971,45779,5192,Tamil Nadu,Covishield
40979,13712,54691,6830,47861,Telengana,Covishield
21132,22237,43369,6073,37296,Tripura,Covishield
12836,7039,19875,13357,6518,Uttarakhand,Covishield
14790,37480,52270,44725,7545,Uttar Pradesh,Covishield
30943,46268,77211,37048,40163,West Bengal,Covishield
5771,8174,13945,8619,5326,Andhra Pradesh,Covishield
2424,24591,27015,17780,9235,Andaman and Nicobar Islands,Covishield
7164,38612,45776,14804,30972,Arunachal Pradesh,Covishield
39131,8154,47285,39360,7925,Assam,Covishield
30354,25442,55796,5886,49910,Bihar,Covishield
16375,3747,20122,11627,8495,Chandigarh,Covishield
6812,28862,35674,8348,27326,Chhattisgarh,Covishield
33869,20501,54370,29508,24862,Dadra and Nagar Haveli and Daman and Diu,Covishield
21137,22679,43816,12502,31314,Delhi,Covishield
19507,11499,31006,11190,19816,Goa,Covishield
42026,39632,81658,22286,59372,Gujarat,Covishield
40118,40332,80450,76795,3655,Haryana,Covishield
17524,15581,33105,20348,12757,Himachal Pradesh,Covishield
2269,16591,18860,11545,7315,Jammu and Kashmir,Covishield
2812,36587,39399,32587,6812,Jharkhand,Covishield
3012,39142,42154,26812,15342,Karnataka,Covishield
24551,4814,29365,15264,14101,Kerala,Covishield
10288,34470,44758,40862,3896,Lakshadweep,Covishield
18741,12519,31260,22506,8754,Ladakh,Covishield
4135,14486,18621,9967,8654,Madhya Pradesh,Covishield
35915,31775,67690,62345,5345,Maharashtra,Covishield
8836,42480,51316,6732,44584,Manipur,Covishield
20357,8985,29342,25705,3637,Meghalaya,Covishield
18390,46102,64492,62891,1601,Mizoram,Covishield
20706,4506,25212,8765,16447,Nagaland,Covishield
9023,2906,11929,11140,789,Odisha,Covishield
38700,39405,78105,50943,27162,Puducherry,Covishield
29764,24094,53858,46846,7012,Punjab,Covishield
28781,45616,74397,32616,41781,Rajasthan,Covishield
13369,28675,42044,37179,4865,Sikkim,Covishield
29428,2498,31926,15417,16509,Tamil Nadu,Covishield
15080,41571,56651,28068,28583,Telengana,Covishield
24344,37518,61862,8176,53686,Tripura,Covishield
38508,36786,75294,21742,53552,Uttarakhand,Covishield
22049,2835,24884,21194,3690,Uttar Pradesh,Covishield
49608,8003,57611,53916,3695,West Bengal,Covishield
29726,35536,65262,23338,41924,Andhra Pradesh,Covishield
31079,26132,57211,54137,3074,Andaman and Nicobar Islands,Covishield
8066,45217,53283,22741,30542,Arunachal Pradesh,Covishield
9035,40905,49940,19625,30315,Assam,Covishield
32499,31150,63649,10691,52958,Bihar,Covishield
25818,11774,37592,23851,13741,Chandigarh,Covishield
13240,39433,52673,33430,19243,Chhattisgarh,Covishield
16900,46500,63400,33607,29793,Dadra and Nagar Haveli and Daman and Diu,Covishield
44909,36450,81359,32826,48533,Delhi,Covishield
7791,41845,49636,32627,17009,Goa,Covishield
11046,3916,14962,11736,3226,Gujarat,Covishield
21163,7296,28459,11136,17323,Haryana,Covishield
28710,17629,46339,37105,9234,Himachal Pradesh,Covishield
42875,15763,58638,57255,1383,Jammu and Kashmir,Covishield
43955,5835,49790,37696,12094,Jharkhand,Covishield
21924,40105,62029,6332,55697,Karnataka,Covishield
5459,33562,39021,23398,15623,Kerala,Covishield
5566,15961,21527,19431,2096,Lakshadweep,Covishield
37113,27501,64614,43894,20720,Ladakh,Covishield
3239,23225,26464,13732,12732,Madhya Pradesh,Covishield
4758,39649,44407,20569,23838,Maharashtra,Covishield
8418,9236,17654,15949,1705,Manipur,Covishield
46185,46685,92870,13365,79505,Meghalaya,Covishield
3376,23442,26818,6718,20100,Mizoram,Covishield
18862,41570,60432,10789,49643,Nagaland,Covishield
33472,35908,69380,58440,10940,Odisha,Covishield
26421,16647,43068,31135,11933,Puducherry,Covishield
26983,2760,29743,10908,18835,Punjab,Covishield
48795,27494,76289,45965,30324,Rajasthan,Covishield
19877,13762,33639,15127,18512,Sikkim,Covishield
10041,33852,43893,30323,13570,Tamil Nadu,Covishield
39557,32553,72110,14441,57669,Telengana,Covishield
1582,45215,46797,20203,26594,Tripura,Covishield
8276,22000,30276,8091,22185,Uttarakhand,Covishield
16920,31154,48074,12889,35185,Uttar Pradesh,Covishield
43571,16964,60535,38993,21542,West Bengal,Covishield
3639,28200,31839,26144,5695,Andhra Pradesh,Covishield
44544,33500,78044,65242,12802,Andaman and Nicobar Islands,Covishield
12265,13370,25635,14165,11470,Arunachal Pradesh,Covishield
49098,25226,74324,58705,15619,Assam,Covishield
14785,37178,51963,10275,41688,Bihar,Covishield
5977,30657,36634,27844,8790,Chandigarh,Covishield
7739,17076,24815,24698,117,Chhattisgarh,Covishield
47405,17649,65054,54711,10343,Dadra and Nagar Haveli and Daman and Diu,Covishield
46582,34124,80706,14367,66339,Delhi,Covishield
29169,40359,69528,21692,47836,Goa,Covishield
42338,27388,69726,36434,33292,Gujarat,Covishield
23907,34420,58327,57954,373,Haryana,Covishield
26487,37233,63720,13407,50313,Himachal Pradesh,Covishield
18654,30937,49591,43370,6221,Jammu and Kashmir,Covishield
17061,11032,28093,9329,18764,Jharkhand,Covishield
16318,13733,30051,20022,10029,Karnataka,Covishield
39385,16237,55622,41280,14342,Kerala,Covishield
47611,30864,78475,22525,55950,Lakshadweep,Covishield
26759,36050,62809,12432,50377,Ladakh,Covishield
16129,5182,21311,21017,294,Madhya Pradesh,Covishield
14733,23752,38485,35130,3355,Maharashtra,Covishield
15668,8763,24431,21798,2633,Manipur,Covishield
17228,24692,41920,31474,10446,Meghalaya,Covishield
45016,4598,49614,16972,32642,Mizoram,Covishield
41862,21363,63225,23909,39316,Nagaland,Covishield
43042,3690,46732,15976,30756,Odisha,Covishield
41625,30446,72071,26180,45891,Puducherry,Covishield
44182,9259,53441,17101,36340,Punjab,Covishield
11578,3584,15162,9301,5861,Rajasthan,Covishield
29932,17618,47550,34297,13253,Sikkim,Covishield
15468,43703,59171,14761,44410,Tamil Nadu,Covishield
28933,14037,42970,16711,26259,Telengana,Covishield
30990,10201,41191,40674,517,Tripura,Covishield
30775,46506,77281,38071,39210,Uttarakhand,Covishield
38249,49527,87776,10815,76961,Uttar Pradesh,Covishield
11678,18728,30406,27350,3056,West Bengal,Covishield
49174,11334,60508,59160,1348,Andhra Pradesh,Covishield
18798,7253,26051,20410,5641,Andaman and Nicobar Islands,Covishield
5907,44893,50800,7945,42855,Arunachal Pradesh,Covishield
20166,36890,57056,48474,8582,Assam,Covishield
41114,16657,57771,7459,50312,Bihar,Covishield
32639,39763,72402,58583,13819,Chandigarh,Covishield
37873,20965,58838,19493,39345,Chhattisgarh,Covishield
46691,15281,61972,6337,55635,Dadra and Nagar Haveli and Daman and Diu,Covishield
38965,3124,42089,15946,26143,Delhi,Covishield
47113,11930,59043,53749,5294,Goa,Covishield
43139,18733,61872,60101,1771,Gujarat,Covishield
46466,37671,84137,47445,36692,Haryana,Covishield
37063,7005,44068,16463,27605,Himachal Pradesh,Covishield
45173,21826,66999,38178,28821,Jammu and Kashmir,Covishield
25036,43234,68270,13872,54398,Jharkhand,Covishield
10126,46747,56873,9670,47203,Karnataka,Covishield
12584,47916,60500,46373,14127,Kerala,Covishield
21152,15049,36201,5298,30903,Lakshadweep,Covishield
4131,41971,46102,11821,34281,Ladakh,Covishield
34324,25830,60154,5688,54466,Madhya Pradesh,Covishield
39889,31970,71859,65671,6188,Maharashtra,Covishield
22819,45061,67880,50706,17174,Manipur,Covishield
39857,49114,88971,53276,35695,Meghalaya,Covishield
30949,45981,76930,32023,44907,Mizoram,Covishield
48207,27880,76087,24002,52085,Nagaland,Covishield
37331,49640,86971,52457,34514,Odisha,Covishield
9552,39443,48995,42622,6373,Puducherry,Covishield
37030,8217,45247,30021,15226,Punjab,Covishield
15527,43155,58682,54864,3818,Rajasthan,Covishield
45896,12376,58272,55829,2443,Sikkim,Covishield
47471,31038,78509,14950,63559,Tamil Nadu,Covishield
7215,9756,16971,10622,6349,Telengana,Covishield
3952,26136,30088,8211,21877,Tripura,Covishield
16270,12222,28492,5783,22709,Uttarakhand,Covishield
32036,11766,43802,10001,33801,Uttar Pradesh,Covishield
15114,20851,35965,20948,15017,West Bengal,Covishield
29820,25107,54927,6461,48466,Andhra Pradesh,Covishield
5476,5230,10706,10584,122,Andaman and Nicobar Islands,Covishield
18325,25705,44030,5070,38960,Arunachal Pradesh,Covishield
8211,41743,49954,49884,70,Assam,Covishield
17686,30237,47923,39117,8806,Bihar,Covishield
48325,9546,57871,53494,4377,Chandigarh,Covishield
31528,34888,66416,25829,40587,Chhattisgarh,Covishield
21229,49687,70916,31867,39049,Dadra and Nagar Haveli and Daman and Diu,Covishield
35146,27443,62589,16452,46137,Delhi,Covishield
26026,3462,29488,13951,15537,Goa,Covishield
40922,7660,48582,24591,23991,Gujarat,Covishield
22065,15420,37485,17499,19986,Haryana,Covishield
15589,46699,62288,9659,52629,Himachal Pradesh,Covishield
36204,26716,62920,40687,22233,Jammu and Kashmir,Covishield
5212,24350,29562,21844,7718,Jharkhand,Covishield
41763,17243,59006,26252,32754,Karnataka,Covishield
20923,3462,24385,12211,12174,Kerala,Covishield
15059,35431,50490,46656,3834,Lakshadweep,Covishield
9784,20055,29839,28727,1112,Ladakh,Covishield
24468,15828,40296,15323,24973,Madhya Pradesh,Covishield
34350,3905,38255,32076,6179,Maharashtra,Covishield
37394,19204,56598,9076,47522,Manipur,Covishield
44424,35058,79482,67031,12451,Meghalaya,Covishield
24319,3267,27586,26889,697,Mizoram,Covishield
47794,43046,90840,47605,43235,Nagaland,Covishield
22429,8730,31159,18239,12920,Odisha,Covishield
26512,46244,72756,56720,16036,Puducherry,Covishield
40402,11177,51579,8670,42909,Punjab,Covishield
26488,39016,65504,52175,13329,Rajasthan,Covishield
3524,10089,13613,12517,1096,Sikkim,Covishield
21874,5272,27146,10601,16545,Tamil Nadu,Covishield
23639,48962,72601,46975,25626,Telengana,Covishield
3389,13011,16400,15195,1205,Tripura,Covishield
8580,7882,16462,11769,4693,Uttarakhand,Covishield
24025,49743,73768,66866,6902,Uttar Pradesh,Covishield
18447,14163,32610,11156,21454,West Bengal,Covishield
9727,10004,19731,18029,1702,Andhra Pradesh,Covishield
25031,39489,64520,37469,27051,Andaman and Nicobar Islands,Covishield
4104,9834,13938,13935,3,Arunachal Pradesh,Covishield
36896,2266,39162,33721,5441,Assam,Covishield
7908,18607,26515,7677,18838,Bihar,Covishield
47158,16390,63548,19579,43969,Chandigarh,Covishield
45811,44650,90461,72592,17869,Chhattisgarh,Covishield
32505,40611,73116,25229,47887,Dadra and Nagar Haveli and Daman and Diu,Covishield
37739,35990,73729,9907,63822,Delhi,Covishield
49604,7488,57092,22626,34466,Goa,Covishield
10679,36846,47525,19668,27857,Gujarat,Covishield
45625,20163,65788,47902,17886,Haryana,Covishield
28497,27148,55645,30571,25074,Himachal Pradesh,Covishield
39795,6410,46205,40163,6042,Jammu and Kashmir,Covishield
6112,19864,25976,24367,1609,Jharkhand,Covishield
46003,40153,86156,6755,79401,Karnataka,Covishield
24092,10848,34940,20274,14666,Kerala,Covishield
28647,2069,30716,15239,15477,Lakshadweep,Covishield
22908,42582,65490,20157,45333,Ladakh,Covishield
22906,22361,45267,22342,22925,Madhya Pradesh,Covishield
33132,15040,48172,13171,35001,Maharashtra,Covishield
6533,39642,46175,18296,27879,Manipur,Covishield
28541,10360,38901,23274,15627,Meghalaya,Covishield
40047,41118,81165,15129,66036,Mizoram,Covishield
19849,39267,59116,47422,11694,Nagaland,Covishield
10773,6585,17358,7327,10031,Odisha,Covishield
46183,25027,71210,39364,31846,Puducherry,Covishield
47613,34063,81676,56259,25417,Punjab,Covishield
36152,27695,63847,39160,24687,Rajasthan,Covishield
22423,3832,26255,19261,6994,Sikkim,Covishield
37468,11207,48675,15170,33505,Tamil Nadu,Covishield
30879,45593,76472,73433,3039,Telengana,Covishield
22128,6357,28485,15269,13216,Tripura,Covishield
37915,17600,55515,26854,28661,Uttarakhand,Covishield
6055,2309,8364,6481,1883,Uttar Pradesh,Covishield
23350,8588,31938,26695,5243,West Bengal,Covishield
14992,20184,35176,28324,6852,Andhra Pradesh,Covishield
22004,37116,59120,30379,28741,Andaman and Nicobar Islands,Covishield
48385,28978,77363,6313,71050,Arunachal Pradesh,Covishield
21232,34928,56160,49708,6452,Assam,Covishield
5081,17942,23023,18554,4469,Bihar,Covishield
32126,38587,70713,52885,17828,Chandigarh,Covishield
24495,15138,39633,13704,25929,Chhattisgarh,Covishield
34855,18040,52895,25345,27550,Dadra and Nagar Haveli and Daman and Diu,Covishield
31563,42118,73681,69229,4452,Delhi,Covishield
32755,14809,47564,15082,32482,Goa,Covishield
31214,32589,63803,45942,17861,Gujarat,Covishield
5560,33073,38633,8481,30152,Haryana,Covishield
3259,15551,18810,11917,6893,Himachal Pradesh,Covishield
16958,20863,37821,19609,18212,Jammu and Kashmir,Covishield
23112,35410,58522,26256,32266,Jharkhand,Covishield
1713,18531,20244,17518,2726,Karnataka,Covishield
35489,12149,47638,40923,6715,Kerala,Covishield
27607,36226,63833,60933,2900,Lakshadweep,Covishield
9513,19466,28979,10030,18949,Ladakh,Covishield
29732,15613,45345,40997,4348,Madhya Pradesh,Covishield
13493,40329,53822,27200,26622,Maharashtra,Covishield
7480,2863,10343,8148,2195,Manipur,Covishield
47792,26962,74754,49039,25715,Meghalaya,Covishield
15466,29821,45287,43964,1323,Mizoram,Covishield
10389,2451,12840,12756,84,Nagaland,Covishield
5257,12345,17602,11667,5935,Odisha,Covishield
35065,20166,55231,48435,6796,Puducherry,Covishield
7794,44214,52008,22931,29077,Punjab,Covishield
5342,36643,41985,7151,34834,Rajasthan,Covishield
24373,41320,65693,34545,31148,Sikkim,Covishield
35972,26100,62072,62047,25,Tamil Nadu,Covishield
38693,48248,86941,29836,57105,Telengana,Covishield
40967,3635,44602,36032,8570,Tripura,Covishield
21114,29709,50823,48277,2546,Uttarakhand,Covishield
42445,18981,61426,47912,13514,Uttar Pradesh,Covishield
15176,49799,64975,16289,48686,West Bengal,Covishield
46183,38228,84411,76962,7449,Andhra Pradesh,Covishield
33672,43326,76998,35510,41488,Andaman and Nicobar Islands,Covishield
15901,16415,32316,8028,24288,Arunachal Pradesh,Covishield
23984,47870,71854,36125,35729,Assam,Covishield
47222,41277,88499,31813,56686,Bihar,Covishield
28679,16773,45452,5419,40033,Chandigarh,Covishield
4311,48661,52972,19501,33471,Chhattisgarh,Covishield
34925,31859,66784,33730,33054,Dadra and Nagar Haveli and Daman and Diu,Covishield
20666,23445,44111,34219,9892,Delhi,Covishield
47926,36159,84085,11333,72752,Goa,Covishield
47574,5663,53237,43248,9989,Gujarat,Covishield
11348,35957,47305,34796,12509,Haryana,Covishield
38907,46883,85790,18106,67684,Himachal Pradesh,Covishield
27377,16799,44176,39175,5001,Jammu and Kashmir,Covishield
38682,35501,74183,61403,12780,Jharkhand,Covishield
8971,2047,11018,5231,5787,Karnataka,Covishield
33524,20299,53823,40996,12827,Kerala,Covishield
31081,3482,34563,32680,1883,Lakshadweep,Covishield
32202,31706,63908,8893,55015,Ladakh,Covishield
6165,39058,45223,35525,9698,Madhya Pradesh,Covishield
28985,48875,77860,13499,64361,Maharashtra,Covishield
48219,43885,92104,77026,15078,Manipur,Covishield
5170,7809,12979,5669,7310,Meghalaya,Covishield
7537,36075,43612,18226,25386,Mizoram,Covishield
10607,37298,47905,27294,20611,Nagaland,Covishield
34585,15664,50249,18069,32180,Odisha,Covishield
34347,12402,46749,37835,8914,Puducherry,Covishield
6733,25339,32072,26489,5583,Punjab,Covishield
39259,33178,72437,67287,5150,Rajasthan,Covishield
27419,40603,68022,26737,41285,Sikkim,Covishield
20897,47130,68027,15828,52199,Tamil Nadu,Covishield
25516,2269,27785,6403,21382,Telengana,Covishield
24216,27446,51662,14960,36702,Tripura,Covishield
27361,41560,68921,61654,7267,Uttarakhand,Covishield
4018,1926,5944,5671,273,Uttar Pradesh,Covishield
3314,7332,10646,5381,5265,West Bengal,Covishield
27330,6306,33636,7791,25845,Andhra Pradesh,Covishield
33615,20746,54361,8483,45878,Andaman and Nicobar Islands,Covishield
38962,37500,76462,14469,61993,Arunachal Pradesh,Covishield
44798,31761,76559,39124,37435,Assam,Covishield
28244,43858,72102,24068,48034,Bihar,Covishield
11577,47298,58875,14317,44558,Chandigarh,Covishield
13637,8783,22420,14166,8254,Chhattisgarh,Covishield
4943,47683,52626,37836,14790,Dadra and Nagar Haveli and Daman and Diu,Covishield
14012,35489,49501,19484,30017,Delhi,Covishield
40603,10693,51296,38005,13291,Goa,Covishield
23151,20768,43919,23179,20740,Gujarat,Covishield
23721,32641,56362,53415,2947,Haryana,Covishield
21878,43108,64986,51793,13193,Himachal Pradesh,Covishield
20164,12983,33147,24505,8642,Jammu and Kashmir,Covishield
10329,19385,29714,27748,1966,Jharkhand,Covishield
40336,7631,47967,29397,18570,Karnataka,Covishield
18963,6465,25428,11836,13592,Kerala,Covishield
7191,35761,42952,10262,32690,Lakshadweep,Covishield
25117,38130,63247,15142,48105,Ladakh,Covishield
25143,23516,48659,15185,33474,Madhya Pradesh,Covishield
16459,47146,63605,50537,13068,Maharashtra,Covishield
7535,36138,43673,8974,34699,Manipur,Covishield
18566,1736,20302,12329,7973,Meghalaya,Covishield
34632,24747,59379,34894,24485,Mizoram,Covishield
38831,7788,46619,12397,34222,Nagaland,Covishield
48157,33206,81363,74894,6469,Odisha,Covishield
13966,41086,55052,52994,2058,Puducherry,Covishield
19049,45774,64823,57749,7074,Punjab,Covishield
44600,12659,57259,47577,9682,Rajasthan,Covishield
32181,37830,70011,59582,10429,Sikkim,Covishield
8081,2645,10726,8802,1924,Tamil Nadu,Covishield
23706,23898,47604,43923,3681,Telengana,Covishield
47215,23036,70251,60824,9427,Tripura,Covishield
10918,14075,24993,6882,18111,Uttarakhand,Covishield
15026,43085,58111,32221,25890,Uttar Pradesh,Covishield
21366,35894,57260,53703,3557,West Bengal,Covishield
23220,41043,64263,20692,43571,Andhra Pradesh,Covishield
35822,27634,63456,32413,31043,Andaman and Nicobar Islands,Covishield
32533,47727,80260,45869,34391,Arunachal Pradesh,Covishield
10270,15876,26146,12364,13782,Assam,Covishield
31741,41345,73086,5486,67600,Bihar,Covishield
36832,37506,74338,46690,27648,Chandigarh,Covishield
32549,2004,34553,24245,10308,Chhattisgarh,Covishield
12254,41154,53408,14335,39073,Dadra and Nagar Haveli and Daman and Diu,Covishield
2325,47990,50315,28297,22018,Delhi,Covishield
31572,4238,35810,14311,21499,Goa,Covishield
21590,5677,27267,20037,7230,Gujarat,Covishield
48887,48037,96924,64238,32686,Haryana,Covishield
26556,22821,49377,31838,17539,Himachal Pradesh,Covishield
3920,8281,12201,10036,2165,Jammu and Kashmir,Covishield
11635,37012,48647,9403,39244,Jharkhand,Covishield
15052,45632,60684,13047,47637,Karnataka,Covishield
20949,3076,24025,6839,17186,Kerala,Covishield
42379,2639,45018,13212,31806,Lakshadweep,Covishield
23930,23983,47913,12993,34920,Ladakh,Covishield
46119,20080,66199,43181,23018,Madhya Pradesh,Covishield
18379,45014,63393,14488,48905,Maharashtra,Covishield
17014,39202,56216,39975,16241,Manipur,Covishield
28366,6632,34998,19882,15116,Meghalaya,Covishield
18462,47769,66231,13791,52440,Mizoram,Covishield
32178,20804,52982,31036,21946,Nagaland,Covishield
17765,44292,62057,61326,731,Odisha,Covishield
6671,12076,18747,11410,7337,Puducherry,Covishield
48168,18356,66524,35175,31349,Punjab,Covishield
7359,31936,39295,8704,30591,Rajasthan,Covishield
31509,26587,58096,38419,19677,Sikkim,Covishield
8764,8736,17500,8098,9402,Tamil Nadu,Covishield
43140,12790,55930,23424,32506,Telengana,Covishield
13384,36742,50126,45214,4912,Tripura,Covishield
32503,45182,77685,75972,1713,Uttarakhand,Covishield
33257,21486,54743,14798,39945,Uttar Pradesh,Covishield
12395,33131,45526,6954,38572,West Bengal,Covishield
25922,49256,75178,61154,14024,Andhra Pradesh,Covishield
48847,17587,66434,52709,13725,Andaman and Nicobar Islands,Covishield
42517,36491,79008,25201,53807,Arunachal Pradesh,Covishield
13789,42160,55949,7023,48926,Assam,Covishield
2801,32089,34890,22065,12825,Bihar,Covishield
7373,13672,21045,20055,990,Chandigarh,Covishield
12881,23949,36830,15010,21820,Chhattisgarh,Covishield
31075,33439,64514,40696,23818,Dadra and Nagar Haveli and Daman and Diu,Covishield
11970,22674,34644,16746,17898,Delhi,Covishield
9315,40786,50101,34767,15334,Goa,Covishield
32575,5373,37948,11837,26111,Gujarat,Covishield
11006,36943,47949,22987,24962,Haryana,Covishield
17590,23424,41014,6673,34341,Himachal Pradesh,Covishield
4668,24596,29264,22651,6613,Jammu and Kashmir,Covishield
43604,22166,65770,33234,32536,Jharkhand,Covishield
33536,8439,41975,28647,13328,Karnataka,Covishield
12204,46892,59096,43976,15120,Kerala,Covishield
34977,15927,50904,24238,26666,Lakshadweep,Covishield
40733,12011,52744,11126,41618,Ladakh,Covishield
6666,31501,38167,11602,26565,Madhya Pradesh,Covishield
15642,43878,59520,57145,2375,Maharashtra,Covishield
6608,9097,15705,8861,6844,Manipur,Covishield
42867,27670,70537,7076,63461,Meghalaya,Covishield
21182,45323,66505,27013,39492,Mizoram,Covishield
14490,41251,55741,11234,44507,Nagaland,Covishield
36941,26881,63822,46974,16848,Odisha,Covishield
21734,11755,33489,10639,22850,Puducherry,Covishield
47983,9687,57670,22341,35329,Punjab,Covishield
5545,24300,29845,8002,21843,Rajasthan,Covishield
25462,44891,70353,54259,16094,Sikkim,Covishield
21364,31804,53168,22839,30329,Tamil Nadu,Covishield
38053,2922,40975,10166,30809,Telengana,Covishield
42991,45739,88730,11831,76899,Tripura,Covishield
5072,1661,6733,5437,1296,Uttarakhand,Covishield
33315,38640,71955,42431,29524,Uttar Pradesh,Covishield
8485,36333,44818,9216,35602,West Bengal,Covishield
11845,40721,52566,41251,11315,Andhra Pradesh,Covishield
7159,40186,47345,15427,31918,Andaman and Nicobar Islands,Covishield
22449,39940,62389,30820,31569,Arunachal Pradesh,Covishield
13670,9547,23217,7790,15427,Assam,Covishield
25550,11039,36589,15565,21024,Bihar,Covishield
10414,3998,14412,13897,515,Chandigarh,Covishield
43518,31353,74871,64872,9999,Chhattisgarh,Covishield
49599,39289,88888,53790,35098,Dadra and Nagar Haveli and Daman and Diu,Covishield
10371,25463,35834,12052,23782,Delhi,Covishield
31938,49395,81333,26850,54483,Goa,Covishield
49110,45779,94889,74961,19928,Gujarat,Covishield
45042,45737,90779,31019,59760,Haryana,Covishield
25023,45582,70605,18546,52059,Himachal Pradesh,Covishield
46258,29343,75601,18490,57111,Jammu and Kashmir,Covishield
30645,7308,37953,6630,31323,Jharkhand,Covishield
21867,31875,53742,21015,32727,Karnataka,Covishield
14657,39231,53888,22305,31583,Kerala,Covishield
12686,3596,16282,14831,1451,Lakshadweep,Covishield
9211,22147,31358,30442,916,Ladakh,Covishield
23754,39270,63024,28531,34493,Madhya Pradesh,Covishield
47631,33056,80687,36577,44110,Maharashtra,Covishield
20188,7053,27241,13460,13781,Manipur,Covishield
33737,35264,69001,66798,2203,Meghalaya,Covishield
15796,7798,23594,16585,7009,Mizoram,Covishield
49534,41496,91030,59056,31974,Nagaland,Covishield
46883,49639,96522,63126,33396,Odisha,Covishield
29350,41871,71221,32184,39037,Puducherry,Covishield
26116,42074,68190,18202,49988,Punjab,Covishield
10499,45685,56184,55771,413,Rajasthan,Covishield
17438,21201,38639,10459,28180,Sikkim,Covishield
27213,28804,56017,32325,23692,Tamil Nadu,Covishield
30946,30461,61407,13801,47606,Telengana,Covishield
21173,46676,67849,10668,57181,Tripura,Covishield
14007,43788,57795,41832,15963,Uttarakhand,Covishield
29353,39208,68561,57273,11288,Uttar Pradesh,Covishield
30202,21977,52179,12586,39593,West Bengal,Covishield
2177,21920,24097,22518,1579,Andhra Pradesh,Covishield
23641,37838,61479,60859,620,Andaman and Nicobar Islands,Covishield
35402,9357,44759,26579,18180,Arunachal Pradesh,Covishield
37070,26142,63212,19141,44071,Assam,Covishield
3455,24222,27677,18911,8766,Bihar,Covishield
19976,9454,29430,11863,17567,Chandigarh,Covishield
32628,11900,44528,7091,37437,Chhattisgarh,Covishield
1756,34572,36328,6022,30306,Dadra and Nagar Haveli and Daman and Diu,Covishield
40197,32242,72439,30859,41580,Delhi,Covishield
44953,35233,80186,53257,26929,Goa,Covishield
21361,9938,31299,22506,8793,Gujarat,Covishield
25367,24129,49496,13058,36438,Haryana,Covishield
6479,10582,17061,13958,3103,Himachal Pradesh,Covishield
38139,12462,50601,47177,3424,Jammu and Kashmir,Covishield
24406,30212,54618,35650,18968,Jharkhand,Covishield
7412,22600,30012,27622,2390,Karnataka,Covishield
6289,34950,41239,5375,35864,Kerala,Covishield
3927,14840,18767,7838,10929,Lakshadweep,Covishield
43195,19707,62902,20824,42078,Ladakh,Covishield
29056,10223,39279,9673,29606,Madhya Pradesh,Covishield
2666,18125,20791,10293,10498,Maharashtra,Covishield
8071,39006,47077,29273,17804,Manipur,Covishield
7303,22086,29389,11297,18092,Meghalaya,Covishield
49825,24267,74092,64944,9148,Mizoram,Covishield
41117,8614,49731,37560,12171,Nagaland,Covishield
36781,48951,85732,82732,3000,Odisha,Covishield
48354,14051,62405,19483,42922,Puducherry,Covishield
38155,6980,45135,18639,26496,Punjab,Covishield
24323,14306,38629,20150,18479,Rajasthan,Covishield
29073,16296,45369,33146,12223,Sikkim,Covishield
39628,12943,52571,21165,31406,Tamil Nadu,Covishield
41332,45623,86955,65370,21585,Telengana,Covishield
5637,2655,8292,7919,373,Tripura,Covishield
24991,47173,72164,6805,65359,Uttarakhand,Covishield
33769,30513,64282,37898,26384,Uttar Pradesh,Covishield
49321,27149,76470,28219,48251,West Bengal,Covishield
39116,48580,87696,85430,2266,Andhra Pradesh,Covishield
39939,45868,85807,38870,46937,Andaman and Nicobar Islands,Covishield
5358,31419,36777,12293,24484,Arunachal Pradesh,Covishield
28555,31112,59667,23812,35855,Assam,Covishield
8036,44535,52571,31398,21173,Bihar,Covishield
7784,48713,56497,21652,34845,Chandigarh,Covishield
32354,11734,44088,43622,466,Chhattisgarh,Covishield
8351,15502,23853,22352,1501,Dadra and Nagar Haveli and Daman and Diu,Covishield
26051,42930,68981,66469,2512,Delhi,Covishield
20768,36204,56972,52468,4504,Goa,Covishield
31829,42122,73951,69200,4751,Gujarat,Covishield
19072,39231,58303,57444,859,Haryana,Covishield
13147,4509,17656,16657,999,Himachal Pradesh,Covishield
32394,29554,61948,27530,34418,Jammu and Kashmir,Covishield
39337,13089,52426,37432,14994,Jharkhand,Covishield
47164,44345,91509,79666,11843,Karnataka,Covishield
3409,38823,42232,28299,13933,Kerala,Covishield
47372,44796,92168,54344,37824,Lakshadweep,Covishield
12665,40320,52985,41114,11871,Ladakh,Covishield
46783,28052,74835,27667,47168,Madhya Pradesh,Covishield
43353,6305,49658,40016,9642,Maharashtra,Covishield
16834,16055,32889,16020,16869,Manipur,Covishield
18316,34378,52694,41566,11128,Meghalaya,Covishield
38298,46709,85007,53577,31430,Mizoram,Covishield
33470,19876,53346,51493,1853,Nagaland,Covishield
29748,26455,56203,33625,22578,Odisha,Covishield
43675,40158,83833,12178,71655,Puducherry,Covishield
17929,7040,24969,8774,16195,Punjab,Covishield
33969,3090,37059,22806,14253,Rajasthan,Covishield
9788,3979,13767,8636,5131,Sikkim,Covishield
6795,9660,16455,9800,6655,Tamil Nadu,Covishield
26180,35870,62050,35303,26747,Telengana,Covishield
48127,20056,68183,61692,6491,Tripura,Covishield
19486,17381,36867,7767,29100,Uttarakhand,Covishield
1616,45918,47534,17554,29980,Uttar Pradesh,Covishield
39963,42807,82770,51528,31242,West Bengal,Covishield
28055,29910,57965,11160,46805,Andhra Pradesh,Covishield
24331,30613,54944,28246,26698,Andaman and Nicobar Islands,Covishield
12688,21246,33934,25591,8343,Arunachal Pradesh,Covishield
16678,1540,18218,16914,1304,Assam,Covishield
29283,31341,60624,26333,34291,Bihar,Covishield
21321,2471,23792,23171,621,Chandigarh,Covishield
27261,33747,61008,37294,23714,Chhattisgarh,Covishield
19211,12272,31483,15503,15980,Dadra and Nagar Haveli and Daman and Diu,Covishield
42320,40061,82381,59964,22417,Delhi,Covishield
34044,13379,47423,30454,16969,Goa,Covishield
25399,12582,37981,26799,11182,Gujarat,Covishield
37111,37136,74247,73761,486,Haryana,Covishield
39996,45916,85912,64573,21339,Himachal Pradesh,Covishield
27967,18719,46686,29774,16912,Jammu and Kashmir,Covishield
25264,44645,69909,18976,50933,Jharkhand,Covishield
4237,14478,18715,18219,496,Karnataka,Covishield
20755,26537,47292,31038,16254,Kerala,Covishield
18987,36848,55835,25708,30127,Lakshadweep,Covishield
15423,4212,19635,7273,12362,Ladakh,Covishield
19220,33408,52628,42119,10509,Madhya Pradesh,Covishield
48124,17096,65220,30396,34824,Maharashtra,Covishield
30247,29244,59491,18019,41472,Manipur,Covishield
39338,38245,77583,61912,15671,Meghalaya,Covishield
28273,33920,62193,54579,7614,Mizoram,Covishield
23123,2022,25145,10042,15103,Nagaland,Covishield
28173,26268,54441,34178,20263,Odisha,Covishield
21553,23498,45051,34208,10843,Puducherry,Covishield
22068,21056,43124,7893,35231,Punjab,Covishield
9927,24868,34795,20425,14370,Rajasthan,Covishield
9736,31204,40940,22249,18691,Sikkim,Covishield
42641,7072,49713,45760,3953,Tamil Nadu,Covishield
34861,3886,38747,6841,31906,Telengana,Covishield
21992,33241,55233,23472,31761,Tripura,Covishield
16172,39257,55429,30328,25101,Uttarakhand,Covishield
24248,39695,63943,20384,43559,Uttar Pradesh,Covishield
8560,23848,32408,13299,19109,West Bengal,Covishield
10137,9069,19206,6081,13125,Andhra Pradesh,Covishield
4307,31380,35687,27114,8573,Andaman and Nicobar Islands,Covishield
22189,35463,57652,9087,48565,Arunachal Pradesh,Covishield
34346,27007,61353,43353,18000,Assam,Covishield
36097,8432,44529,25711,18818,Bihar,Covishield
42515,10883,53398,19278,34120,Chandigarh,Covishield
42770,26018,68788,12554,56234,Chhattisgarh,Covishield
13597,15329,28926,9259,19667,Dadra and Nagar Haveli and Daman and Diu,Covishield
39906,13800,53706,20009,33697,Delhi,Covishield
22744,49498,72242,36017,36225,Goa,Covishield
44549,22310,66859,11610,55249,Gujarat,Covishield
17978,12582,30560,21599,8961,Haryana,Covishield
2417,14503,16920,10669,6251,Himachal Pradesh,Covishield
21851,37694,59545,14244,45301,Jammu and Kashmir,Covishield
38976,41385,80361,7879,72482,Jharkhand,Covishield
41003,19925,60928,6578,54350,Karnataka,Covishield
39276,32591,71867,44852,27015,Kerala,Covishield
26666,2995,29661,11158,18503,Lakshadweep,Covishield
18217,10863,29080,28844,236,Ladakh,Covishield
43292,1929,45221,5333,39888,Madhya Pradesh,Covishield
14677,30751,45428,32820,12608,Maharashtra,Covishield
34731,26392,61123,14532,46591,Manipur,Covishield
3852,48924,52776,20991,31785,Meghalaya,Covishield
11563,30056,41619,26138,15481,Mizoram,Covishield
14739,45789,60528,45762,14766,Nagaland,Covishield
33569,18411,51980,5371,46609,Odisha,Covishield
26693,34129,60822,59908,914,Puducherry,Covishield
34786,7104,41890,36722,5168,Punjab,Covishield
39473,21823,61296,6147,55149,Rajasthan,Covishield
42010,42950,84960,18887,66073,Sikkim,Covishield
11668,11449,23117,5214,17903,Tamil Nadu,Covishield
48093,30528,78621,62233,16388,Telengana,Covishield
2957,18960,21917,20313,1604,Tripura,Covishield
4504,15634,20138,9466,10672,Uttarakhand,Covishield
25795,27333,53128,6115,47013,Uttar Pradesh,Covishield
10423,18675,29098,19604,9494,West Bengal,Covishield
24309,5727,30036,7560,22476,Andhra Pradesh,Covishield
20527,3073,23600,15172,8428,Andaman and Nicobar Islands,Covishield
45036,33211,78247,38880,39367,Arunachal Pradesh,Covishield
1814,26012,27826,9059,18767,Assam,Covishield
31777,17178,48955,17117,31838,Bihar,Covishield
12567,15596,28163,21792,6371,Chandigarh,Covishield
10393,17430,27823,21553,6270,Chhattisgarh,Covishield
46139,5393,51532,32052,19480,Dadra and Nagar Haveli and Daman and Diu,Covishield
22960,21360,44320,43077,1243,Delhi,Covishield
38158,11600,49758,37187,12571,Goa,Covishield
46585,13372,59957,6760,53197,Gujarat,Covishield
26423,39267,65690,47991,17699,Haryana,Covishield
33837,2266,36103,22754,13349,Himachal Pradesh,Covishield
11471,45776,57247,23417,33830,Jammu and Kashmir,Covishield
18623,35384,54007,10188,43819,Jharkhand,Covishield
29372,33797,63169,31951,31218,Karnataka,Covishield
39844,22017,61861,27755,34106,Kerala,Covishield
5799,46889,52688,13205,39483,Lakshadweep,Covishield
32132,38465,70597,41860,28737,Ladakh,Covishield
12794,5282,18076,13782,4294,Madhya Pradesh,Covishield
4973,29999,34972,5726,29246,Maharashtra,Covishield
23851,3966,27817,19869,7948,Manipur,Covishield
38576,40570,79146,41232,37914,Meghalaya,Covishield
25277,48666,73943,57196,16747,Mizoram,Covishield
46605,15110,61715,60512,1203,Nagaland,Covishield
19653,19970,39623,23033,16590,Odisha,Covishield
17277,12675,29952,25251,4701,Puducherry,Covishield
19086,23025,42111,14083,28028,Punjab,Covishield
1855,27841,29696,17401,12295,Rajasthan,Covishield
45396,36813,82209,55292,26917,Sikkim,Covishield
45982,27140,73122,56751,16371,Tamil Nadu,Covishield
41734,28419,70153,49122,21031,Telengana,Covishield
34787,34797,69584,8820,60764,Tripura,Covishield
25826,17834,43660,10643,33017,Uttarakhand,Covishield
20724,45694,66418,59525,6893,Uttar Pradesh,Covishield
11456,42463,53919,42275,11644,West Bengal,Covishield
4807,33815,38622,34551,4071,Andhra Pradesh,Covishield
23976,43290,67266,16887,50379,Andaman and Nicobar Islands,Covishield
39596,48522,88118,38940,49178,Arunachal Pradesh,Covishield
29158,10471,39629,15455,24174,Assam,Covishield
22418,2225,24643,15819,8824,Bihar,Covishield
24550,19903,44453,9510,34943,Chandigarh,Covishield
4277,29442,33719,14636,19083,Chhattisgarh,Covishield
17169,20010,37179,8844,28335,Dadra and Nagar Haveli and Daman and Diu,Covishield
18324,40940,59264,52972,6292,Delhi,Covishield
5616,49222,54838,35740,19098,Goa,Covishield
44356,3219,47575,40190,7385,Gujarat,Covishield
26791,8927,35718,6684,29034,Haryana,Covishield
27510,4665,32175,18046,14129,Himachal Pradesh,Covishield
27674,7394,35068,8559,26509,Jammu and Kashmir,Covishield
10589,40751,51340,27105,24235,Jharkhand,Covishield
26251,22800,49051,11151,37900,Karnataka,Covishield
33461,40151,73612,50855,22757,Kerala,Covishield
9943,25626,35569,12069,23500,Lakshadweep,Covishield
8596,45615,54211,8337,45874,Ladakh,Covishield
33789,23560,57349,24007,33342,Madhya Pradesh,Covishield
25924,36016,61940,27709,34231,Maharashtra,Covishield
36795,14555,51350,35599,15751,Manipur,Covishield
19622,11790,31412,21732,9680,Meghalaya,Covishield
9732,38630,48362,6917,41445,Mizoram,Covishield
2984,28856,31840,23831,8009,Nagaland,Covishield
24380,26351,50731,19445,31286,Odisha,Covishield
33081,40724,73805,69239,4566,Puducherry,Covishield
40700,32702,73402,36484,36918,Punjab,Covishield
39361,10222,49583,14622,34961,Rajasthan,Covishield
38388,35807,74195,56429,17766,Sikkim,Covishield
25353,40241,65594,19023,46571,Tamil Nadu,Covishield
29467,9434,38901,26566,12335,Telengana,Covishield
42939,33046,75985,27105,48880,Tripura,Covishield
41482,27665,69147,64395,4752,Uttarakhand,Covishield
33081,37780,70861,38498,32363,Uttar Pradesh,Covishield
49163,14088,63251,34806,28445,West Bengal,Covishield
9514,34634,44148,36974,7174,Andhra Pradesh,Covishield
20975,18832,39807,30128,9679,Andaman and Nicobar Islands,Covishield
16630,46265,62895,30220,32675,Arunachal Pradesh,Covishield
28471,40862,69333,59899,9434,Assam,Covishield
29893,3038,32931,16526,16405,Bihar,Covishield
34719,1783,36502,20872,15630,Chandigarh,Covishield
28056,10821,38877,25719,13158,Chhattisgarh,Covishield
46035,7324,53359,9389,43970,Dadra and Nagar Haveli and Daman and Diu,Covishield
29727,27015,56742,18194,38548,Delhi,Covishield
1917,27779,29696,26908,2788,Goa,Covishield
36482,2777,39259,9564,29695,Gujarat,Covishield
26052,18659,44711,39007,5704,Haryana,Covishield
25619,10552,36171,7565,28606,Himachal Pradesh,Covishield
16649,12739,29388,23854,5534,Jammu and Kashmir,Covishield
33840,47319,81159,22074,59085,Jharkhand,Covishield
45661,25890,71551,36836,34715,Karnataka,Covishield
25732,42897,68629,13238,55391,Kerala,Covishield
39348,23075,62423,27569,34854,Lakshadweep,Covishield
28751,1945,30696,22359,8337,Ladakh,Covishield
21890,7708,29598,18420,11178,Madhya Pradesh,Covishield
1616,38847,40463,21805,18658,Maharashtra,Covishield
35880,12080,47960,38380,9580,Manipur,Covishield
47137,16567,63704,34856,28848,Meghalaya,Covishield
29986,41531,71517,62156,9361,Mizoram,Covishield
16142,43891,60033,16817,43216,Nagaland,Covishield
8472,4968,13440,8532,4908,Odisha,Covishield
12636,29635,42271,20845,21426,Puducherry,Covishield
49832,26349,76181,24305,51876,Punjab,Covishield
12963,20160,33123,22336,10787,Rajasthan,Covishield
31329,46968,78297,61877,16420,Sikkim,Covishield
13508,48005,61513,5439,56074,Tamil Nadu,Covishield
33398,49684,83082,71366,11716,Telengana,Covishield
2037,23173,25210,8944,16266,Tripura,Covishield
27075,30167,57242,44965,12277,Uttarakhand,Covishield
46021,10525,56546,24417,32129,Uttar Pradesh,Covishield
2020,10904,12924,11061,1863,West Bengal,Covishield
28567,32942,61509,57160,4349,Andhra Pradesh,Covishield
33287,37617,70904,20568,50336,Andaman and Nicobar Islands,Covishield
17702,21809,39511,12097,27414,Arunachal Pradesh,Covishield
13394,36794,50188,37818,12370,Assam,Covishield
48540,41983,90523,24776,65747,Bihar,Covishield
49622,36159,85781,85324,457,Chandigarh,Covishield
36432,19855,56287,13702,42585,Chhattisgarh,Covishield
15299,9048,24347,8722,15625,Dadra and Nagar Haveli and Daman and Diu,Covishield
11918,9426,21344,8687,12657,Delhi,Covishield
5852,22156,28008,9332,18676,Goa,Covishield
3036,4928,7964,5145,2819,Gujarat,Covishield
13238,3332,16570,13551,3019,Haryana,Covishield
35869,36332,72201,32825,39376,Himachal Pradesh,Covishield
19092,31241,50333,26588,23745,Jammu and Kashmir,Covishield
6146,32069,38215,37515,700,Jharkhand,Covishield
32980,12215,45195,8900,36295,Karnataka,Covishield
38820,31605,70425,30494,39931,Kerala,Covishield
27594,34822,62416,50607,11809,Lakshadweep,Covishield
29658,2453,32111,13564,18547,Ladakh,Covishield
31830,12195,44025,19982,24043,Madhya Pradesh,Covishield
37852,15945,53797,5836,47961,Maharashtra,Covishield
11301,23551,34852,28611,6241,Manipur,Covishield
9842,31120,40962,20025,20937,Meghalaya,Covishield
29423,11691,41114,20312,20802,Mizoram,Covishield
26206,47371,73577,32955,40622,Nagaland,Covishield
16035,18600,34635,28470,6165,Odisha,Covishield
16923,19269,36192,29663,6529,Puducherry,Covishield
24748,14930,39678,8413,31265,Punjab,Covishield
6953,24331,31284,22277,9007,Rajasthan,Covishield
9959,34604,44563,34524,10039,Sikkim,Covishield
14789,19705,34494,33071,1423,Tamil Nadu,Covishield
27863,6394,34257,33750,507,Telengana,Covishield
12138,26568,38706,20071,18635,Tripura,Covishield
16706,25811,42517,39758,2759,Uttarakhand,Covishield
30967,4715,35682,15975,19707,Uttar Pradesh,Covishield
43762,24900,68662,10863,57799,West Bengal,Covishield
30943,33409,64352,56667,7685,Andhra Pradesh,Covishield
30000,35993,65993,20900,45093,Andaman and Nicobar Islands,Covishield
13776,8984,22760,10111,12649,Arunachal Pradesh,Covishield
48557,36000,84557,16795,67762,Assam,Covishield
47530,41382,88912,40086,48826,Bihar,Covishield
29331,14003,43334,26368,16966,Chandigarh,Covishield
16516,30566,47082,40474,6608,Chhattisgarh,Covishield
16898,35869,52767,9761,43006,Dadra and Nagar Haveli and Daman and Diu,Covishield
8694,20516,29210,23829,5381,Delhi,Covishield
30707,25226,55933,37710,18223,Goa,Covishield
47124,38307,85431,57135,28296,Gujarat,Covishield
16797,38825,55622,5790,49832,Haryana,Covishield
38926,5063,43989,19084,24905,Himachal Pradesh,Covishield
3347,3634,6981,5431,1550,Jammu and Kashmir,Covishield
45928,19205,65133,9585,55548,Jharkhand,Covishield
17322,43245,60567,14243,46324,Karnataka,Covishield
23890,38884,62774,55858,6916,Kerala,Covishield
33355,27016,60371,12071,48300,Lakshadweep,Covishield
33999,33483,67482,17846,49636,Ladakh,Covishield
30815,40475,71290,11918,59372,Madhya Pradesh,Covishield
5764,3441,9205,7006,2199,Maharashtra,Covishield
46566,48577,95143,35838,59305,Manipur,Covishield
38235,11289,49524,8362,41162,Meghalaya,Covishield
26615,5520,32135,11865,20270,Mizoram,Covishield
32794,15350,48144,39291,8853,Nagaland,Covishield
47238,7279,54517,50439,4078,Odisha,Covishield
25083,6148,31231,11510,19721,Puducherry,Covishield
47323,13984,61307,55220,6087,Punjab,Covishield
46508,29363,75871,44087,31784,Rajasthan,Covishield
11470,35052,46522,36250,10272,Sikkim,Covishield
26503,43894,70397,59093,11304,Tamil Nadu,Covishield
44044,38321,82365,56539,25826,Telengana,Covishield
18576,34820,53396,9333,44063,Tripura,Covishield
18088,38035,56123,9210,46913,Uttarakhand,Covishield
41369,16674,58043,30370,27673,Uttar Pradesh,Covishield
13747,16373,30120,28647,1473,West Bengal,Covishield
34772,18110,52882,48208,4674,Andhra Pradesh,Covishield
3137,42655,45792,14973,30819,Andaman and Nicobar Islands,Covishield
46466,18543,65009,6723,58286,Arunachal Pradesh,Covishield
20042,43368,63410,14653,48757,Assam,Covishield
6834,17144,23978,20469,3509,Bihar,Covishield
49609,21357,70966,57138,13828,Chandigarh,Covishield
10195,35302,45497,21582,23915,Chhattisgarh,Covishield
12006,46351,58357,24387,33970,Dadra and Nagar Haveli and Daman and Diu,Covishield
42953,17632,60585,51387,9198,Delhi,Covishield
16362,35078,51440,40746,10694,Goa,Covishield
9155,13131,22286,12387,9899,Gujarat,Covishield
26165,47687,73852,48919,24933,Haryana,Covishield
5852,9068,14920,7402,7518,Himachal Pradesh,Covishield
5617,46266,51883,18671,33212,Jammu and Kashmir,Covishield
9483,36884,46367,6467,39900,Jharkhand,Covishield
39573,10099,49672,39710,9962,Karnataka,Covishield
41008,34280,75288,56487,18801,Kerala,Covishield
38402,24776,63178,44329,18849,Lakshadweep,Covishield
28553,24114,52667,26904,25763,Ladakh,Covishield
2844,20762,23606,6597,17009,Madhya Pradesh,Covishield
28604,30715,59319,41710,17609,Maharashtra,Covishield
47355,28179,75534,47464,28070,Manipur,Covishield
13302,46538,59840,37094,22746,Meghalaya,Covishield
30177,35970,66147,14773,51374,Mizoram,Covishield
28037,39251,67288,60398,6890,Nagaland,Covishield
4830,29910,34740,16915,17825,Odisha,Covishield
7824,26980,34804,17387,17417,Puducherry,Covishield
33556,45183,78739,53594,25145,Punjab,Covishield
25340,30008,55348,15924,39424,Rajasthan,Covishield
48980,33978,82958,44959,37999,Sikkim,Covishield
28344,36816,65160,48239,16921,Tamil Nadu,Covishield
7121,5418,12539,6811,5728,Telengana,Covishield
8210,34043,42253,28190,14063,Tripura,Covishield
27943,21725,49668,41843,7825,Uttarakhand,Covishield
2979,19507,22486,10957,11529,Uttar Pradesh,Covishield
3966,4754,8720,7405,1315,West Bengal,Covishield
15250,28098,43348,14238,29110,Andhra Pradesh,Covishield
2700,8991,11691,7980,3711,Andaman and Nicobar Islands,Covishield
37285,9984,47269,16211,31058,Arunachal Pradesh,Covishield
23494,3130,26624,22024,4600,Assam,Covishield
18762,10295,29057,10999,18058,Bihar,Covishield
44888,17687,62575,6094,56481,Chandigarh,Covishield
6233,11569,17802,17630,172,Chhattisgarh,Covishield
44885,8790,53675,35526,18149,Dadra and Nagar Haveli and Daman and Diu,Covishield
48811,35931,84742,33520,51222,Delhi,Covishield
31101,17004,48105,36627,11478,Goa,Covishield
41801,7632,49433,10350,39083,Gujarat,Covishield
46943,10731,57674,9824,47850,Haryana,Covishield
36879,26315,63194,46053,17141,Himachal Pradesh,Covishield
43366,33229,76595,75400,1195,Jammu and Kashmir,Covishield
27882,5499,33381,13465,19916,Jharkhand,Covishield
8397,28859,37256,34739,2517,Karnataka,Covishield
49659,33901,83560,22172,61388,Kerala,Covishield
3633,41179,44812,29564,15248,Lakshadweep,Covishield
35995,3140,39135,31611,7524,Ladakh,Covishield
27002,21215,48217,25345,22872,Madhya Pradesh,Covishield
18394,41255,59649,40463,19186,Maharashtra,Covishield
5018,42221,47239,37686,9553,Manipur,Covishield
1971,41690,43661,15672,27989,Meghalaya,Covishield
6745,36230,42975,24377,18598,Mizoram,Covishield
15076,43501,58577,40329,18248,Nagaland,Covishield
31104,27978,59082,52827,6255,Odisha,Covishield
42535,22549,65084,23471,41613,Puducherry,Covishield
35884,23901,59785,25109,34676,Punjab,Covishield
36306,5834,42140,16574,25566,Rajasthan,Covishield
47374,20974,68348,61659,6689,Sikkim,Covishield
33857,6934,40791,36474,4317,Tamil Nadu,Covishield
26776,18653,45429,44407,1022,Telengana,Covishield
12998,16982,29980,26434,3546,Tripura,Covishield
9701,30771,40472,22321,18151,Uttarakhand,Covishield
9443,40595,50038,16712,33326,Uttar Pradesh,Covishield
47035,30065,77100,20726,56374,West Bengal,Covishield
14052,32915,46967,38215,8752,Andhra Pradesh,Covishield
42206,16612,58818,30467,28351,Andaman and Nicobar Islands,Covishield
3792,37805,41597,22815,18782,Arunachal Pradesh,Covishield
10194,14037,24231,23145,1086,Assam,Covishield
21541,1523,23064,17843,5221,Bihar,Covishield
25028,25736,50764,23834,26930,Chandigarh,Covishield
12098,48411,60509,24845,35664,Chhattisgarh,Covishield
37439,18522,55961,36253,19708,Dadra and Nagar Haveli and Daman and Diu,Covishield
36433,11417,47850,31664,16186,Delhi,Covishield
9841,23901,33742,15786,17956,Goa,Covishield
37411,13846,51257,14998,36259,Gujarat,Covishield
28290,22150,50440,32958,17482,Haryana,Covishield
36346,38973,75319,20049,55270,Himachal Pradesh,Covishield
25099,4600,29699,6043,23656,Jammu and Kashmir,Covishield
43579,33079,76658,75372,1286,Jharkhand,Covishield
32830,2231,35061,16477,18584,Karnataka,Covishield
37202,3558,40760,15164,25596,Kerala,Covishield
48644,9514,58158,43185,14973,Lakshadweep,Covishield
15410,32721,48131,6844,41287,Ladakh,Covishield
17911,16839,34750,20352,14398,Madhya Pradesh,Covishield
21964,32987,54951,14637,40314,Maharashtra,Covishield
40748,14001,54749,19321,35428,Manipur,Covishield
47888,39796,87684,12117,75567,Meghalaya,Covishield
29392,9362,38754,38090,664,Mizoram,Covishield
25559,47062,72621,47030,25591,Nagaland,Covishield
12634,32182,44816,17350,27466,Odisha,Covishield
9247,13239,22486,19226,3260,Puducherry,Covishield
4436,7450,11886,7058,4828,Punjab,Covishield
42849,48110,90959,16820,74139,Rajasthan,Covishield
34498,28834,63332,27097,36235,Sikkim,Covishield
30430,24046,54476,10890,43586,Tamil Nadu,Covishield
46821,19614,66435,50827,15608,Telengana,Covishield
47669,24595,72264,54610,17654,Tripura,Covishield
23904,29965,53869,34940,18929,Uttarakhand,Covishield
6259,11534,17793,17179,614,Uttar Pradesh,Covishield
40682,26505,67187,29030,38157,West Bengal,Covishield
26952,23136,50088,5538,44550,Andhra Pradesh,Covishield
10870,23491,34361,31281,3080,Andaman and Nicobar Islands,Covishield
43240,17374,60614,5837,54777,Arunachal Pradesh,Covishield
48906,32926,81832,13870,67962,Assam,Covishield
17436,41110,58546,13385,45161,Bihar,Covishield
39618,25662,65280,45290,19990,Chandigarh,Covishield
20395,18509,38904,36804,2100,Chhattisgarh,Covishield
27973,11665,39638,30947,8691,Dadra and Nagar Haveli and Daman and Diu,Covishield
22482,39737,62219,57302,4917,Delhi,Covishield
8501,21588,30089,18857,11232,Goa,Covishield
31639,7356,38995,26018,12977,Gujarat,Covishield
29859,14727,44586,22833,21753,Haryana,Covishield
28750,39362,68112,21332,46780,Himachal Pradesh,Covishield
39527,6707,46234,17504,28730,Jammu and Kashmir,Covishield
25644,15067,40711,25925,14786,Jharkhand,Covishield
2215,33218,35433,6341,29092,Karnataka,Covishield
3001,30594,33595,19549,14046,Kerala,Covishield
18847,24516,43363,35498,7865,Lakshadweep,Covishield
10700,34228,44928,33040,11888,Ladakh,Covishield
4157,42032,46189,14069,32120,Madhya Pradesh,Covishield
20199,22218,42417,39485,2932,Maharashtra,Covishield
40291,45552,85843,75019,10824,Manipur,Covishield
28642,5972,34614,17998,16616,Meghalaya,Covishield
41004,19051,60055,27294,32761,Mizoram,Covishield
5218,14123,19341,5795,13546,Nagaland,Covishield
41413,6877,48290,29997,18293,Odisha,Covishield
34119,36115,70234,36951,33283,Puducherry,Covishield
39887,19138,59025,25428,33597,Punjab,Covishield
49194,38113,87307,7872,79435,Rajasthan,Covishield
46052,12160,58212,22392,35820,Sikkim,Covishield
13360,46909,60269,5201,55068,Tamil Nadu,Covishield
41961,39960,81921,75758,6163,Telengana,Covishield
17870,14636,32506,30265,2241,Tripura,Covishield
38178,44460,82638,42609,40029,Uttarakhand,Covishield
33581,13710,47291,6314,40977,Uttar Pradesh,Covishield
26836,10580,37416,11383,26033,West Bengal,Covishield
5727,6262,11989,8692,3297,Andhra Pradesh,Covishield
17477,22397,39874,18207,21667,Andaman and Nicobar Islands,Covishield
7586,25072,32658,16369,16289,Arunachal Pradesh,Covishield
20860,22870,43730,35225,8505,Assam,Covishield
28548,35705,64253,61592,2661,Bihar,Covishield
29652,4041,33693,12419,21274,Chandigarh,Covishield
22883,47402,70285,36193,34092,Chhattisgarh,Covishield
35845,12984,48829,26971,21858,Dadra and Nagar Haveli and Daman and Diu,Covishield
33882,27286,61168,5619,55549,Delhi,Covishield
36131,35232,71363,51132,20231,Goa,Covishield
22171,19518,41689,37772,3917,Gujarat,Covishield
15605,36759,52364,16492,35872,Haryana,Covishield
29304,3117,32421,27712,4709,Himachal Pradesh,Covishield
11035,4929,15964,14334,1630,Jammu and Kashmir,Covishield
12848,34464,47312,26020,21292,Jharkhand,Covishield
5911,30159,36070,19624,16446,Karnataka,Covishield
49891,36368,86259,66212,20047,Kerala,Covishield
22744,35005,57749,51435,6314,Lakshadweep,Covishield
38781,18417,57198,12692,44506,Ladakh,Covishield
15712,32362,48074,38425,9649,Madhya Pradesh,Covishield
38566,47926,86492,11219,75273,Maharashtra,Covishield
21820,12891,34711,28507,6204,Manipur,Covishield
41330,18045,59375,21410,37965,Meghalaya,Covishield
5646,25253,30899,23273,7626,Mizoram,Covishield
14253,9651,23904,10150,13754,Nagaland,Covishield
28951,14167,43118,33095,10023,Odisha,Covishield
7230,48355,55585,34072,21513,Puducherry,Covishield
17394,47682,65076,10626,54450,Punjab,Covishield
35124,4009,39133,33631,5502,Rajasthan,Covishield
3682,3631,7313,5993,1320,Sikkim,Covishield
45327,8700,54027,51162,2865,Tamil Nadu,Covishield
9647,18059,27706,5946,21760,Telengana,Covishield
44899,42556,87455,62983,24472,Tripura,Covishield
33234,33545,66779,13304,53475,Uttarakhand,Covishield
49179,2062,51241,40584,10657,Uttar Pradesh,Covishield
49367,28994,78361,26980,51381,West Bengal,Covishield
44488,19068,63556,50250,13306,Andhra Pradesh,Covishield
45437,7764,53201,26535,26666,Andaman and Nicobar Islands,Covishield
46188,18011,64199,30785,33414,Arunachal Pradesh,Covishield
35186,29481,64667,13283,51384,Assam,Covishield
38667,33364,72031,53534,18497,Bihar,Covishield
40314,22420,62734,12900,49834,Chandigarh,Covishield
43025,8635,51660,39195,12465,Chhattisgarh,Covishield
21980,48766,70746,48790,21956,Dadra and Nagar Haveli and Daman and Diu,Covishield
4968,49764,54732,26542,28190,Delhi,Covishield
17393,40484,57877,30756,27121,Goa,Covishield
36596,15976,52572,48020,4552,Gujarat,Covishield
3972,40333,44305,12641,31664,Haryana,Covishield
17668,13005,30673,18378,12295,Himachal Pradesh,Covishield
5591,41178,46769,46677,92,Jammu and Kashmir,Covishield
7745,29384,37129,23774,13355,Jharkhand,Covishield
30568,42659,73227,34172,39055,Karnataka,Covishield
48223,37756,85979,73411,12568,Kerala,Covishield
39394,20019,59413,48478,10935,Lakshadweep,Covishield
3982,4436,8418,8298,120,Ladakh,Covishield
28140,23153,51293,13034,38259,Madhya Pradesh,Covishield
31700,43791,75491,25871,49620,Maharashtra,Covishield
3181,36531,39712,27990,11722,Manipur,Covishield
23160,15978,39138,27829,11309,Meghalaya,Covishield
20461,48743,69204,60882,8322,Mizoram,Covishield
34291,21530,55821,5858,49963,Nagaland,Covishield
35722,29474,65196,58817,6379,Odisha,Covishield
28803,3536,32339,28480,3859,Puducherry,Covishield
14428,17432,31860,31820,40,Punjab,Covishield
4394,38291,42685,12789,29896,Rajasthan,Covishield
44890,38605,83495,54129,29366,Sikkim,Covishield
14247,33017,47264,5426,41838,Tamil Nadu,Covishield
18642,18543,37185,33001,4184,Telengana,Covishield
9962,2927,12889,10435,2454,Tripura,Covishield
45875,30931,76806,47206,29600,Uttarakhand,Covishield
27278,31378,58656,14777,43879,Uttar Pradesh,Covishield
28658,22729,51387,30382,21005,West Bengal,Covishield
18595,45461,64056,25130,38926,Andhra Pradesh,Covishield
14582,25373,39955,9858,30097,Andaman and Nicobar Islands,Covishield
41795,27678,69473,7537,61936,Arunachal Pradesh,Covishield
2524,45486,48010,9038,38972,Assam,Covishield
12480,42753,55233,47621,7612,Bihar,Covishield
17167,32479,49646,11223,38423,Chandigarh,Covishield
14232,27591,41823,28522,13301,Chhattisgarh,Covishield
1853,12655,14508,13215,1293,Dadra and Nagar Haveli and Daman and Diu,Covishield
4801,13270,18071,17461,610,Delhi,Covishield
25481,34340,59821,36964,22857,Goa,Covishield
18571,30546,49117,11680,37437,Gujarat,Covishield
20849,29432,50281,40617,9664,Haryana,Covishield
31973,36153,68126,29878,38248,Himachal Pradesh,Covishield
10570,11633,22203,11978,10225,Jammu and Kashmir,Covishield
24496,39066,63562,35260,28302,Jharkhand,Covishield
45121,7811,52932,7314,45618,Karnataka,Covishield
29826,8987,38813,7232,31581,Kerala,Covishield
7242,22044,29286,14217,15069,Lakshadweep,Covishield
15466,37136,52602,23011,29591,Ladakh,Covishield
25906,31868,57774,20074,37700,Madhya Pradesh,Covishield
9707,33334,43041,14952,28089,Maharashtra,Covishield
31182,39688,70870,62986,7884,Manipur,Covishield
45183,4933,50116,20825,29291,Meghalaya,Covishield
42724,6014,48738,42201,6537,Mizoram,Covishield
30666,47988,78654,14689,63965,Nagaland,Covishield
17589,37823,55412,49903,5509,Odisha,Covishield
42684,35928,78612,67175,11437,Puducherry,Covishield
15409,29341,44750,42880,1870,Punjab,Covishield
27964,32959,60923,13259,47664,Rajasthan,Covishield
25744,31273,57017,14468,42549,Sikkim,Covishield
12571,35086,47657,35922,11735,Tamil Nadu,Covishield
49771,43137,92908,30783,62125,Telengana,Covishield
30874,32188,63062,44318,18744,Tripura,Covishield
15888,18594,34482,29731,4751,Uttarakhand,Covishield
2058,12329,14387,6479,7908,Uttar Pradesh,Covishield
47454,45922,93376,40471,52905,West Bengal,Covishield
36041,40839,76880,39027,37853,Andhra Pradesh,Covishield
19777,36950,56727,46925,9802,Andaman and Nicobar Islands,Covishield
47290,11333,58623,8044,50579,Arunachal Pradesh,Covishield
18943,47122,66065,38362,27703,Assam,Covishield
32865,23479,56344,18384,37960,Bihar,Covishield
40612,35276,75888,23608,52280,Chandigarh,Covishield
12201,5402,17603,9499,8104,Chhattisgarh,Covishield
16203,47649,63852,44915,18937,Dadra and Nagar Haveli and Daman and Diu,Covishield
28605,33609,62214,59783,2431,Delhi,Covishield
17590,41294,58884,52785,6099,Goa,Covishield
3986,49574,53560,21182,32378,Gujarat,Covishield
39278,7657,46935,15114,31821,Haryana,Covishield
4837,37147,41984,16286,25698,Himachal Pradesh,Covishield
48973,16936,65909,18605,47304,Jammu and Kashmir,Covishield
47974,20508,68482,25476,43006,Jharkhand,Covishield
33982,35904,69886,45807,24079,Karnataka,Covishield
15280,15346,30626,21158,9468,Kerala,Covishield
42783,40709,83492,12850,70642,Lakshadweep,Covishield
43227,40298,83525,68607,14918,Ladakh,Covishield
10622,26728,37350,24414,12936,Madhya Pradesh,Covishield
35383,43201,78584,20915,57669,Maharashtra,Covishield
23527,27889,51416,42637,8779,Manipur,Covishield
9134,27367,36501,21865,14636,Meghalaya,Covishield
33433,48161,81594,7311,74283,Mizoram,Covishield
32057,40144,72201,30494,41707,Nagaland,Covishield
19839,41118,60957,10918,50039,Odisha,Covishield
16288,36563,52851,8635,44216,Puducherry,Covishield
7333,19953,27286,26477,809,Punjab,Covishield
7891,12008,19899,19343,556,Rajasthan,Covishield
29791,48354,78145,56579,21566,Sikkim,Covishield
29795,15101,44896,34177,10719,Tamil Nadu,Covishield
25694,42090,67784,49963,17821,Telengana,Covishield
12868,10612,23480,20296,3184,Tripura,Covishield
6752,8382,15134,5990,9144,Uttarakhand,Covishield
43605,24067,67672,14326,53346,Uttar Pradesh,Covishield
19540,20300,39840,29407,10433,West Bengal,Covishield
18703,43997,62700,44294,18406,Andhra Pradesh,Covishield
20788,46294,67082,17050,50032,Andaman and Nicobar Islands,Covishield
33288,39144,72432,35559,36873,Arunachal Pradesh,Covishield
35862,16499,52361,22417,29944,Assam,Covishield
33579,6217,39796,15000,24796,Bihar,Covishield
42049,12058,54107,27716,26391,Chandigarh,Covishield
29684,49932,79616,36476,43140,Chhattisgarh,Covishield
14490,12970,27460,14301,13159,Dadra and Nagar Haveli and Daman and Diu,Covishield
11006,8426,19432,10596,8836,Delhi,Covishield
15907,16451,32358,18458,13900,Goa,Covishield
2063,32892,34955,26863,8092,Gujarat,Covishield
5524,14341,19865,11851,8014,Haryana,Covishield
13741,37365,51106,31518,19588,Himachal Pradesh,Covishield
9854,44057,53911,40564,13347,Jammu and Kashmir,Covishield
48300,20094,68394,43990,24404,Jharkhand,Covishield
7235,11534,18769,5527,13242,Karnataka,Covishield
46777,7909,54686,27638,27048,Kerala,Covishield
9688,27312,37000,17814,19186,Lakshadweep,Covishield
46980,8986,55966,27643,28323,Ladakh,Covishield
22108,8284,30392,23661,6731,Madhya Pradesh,Covishield
42444,25584,68028,16847,51181,Maharashtra,Covishield
43433,26490,69923,69548,375,Manipur,Covishield
19879,28796,48675,34321,14354,Meghalaya,Covishield
32055,12144,44199,30783,13416,Mizoram,Covishield
6075,34914,40989,24469,16520,Nagaland,Covishield
31603,28728,60331,60052,279,Odisha,Covishield
15606,42678,58284,23650,34634,Puducherry,Covishield
43646,49610,93256,86781,6475,Punjab,Covishield
33558,19743,53301,41303,11998,Rajasthan,Covishield
30093,12386,42479,19061,23418,Sikkim,Covishield
5860,46759,52619,47717,4902,Tamil Nadu,Covishield
10050,35818,45868,21664,24204,Telengana,Covishield
45565,27926,73491,53067,20424,Tripura,Covishield
34340,23447,57787,37769,20018,Uttarakhand,Covishield
32538,21468,54006,36496,17510,Uttar Pradesh,Covishield
1646,29069,30715,22710,8005,West Bengal,Covishield
2755,29429,32184,26190,5994,Andhra Pradesh,Covishield
18763,20657,39420,8299,31121,Andaman and Nicobar Islands,Covishield
39050,41618,80668,8576,72092,Arunachal Pradesh,Covishield
30185,20018,50203,42450,7753,Assam,Covishield
24571,47090,71661,5449,66212,Bihar,Covishield
18473,7626,26099,13888,12211,Chandigarh,Covishield
38109,19275,57384,25816,31568,Chhattisgarh,Covishield
6792,40091,46883,8007,38876,Dadra and Nagar Haveli and Daman and Diu,Covishield
10591,28394,38985,26243,12742,Delhi,Covishield
10097,32308,42405,38249,4156,Goa,Covishield
39899,19241,59140,41677,17463,Gujarat,Covishield
9448,46880,56328,6767,49561,Haryana,Covishield
23209,49270,72479,69598,2881,Himachal Pradesh,Covishield
9114,44543,53657,14978,38679,Jammu and Kashmir,Covishield
25649,41482,67131,34502,32629,Jharkhand,Covishield
19437,12361,31798,11389,20409,Karnataka,Covishield
30680,37528,68208,37101,31107,Kerala,Covishield
1907,49831,51738,51727,11,Lakshadweep,Covishield
25715,17098,42813,19807,23006,Ladakh,Covishield
44494,32431,76925,42345,34580,Madhya Pradesh,Covishield
23253,26568,49821,5372,44449,Maharashtra,Covishield
15515,43642,59157,22220,36937,Manipur,Covishield
14476,16048,30524,30407,117,Meghalaya,Covishield
36606,15701,52307,35048,17259,Mizoram,Covishield
12908,48215,61123,48295,12828,Nagaland,Covishield
28370,5266,33636,26250,7386,Odisha,Covishield
30264,47373,77637,35791,41846,Puducherry,Covishield
49193,42154,91347,85840,5507,Punjab,Covishield
22654,41716,64370,10206,54164,Rajasthan,Covishield
40267,14167,54434,38430,16004,Sikkim,Covishield
22572,22482,45054,38229,6825,Tamil Nadu,Covishield
22880,7303,30183,17516,12667,Telengana,Covishield
42666,21311,63977,21540,42437,Tripura,Covishield
4253,47153,51406,41306,10100,Uttarakhand,Covishield
24910,24928,49838,19949,29889,Uttar Pradesh,Covishield
10222,7455,17677,8576,9101,West Bengal,Covishield
32679,44091,76770,54885,21885,Andhra Pradesh,Covishield
44517,6298,50815,39108,11707,Andaman and Nicobar Islands,Covishield
6389,21246,27635,25068,2567,Arunachal Pradesh,Covishield
17012,49830,66842,25410,41432,Assam,Covishield
41914,30082,71996,52991,19005,Bihar,Covishield
31255,49684,80939,37253,43686,Chandigarh,Covishield
18752,48559,67311,5730,61581,Chhattisgarh,Covishield
23320,46990,70310,38980,31330,Dadra and Nagar Haveli and Daman and Diu,Covishield
46671,31493,78164,38900,39264,Delhi,Covishield
32627,22114,54741,7328,47413,Goa,Covishield
5806,15901,21707,6244,15463,Gujarat,Covishield
11845,43289,55134,49948,5186,Haryana,Covishield
49409,11084,60493,19307,41186,Himachal Pradesh,Covishield
27631,36017,63648,30009,33639,Jammu and Kashmir,Covishield
37928,28915,66843,12659,54184,Jharkhand,Covishield
20659,46470,67129,56589,10540,Karnataka,Covishield
14838,11410,26248,12812,13436,Kerala,Covishield
2241,15269,17510,5533,11977,Lakshadweep,Covishield
24709,18452,43161,42887,274,Ladakh,Covishield
21714,46337,68051,20175,47876,Madhya Pradesh,Covishield
35405,30304,65709,47049,18660,Maharashtra,Covishield
38355,4067,42422,5109,37313,Manipur,Covishield
38368,25038,63406,63065,341,Meghalaya,Covishield
10171,40490,50661,24251,26410,Mizoram,Covishield
39266,9002,48268,31687,16581,Nagaland,Covishield
35366,11117,46483,40064,6419,Odisha,Covishield
39348,13783,53131,32885,20246,Puducherry,Covishield
28690,39960,68650,56287,12363,Punjab,Covishield
43869,15470,59339,26109,33230,Rajasthan,Covishield
15823,11075,26898,16732,10166,Sikkim,Covishield
28104,4858,32962,10907,22055,Tamil Nadu,Covishield
23327,36279,59606,7893,51713,Telengana,Covishield
37661,17565,55226,9779,45447,Tripura,Covishield
27091,20225,47316,7685,39631,Uttarakhand,Covishield
4241,2363,6604,5827,777,Uttar Pradesh,Covishield
17554,42942,60496,33525,26971,West Bengal,Covishield
2207,34304,36511,5582,30929,Andhra Pradesh,Covishield
2145,39362,41507,10579,30928,Andaman and Nicobar Islands,Covishield
36073,41668,77741,74009,3732,Arunachal Pradesh,Covishield
30964,3569,34533,8660,25873,Assam,Covishield
11140,14621,25761,22262,3499,Bihar,Covishield
10268,37152,47420,37477,9943,Chandigarh,Covishield
11871,19194,31065,11496,19569,Chhattisgarh,Covishield
26941,22953,49894,41161,8733,Dadra and Nagar Haveli and Daman and Diu,Covishield
2684,13281,15965,13007,2958,Delhi,Covishield
13335,20839,34174,18367,15807,Goa,Covishield
14378,13081,27459,15366,12093,Gujarat,Covishield
39086,20762,59848,21623,38225,Haryana,Covishield
25607,11235,36842,31456,5386,Himachal Pradesh,Covishield
26383,49858,76241,35700,40541,Jammu and Kashmir,Covishield
49158,2788,51946,50752,1194,Jharkhand,Covishield
8661,30453,39114,37841,1273,Karnataka,Covishield
7967,20379,28346,8709,19637,Kerala,Covishield
6251,23941,30192,19920,10272,Lakshadweep,Covishield
24216,25921,50137,8470,41667,Ladakh,Covishield
11180,25329,36509,29681,6828,Madhya Pradesh,Covishield
42185,4776,46961,9319,37642,Maharashtra,Covishield
2704,39448,42152,10202,31950,Manipur,Covishield
19906,34430,54336,16715,37621,Meghalaya,Covishield
2185,27638,29823,27400,2423,Mizoram,Covishield
14885,47522,62407,10947,51460,Nagaland,Covishield
49826,21502,71328,65338,5990,Odisha,Covishield
19020,35414,54434,5172,49262,Puducherry,Covishield
35516,34569,70085,49160,20925,Punjab,Covishield
32544,10186,42730,42141,589,Rajasthan,Covishield
23432,47359,70791,42327,28464,Sikkim,Covishield
37502,6164,43666,18918,24748,Tamil Nadu,Covishield
41038,46976,88014,77961,10053,Telengana,Covishield
43601,14516,58117,12836,45281,Tripura,Covishield
26879,18357,45236,26528,18708,Uttarakhand,Covishield
39447,31602,71049,38859,32190,Uttar Pradesh,Covishield
31580,25182,56762,39449,17313,West Bengal,Covishield
45381,49512,94893,61382,33511,Andhra Pradesh,Covishield
15510,22205,37715,13827,23888,Andaman and Nicobar Islands,Covishield
1648,34646,36294,5312,30982,Arunachal Pradesh,Covishield
19946,18400,38346,32833,5513,Assam,Covishield
7281,29429,36710,35744,966,Bihar,Covishield
48016,6674,54690,13394,41296,Chandigarh,Covishield
18681,39776,58457,31655,26802,Chhattisgarh,Covishield
47462,13222,60684,36564,24120,Dadra and Nagar Haveli and Daman and Diu,Covishield
29009,7722,36731,9616,27115,Delhi,Covishield
6280,40177,46457,21021,25436,Goa,Covishield
41777,49740,91517,12202,79315,Gujarat,Covishield
45080,26057,71137,55078,16059,Haryana,Covishield
45565,41895,87460,19073,68387,Himachal Pradesh,Covishield
5164,47807,52971,40797,12174,Jammu and Kashmir,Covishield
4960,9746,14706,8725,5981,Jharkhand,Covishield
4103,16166,20269,10768,9501,Karnataka,Covishield
35072,48375,83447,69142,14305,Kerala,Covishield
42839,34868,77707,71577,6130,Lakshadweep,Covishield
19342,25837,45179,21651,23528,Ladakh,Covishield
45454,15844,61298,7752,53546,Madhya Pradesh,Covishield
1795,45265,47060,45227,1833,Maharashtra,Covishield
14522,26820,41342,9938,31404,Manipur,Covishield
28627,22309,50936,47136,3800,Meghalaya,Covishield
23703,4843,28546,17698,10848,Mizoram,Covishield
41314,4554,45868,39833,6035,Nagaland,Covishield
3355,2508,5863,5720,143,Odisha,Covishield
25768,7210,32978,32363,615,Puducherry,Covishield
20972,43592,64564,33776,30788,Punjab,Covishield
45033,49570,94603,47639,46964,Rajasthan,Covishield
3361,49767,53128,49567,3561,Sikkim,Covishield
23808,26432,50240,28817,21423,Tamil Nadu,Covishield
6541,31598,38139,24024,14115,Telengana,Covishield
1650,43489,45139,22799,22340,Tripura,Covishield
42153,6837,48990,16336,32654,Uttarakhand,Covishield
31064,45729,76793,5645,71148,Uttar Pradesh,Covishield
46579,15907,62486,49108,13378,West Bengal,Covishield
14040,8362,22402,9100,13302,Andhra Pradesh,Covishield
9413,10192,19605,12828,6777,Andaman and Nicobar Islands,Covishield
26123,29307,55430,46091,9339,Arunachal Pradesh,Covishield
24025,37924,61949,16910,45039,Assam,Covishield
35892,45839,81731,23610,58121,Bihar,Covishield
3245,27059,30304,5950,24354,Chandigarh,Covishield
29345,46962,76307,71768,4539,Chhattisgarh,Covishield
33224,30461,63685,43364,20321,Dadra and Nagar Haveli and Daman and Diu,Covishield
45874,10543,56417,48993,7424,Delhi,Covishield
7568,37239,44807,25774,19033,Goa,Covishield
3050,37785,40835,38643,2192,Gujarat,Covishield
14941,3305,18246,9971,8275,Haryana,Covishield
4409,28329,32738,8070,24668,Himachal Pradesh,Covishield
6263,13144,19407,6182,13225,Jammu and Kashmir,Covishield
36702,13158,49860,43409,6451,Jharkhand,Covishield
33887,3688,37575,32321,5254,Karnataka,Covishield
29362,16837,46199,18817,27382,Kerala,Covishield
18058,9883,27941,5342,22599,Lakshadweep,Covishield
31301,23224,54525,45600,8925,Ladakh,Covishield
46134,36649,82783,16371,66412,Madhya Pradesh,Covishield
36023,19718,55741,5099,50642,Maharashtra,Covishield
22801,7365,30166,18218,11948,Manipur,Covishield
41800,18479,60279,21433,38846,Meghalaya,Covishield
33205,15176,48381,46408,1973,Mizoram,Covishield
47849,49936,97785,76447,21338,Nagaland,Covishield
17091,18025,35116,19910,15206,Odisha,Covishield
21136,12185,33321,13749,19572,Puducherry,Covishield
2669,27510,30179,17915,12264,Punjab,Covishield
13871,44120,57991,5842,52149,Rajasthan,Covishield
34538,3578,38116,9499,28617,Sikkim,Covishield
28542,22702,51244,19239,32005,Tamil Nadu,Covishield
21343,12151,33494,9948,23546,Telengana,Covishield
19690,29927,49617,30491,19126,Tripura,Covishield
26337,13254,39591,22082,17509,Uttarakhand,Covishield
38909,26805,65714,27534,38180,Uttar Pradesh,Covishield
31762,30950,62712,52574,10138,West Bengal,Covishield
37834,25602,63436,32050,31386,Andhra Pradesh,Covishield
7041,45273,52314,27730,24584,Andaman and Nicobar Islands,Covishield
18114,29162,47276,10524,36752,Arunachal Pradesh,Covishield
4543,47779,52322,8265,44057,Assam,Covishield
44403,42629,87032,6713,80319,Bihar,Covishield
44050,4461,48511,48416,95,Chandigarh,Covishield
22584,15094,37678,12726,24952,Chhattisgarh,Covishield
16856,10016,26872,24475,2397,Dadra and Nagar Haveli and Daman and Diu,Covishield
27325,22444,49769,20304,29465,Delhi,Covishield
14096,34591,48687,5528,43159,Goa,Covishield
17307,14063,31370,15026,16344,Gujarat,Covishield
17304,43288,60592,30389,30203,Haryana,Covishield
39888,44723,84611,83671,940,Himachal Pradesh,Covishield
6749,40995,47744,11034,36710,Jammu and Kashmir,Covishield
8436,11981,20417,12939,7478,Jharkhand,Covishield
12113,31992,44105,43205,900,Karnataka,Covishield
32731,17153,49884,14913,34971,Kerala,Covishield
5775,5088,10863,9519,1344,Lakshadweep,Covishield
3191,4448,7639,5554,2085,Ladakh,Covishield
37512,23774,61286,20412,40874,Madhya Pradesh,Covishield
17950,5488,23438,9745,13693,Maharashtra,Covishield
17059,30474,47533,43453,4080,Manipur,Covishield
32882,18240,51122,25925,25197,Meghalaya,Covishield
7102,7944,15046,8276,6770,Mizoram,Covishield
25379,11928,37307,19998,17309,Nagaland,Covishield
25142,10728,35870,11944,23926,Odisha,Covishield
12870,10994,23864,13836,10028,Puducherry,Covishield
20520,36997,57517,10889,46628,Punjab,Covishield
17950,49044,66994,9909,57085,Rajasthan,Covishield
22604,14628,37232,22719,14513,Sikkim,Covishield
28189,35099,63288,44304,18984,Tamil Nadu,Covishield
43244,14627,57871,43016,14855,Telengana,Covishield
9730,24461,34191,19048,15143,Tripura,Covishield
32842,29007,61849,58160,3689,Uttarakhand,Covishield
32286,2383,34669,14799,19870,Uttar Pradesh,Covishield
9834,47098,56932,18128,38804,West Bengal,Covishield
9747,9196,18943,18546,397,Andhra Pradesh,Covishield
40122,10495,50617,9695,40922,Andaman and Nicobar Islands,Covishield
10773,23324,34097,24238,9859,Arunachal Pradesh,Covishield
15414,27865,43279,33988,9291,Assam,Covishield
24472,46294,70766,45456,25310,Bihar,Covishield
40955,38327,79282,5314,73968,Chandigarh,Covishield
48180,38947,87127,7262,79865,Chhattisgarh,Covishield
18376,24087,42463,38417,4046,Dadra and Nagar Haveli and Daman and Diu,Covishield
10427,48437,58864,36568,22296,Delhi,Covishield
47001,13716,60717,8277,52440,Goa,Covishield
25112,41296,66408,43966,22442,Gujarat,Covishield
38926,12835,51761,28974,22787,Haryana,Covishield
30177,20311,50488,19785,30703,Himachal Pradesh,Covishield
38413,14508,52921,15141,37780,Jammu and Kashmir,Covishield
9495,19451,28946,18021,10925,Jharkhand,Covishield
28318,34019,62337,49037,13300,Karnataka,Covishield
11618,10929,22547,6999,15548,Kerala,Covishield
14292,45349,59641,19622,40019,Lakshadweep,Covishield
11338,42714,54052,51524,2528,Ladakh,Covishield
46573,25587,72160,68165,3995,Madhya Pradesh,Covishield
32378,39100,71478,66593,4885,Maharashtra,Covishield
43212,5399,48611,46900,1711,Manipur,Covishield
43212,22642,65854,49173,16681,Meghalaya,Covishield
29794,24635,54429,18022,36407,Mizoram,Covishield
32317,40456,72773,27890,44883,Nagaland,Covishield
34498,5523,40021,9866,30155,Odisha,Covishield
7193,16101,23294,8616,14678,Puducherry,Covishield
11031,38077,49108,39193,9915,Punjab,Covishield
35556,35500,71056,68671,2385,Rajasthan,Covishield
42557,11613,54170,7136,47034,Sikkim,Covishield
16057,16580,32637,19485,13152,Tamil Nadu,Covishield
49309,34120,83429,55810,27619,Telengana,Covishield
5416,49792,55208,32687,22521,Tripura,Covishield
26450,40938,67388,66581,807,Uttarakhand,Covishield
30561,34611,65172,43706,21466,Uttar Pradesh,Covishield
34593,9065,43658,43315,343,West Bengal,Covishield
9486,49356,58842,40738,18104,Andhra Pradesh,Covishield
34485,36509,70994,32005,38989,Andaman and Nicobar Islands,Covishield
25289,33551,58840,51154,7686,Arunachal Pradesh,Covishield
2989,33858,36847,21866,14981,Assam,Covishield
3454,5175,8629,6532,2097,Bihar,Covishield
14307,14084,28391,25344,3047,Chandigarh,Covishield
30965,40100,71065,48412,22653,Chhattisgarh,Covishield
8993,36857,45850,8476,37374,Dadra and Nagar Haveli and Daman and Diu,Covishield
21442,24887,46329,45968,361,Delhi,Covishield
47303,33592,80895,42343,38552,Goa,Covishield
35115,32792,67907,58443,9464,Gujarat,Covishield
48820,2158,50978,22875,28103,Haryana,Covishield
32678,11951,44629,7943,36686,Himachal Pradesh,Covishield
47259,38641,85900,35153,50747,Jammu and Kashmir,Covishield
40595,46423,87018,31095,55923,Jharkhand,Covishield
4299,6576,10875,7736,3139,Karnataka,Covishield
3597,22768,26365,10486,15879,Kerala,Covishield
3077,15784,18861,12461,6400,Lakshadweep,Covishield
37127,16437,53564,12570,40994,Ladakh,Covishield
14386,48607,62993,52337,10656,Madhya Pradesh,Covishield
3691,35218,38909,21461,17448,Maharashtra,Covishield
14133,9850,23983,9030,14953,Manipur,Covishield
30866,25155,56021,35328,20693,Meghalaya,Covishield
40048,18294,58342,14668,43674,Mizoram,Covishield
13216,7309,20525,15347,5178,Nagaland,Covishield
8208,12780,20988,14646,6342,Odisha,Covishield
46500,29162,75662,12108,63554,Puducherry,Covishield
45241,11987,57228,28340,28888,Punjab,Covishield
20143,9838,29981,22034,7947,Rajasthan,Covishield
21766,44056,65822,59868,5954,Sikkim,Covishield
8821,5730,14551,13519,1032,Tamil Nadu,Covishield
39789,20241,60030,28226,31804,Telengana,Covishield
33682,39380,73062,49959,23103,Tripura,Covishield
30090,13014,43104,13617,29487,Uttarakhand,Covishield
19395,48191,67586,7928,59658,Uttar Pradesh,Covishield
21906,15302,37208,17000,20208,West Bengal,Covishield
37530,49176,86706,45188,41518,Andhra Pradesh,Covishield
48218,23160,71378,62512,8866,Andaman and Nicobar Islands,Covishield
36749,10323,47072,7885,39187,Arunachal Pradesh,Covishield
2512,39697,42209,14329,27880,Assam,Covishield
27760,28069,55829,7315,48514,Bihar,Covishield
21254,22674,43928,11992,31936,Chandigarh,Covishield
11288,34825,46113,33631,12482,Chhattisgarh,Covishield
43547,21746,65293,15456,49837,Dadra and Nagar Haveli and Daman and Diu,Covishield
44037,12670,56707,12437,44270,Delhi,Covishield
47238,4219,51457,40191,11266,Goa,Covishield
46722,15756,62478,12819,49659,Gujarat,Covishield
14114,13972,28086,7355,20731,Haryana,Covishield
26350,13949,40299,24900,15399,Himachal Pradesh,Covishield
13808,13734,27542,24126,3416,Jammu and Kashmir,Covishield
41342,27294,68636,61689,6947,Jharkhand,Covishield
4810,46887,51697,49178,2519,Karnataka,Covishield
24101,47906,72007,19319,52688,Kerala,Covishield
26739,1538,28277,17330,10947,Lakshadweep,Covishield
26584,15095,41679,12424,29255,Ladakh,Covishield
14684,6804,21488,14769,6719,Madhya Pradesh,Covishield
24477,9444,33921,12814,21107,Maharashtra,Covishield
30831,7185,38016,30748,7268,Manipur,Covishield
10235,8772,19007,13425,5582,Meghalaya,Covishield
27616,9020,36636,16804,19832,Mizoram,Covishield
20446,37897,58343,40886,17457,Nagaland,Covishield
12550,9456,22006,5305,16701,Odisha,Covishield
34250,27898,62148,31437,30711,Puducherry,Covishield
2738,36532,39270,19860,19410,Punjab,Covishield
3266,11350,14616,10715,3901,Rajasthan,Covishield
11593,33295,44888,16239,28649,Sikkim,Covishield
27666,21207,48873,33890,14983,Tamil Nadu,Covishield
26824,10128,36952,14843,22109,Telengana,Covishield
36242,44884,81126,76173,4953,Tripura,Covishield
28648,30326,58974,30474,28500,Uttarakhand,Covishield
8871,12184,21055,18990,2065,Uttar Pradesh,Covishield
24410,6820,31230,12075,19155,West Bengal,Covishield
35144,36499,71643,34812,36831,Andhra Pradesh,Covishield
45320,34261,79581,50597,28984,Andaman and Nicobar Islands,Covishield
21572,38493,60065,28625,31440,Arunachal Pradesh,Covaxin
4907,38396,43303,37855,5448,Assam,Covaxin
39459,37415,76874,57889,18985,Bihar,Covaxin
9865,32245,42110,17064,25046,Chandigarh,Covaxin
36570,49723,86293,56022,30271,Chhattisgarh,Covaxin
2721,38307,41028,6611,34417,Dadra and Nagar Haveli and Daman and Diu,Covaxin
12320,16043,28363,19641,8722,Delhi,Covaxin
19559,46681,66240,27267,38973,Goa,Covaxin
29275,7380,36655,12146,24509,Gujarat,Covaxin
13184,2893,16077,12679,3398,Haryana,Covaxin
10377,20205,30582,11568,19014,Himachal Pradesh,Covaxin
14705,33441,48146,23732,24414,Jammu and Kashmir,Covaxin
19644,2244,21888,9527,12361,Jharkhand,Covaxin
22150,25863,48013,17354,30659,Karnataka,Covaxin
16628,42403,59031,13674,45357,Kerala,Covaxin
20790,1592,22382,18748,3634,Lakshadweep,Covaxin
34246,15964,50210,44343,5867,Ladakh,Covaxin
34887,43474,78361,40847,37514,Madhya Pradesh,Covaxin
8972,24935,33907,23501,10406,Maharashtra,Covaxin
26281,18611,44892,7588,37304,Manipur,Covaxin
10887,24463,35350,19943,15407,Meghalaya,Covaxin
42552,29615,72167,5106,67061,Mizoram,Covaxin
33006,16681,49687,28344,21343,Nagaland,Covaxin
14307,35587,49894,45779,4115,Odisha,Covaxin
14346,32425,46771,5842,40929,Puducherry,Covaxin
48332,22215,70547,35595,34952,Punjab,Covaxin
37982,24646,62628,6786,55842,Rajasthan,Covaxin
18340,11398,29738,16699,13039,Sikkim,Covaxin
49611,45961,95572,57167,38405,Tamil Nadu,Covaxin
14999,34244,49243,24975,24268,Telengana,Covaxin
20274,39548,59822,24478,35344,Tripura,Covaxin
27222,3665,30887,30617,270,Uttarakhand,Covaxin
11927,46756,58683,40185,18498,Uttar Pradesh,Covaxin
46133,12066,58199,12355,45844,West Bengal,Covaxin
18615,31178,49793,26235,23558,Andhra Pradesh,Covaxin
26623,26601,53224,26311,26913,Andaman and Nicobar Islands,Covaxin
17853,46854,64707,31391,33316,Arunachal Pradesh,Covaxin
24948,49082,74030,44753,29277,Assam,Covaxin
15117,35772,50889,38143,12746,Bihar,Covaxin
41514,24038,65552,58288,7264,Chandigarh,Covaxin
48150,16872,65022,43386,21636,Chhattisgarh,Covaxin
33986,10691,44677,37585,7092,Dadra and Nagar Haveli and Daman and Diu,Covaxin
14077,28007,42084,18089,23995,Delhi,Covaxin
4413,41469,45882,28359,17523,Goa,Covaxin
2966,36590,39556,16830,22726,Gujarat,Covaxin
47375,13079,60454,57967,2487,Haryana,Covaxin
33211,5834,39045,13746,25299,Himachal Pradesh,Covaxin
18941,26451,45392,22332,23060,Jammu and Kashmir,Covaxin
42998,11587,54585,7925,46660,Jharkhand,Covaxin
7191,15141,22332,12590,9742,Karnataka,Covaxin
46704,10244,56948,24879,32069,Kerala,Covaxin
17191,24284,41475,22677,18798,Lakshadweep,Covaxin
16915,5713,22628,8781,13847,Ladakh,Covaxin
27555,46547,74102,23411,50691,Madhya Pradesh,Covaxin
26492,33548,60040,46572,13468,Maharashtra,Covaxin
3755,44416,48171,35349,12822,Manipur,Covaxin
2571,15308,17879,16014,1865,Meghalaya,Covaxin
5314,2870,8184,7488,696,Mizoram,Covaxin
40586,44860,85446,62328,23118,Nagaland,Covaxin
35937,29428,65365,51318,14047,Odisha,Covaxin
38660,14620,53280,40893,12387,Puducherry,Covaxin
35668,3904,39572,37934,1638,Punjab,Covaxin
17818,18574,36392,16437,19955,Rajasthan,Covaxin
43391,13163,56554,42623,13931,Sikkim,Covaxin
26772,42926,69698,18981,50717,Tamil Nadu,Covaxin
39819,44959,84778,13830,70948,Telengana,Covaxin
44977,15012,59989,41028,18961,Tripura,Covaxin
37468,45487,82955,6920,76035,Uttarakhand,Covaxin
20827,29978,50805,25324,25481,Uttar Pradesh,Covaxin
18100,21526,39626,27412,12214,West Bengal,Covaxin
18358,23121,41479,13418,28061,Andhra Pradesh,Covaxin
44758,30540,75298,35199,40099,Andaman and Nicobar Islands,Covaxin
36437,41239,77676,62599,15077,Arunachal Pradesh,Covaxin
41806,35169,76975,59404,17571,Assam,Covaxin
12811,33576,46387,37571,8816,Bihar,Covaxin
32344,28680,61024,53232,7792,Chandigarh,Covaxin
13537,30277,43814,8389,35425,Chhattisgarh,Covaxin
28603,15647,44250,30344,13906,Dadra and Nagar Haveli and Daman and Diu,Covaxin
16615,2631,19246,9590,9656,Delhi,Covaxin
10893,2976,13869,8360,5509,Goa,Covaxin
14274,15355,29629,23386,6243,Gujarat,Covaxin
45471,10131,55602,19925,35677,Haryana,Covaxin
10239,41945,52184,31027,21157,Himachal Pradesh,Covaxin
9065,44826,53891,19291,34600,Jammu and Kashmir,Covaxin
4970,39568,44538,6509,38029,Jharkhand,Covaxin
31711,32012,63723,22492,41231,Karnataka,Covaxin
43607,45868,89475,60380,29095,Kerala,Covaxin
10550,32805,43355,38668,4687,Lakshadweep,Covaxin
12363,11258,23621,21424,2197,Ladakh,Covaxin
31942,3104,35046,7254,27792,Madhya Pradesh,Covaxin
23530,11720,35250,27530,7720,Maharashtra,Covaxin
19540,26741,46281,34148,12133,Manipur,Covaxin
1957,17113,19070,16193,2877,Meghalaya,Covaxin
23576,25093,48669,39253,9416,Mizoram,Covaxin
30743,23798,54541,16191,38350,Nagaland,Covaxin
20448,7208,27656,6113,21543,Odisha,Covaxin
21732,29149,50881,25418,25463,Puducherry,Covaxin
37581,44342,81923,53630,28293,Punjab,Covaxin
13379,44798,58177,36469,21708,Rajasthan,Covaxin
10436,48191,58627,20595,38032,Sikkim,Covaxin
39924,13617,53541,33512,20029,Tamil Nadu,Covaxin
11160,39472,50632,17587,33045,Telengana,Covaxin
48033,13524,61557,48039,13518,Tripura,Covaxin
42154,47987,90141,10765,79376,Uttarakhand,Covaxin
12941,27087,40028,28890,11138,Uttar Pradesh,Covaxin
40000,10309,50309,9770,40539,West Bengal,Covaxin
13227,25443,38670,27520,11150,Andhra Pradesh,Covaxin
26891,3995,30886,23040,7846,Andaman and Nicobar Islands,Covaxin
16426,43227,59653,34986,24667,Arunachal Pradesh,Covaxin
23422,14430,37852,11243,26609,Assam,Covaxin
41927,11505,53432,27711,25721,Bihar,Covaxin
11104,39509,50613,29086,21527,Chandigarh,Covaxin
18373,33393,51766,26333,25433,Chhattisgarh,Covaxin
19614,14058,33672,33332,340,Dadra and Nagar Haveli and Daman and Diu,Covaxin
5163,37939,43102,35610,7492,Delhi,Covaxin
18666,32933,51599,10759,40840,Goa,Covaxin
29962,25553,55515,47969,7546,Gujarat,Covaxin
8318,41734,50052,26021,24031,Haryana,Covaxin
2184,27115,29299,10666,18633,Himachal Pradesh,Covaxin
19537,19963,39500,7469,32031,Jammu and Kashmir,Covaxin
13707,20012,33719,22232,11487,Jharkhand,Covaxin
34638,48918,83556,59101,24455,Karnataka,Covaxin
8697,16650,25347,11437,13910,Kerala,Covaxin
8758,45742,54500,15585,38915,Lakshadweep,Covaxin
10972,22528,33500,33152,348,Ladakh,Covaxin
38928,31552,70480,59716,10764,Madhya Pradesh,Covaxin
44841,37386,82227,42063,40164,Maharashtra,Covaxin
3397,30446,33843,13638,20205,Manipur,Covaxin
26371,48925,75296,28703,46593,Meghalaya,Covaxin
32943,2301,35244,24757,10487,Mizoram,Covaxin
48971,24645,73616,10382,63234,Nagaland,Covaxin
44661,49488,94149,24567,69582,Odisha,Covaxin
28155,39478,67633,34624,33009,Puducherry,Covaxin
44834,45209,90043,59548,30495,Punjab,Covaxin
3510,43665,47175,41355,5820,Rajasthan,Covaxin
6248,27413,33661,10783,22878,Sikkim,Covaxin
48772,18757,67529,58456,9073,Tamil Nadu,Covaxin
44063,11863,55926,42210,13716,Telengana,Covaxin
42854,21598,64452,26944,37508,Tripura,Covaxin
31849,12900,44749,35545,9204,Uttarakhand,Covaxin
39501,24922,64423,40611,23812,Uttar Pradesh,Covaxin
46191,13541,59732,22677,37055,West Bengal,Covaxin
7514,6595,14109,10958,3151,Andhra Pradesh,Covaxin
28118,3836,31954,7934,24020,Andaman and Nicobar Islands,Covaxin
10768,26334,37102,34447,2655,Arunachal Pradesh,Covaxin
23202,32226,55428,55320,108,Assam,Covaxin
10250,26992,37242,16405,20837,Bihar,Covaxin
5673,28964,34637,5426,29211,Chandigarh,Covaxin
31376,47937,79313,28211,51102,Chhattisgarh,Covaxin
18198,15199,33397,29298,4099,Dadra and Nagar Haveli and Daman and Diu,Covaxin
22386,35856,58242,43985,14257,Delhi,Covaxin
25955,29266,55221,50869,4352,Goa,Covaxin
36476,29597,66073,32525,33548,Gujarat,Covaxin
33273,10155,43428,12946,30482,Haryana,Covaxin
21383,47898,69281,42156,27125,Himachal Pradesh,Covaxin
29458,32066,61524,43960,17564,Jammu and Kashmir,Covaxin
47194,33298,80492,46735,33757,Jharkhand,Covaxin
42033,13404,55437,25249,30188,Karnataka,Covaxin
45132,13501,58633,22674,35959,Kerala,Covaxin
11033,32006,43039,18688,24351,Lakshadweep,Covaxin
10090,34963,45053,12869,32184,Ladakh,Covaxin
21862,6559,28421,11917,16504,Madhya Pradesh,Covaxin
18151,30666,48817,16758,32059,Maharashtra,Covaxin
11439,12399,23838,19206,4632,Manipur,Covaxin
40551,43247,83798,13066,70732,Meghalaya,Covaxin
2064,41896,43960,5637,38323,Mizoram,Covaxin
19467,44844,64311,57937,6374,Nagaland,Covaxin
21059,19018,40077,18492,21585,Odisha,Covaxin
5981,48958,54939,38285,16654,Puducherry,Covaxin
28463,10084,38547,11888,26659,Punjab,Covaxin
20681,15306,35987,11755,24232,Rajasthan,Covaxin
41695,29854,71549,54415,17134,Sikkim,Covaxin
46736,32856,79592,24984,54608,Tamil Nadu,Covaxin
41764,21151,62915,62843,72,Telengana,Covaxin
41119,10151,51270,16495,34775,Tripura,Covaxin
4272,6038,10310,7940,2370,Uttarakhand,Covaxin
28365,29198,57563,18277,39286,Uttar Pradesh,Covaxin
6234,29198,35432,33501,1931,West Bengal,Covaxin
24604,29952,54556,38170,16386,Andhra Pradesh,Covaxin
19484,21276,40760,9148,31612,Andaman and Nicobar Islands,Covaxin
40548,44014,84562,47959,36603,Arunachal Pradesh,Covaxin
39109,9189,48298,26665,21633,Assam,Covaxin
13269,22231,35500,27902,7598,Bihar,Covaxin
41214,27042,68256,45070,23186,Chandigarh,Covaxin
47337,18945,66282,10572,55710,Chhattisgarh,Covaxin
14865,49953,64818,27618,37200,Dadra and Nagar Haveli and Daman and Diu,Covaxin
48601,30930,79531,46986,32545,Delhi,Covaxin
35867,16200,52067,33609,18458,Goa,Covaxin
29887,45081,74968,23099,51869,Gujarat,Covaxin
20074,33394,53468,23378,30090,Haryana,Covaxin
33486,10030,43516,29688,13828,Himachal Pradesh,Covaxin
21582,41369,62951,43250,19701,Jammu and Kashmir,Covaxin
20428,37496,57924,53754,4170,Jharkhand,Covaxin
42464,32080,74544,11951,62593,Karnataka,Covaxin
42999,42207,85206,26005,59201,Kerala,Covaxin
6504,29271,35775,7910,27865,Lakshadweep,Covaxin
2701,28261,30962,26009,4953,Ladakh,Covaxin
42116,12782,54898,42693,12205,Madhya Pradesh,Covaxin
15287,21477,36764,10698,26066,Maharashtra,Covaxin
37481,26377,63858,40923,22935,Manipur,Covaxin
43353,12103,55456,28118,27338,Meghalaya,Covaxin
6917,43665,50582,22632,27950,Mizoram,Covaxin
47818,22178,69996,9309,60687,Nagaland,Covaxin
3769,34185,37954,36614,1340,Odisha,Covaxin
10251,43280,53531,46139,7392,Puducherry,Covaxin
9850,1902,11752,11137,615,Punjab,Covaxin
44511,29129,73640,43988,29652,Rajasthan,Covaxin
1586,17062,18648,14872,3776,Sikkim,Covaxin
16431,2511,18942,8029,10913,Tamil Nadu,Covaxin
13008,32082,45090,42535,2555,Telengana,Covaxin
33392,34687,68079,35756,32323,Tripura,Covaxin
13334,16177,29511,10811,18700,Uttarakhand,Covaxin
27093,12052,39145,15807,23338,Uttar Pradesh,Covaxin
18248,24904,43152,21793,21359,West Bengal,Covaxin
11080,10196,21276,15956,5320,Andhra Pradesh,Covaxin
43654,8610,52264,41704,10560,Andaman and Nicobar Islands,Covaxin
8009,32422,40431,22663,17768,Arunachal Pradesh,Covaxin
12971,25949,38920,15300,23620,Assam,Covaxin
27747,14091,41838,26056,15782,Bihar,Covaxin
32428,24680,57108,42871,14237,Chandigarh,Covaxin
17105,6392,23497,9758,13739,Chhattisgarh,Covaxin
26595,31571,58166,54445,3721,Dadra and Nagar Haveli and Daman and Diu,Covaxin
9264,29840,39104,30681,8423,Delhi,Covaxin
21556,7311,28867,15786,13081,Goa,Covaxin
9877,11124,21001,9733,11268,Gujarat,Covaxin
34983,3766,38749,24622,14127,Haryana,Covaxin
43578,44133,87711,30665,57046,Himachal Pradesh,Covaxin
24314,41115,65429,57691,7738,Jammu and Kashmir,Covaxin
46200,12037,58237,6530,51707,Jharkhand,Covaxin
27631,25848,53479,36592,16887,Karnataka,Covaxin
5567,25160,30727,6891,23836,Kerala,Covaxin
28429,22645,51074,47476,3598,Lakshadweep,Covaxin
31124,41037,72161,69600,2561,Ladakh,Covaxin
8724,48309,57033,21922,35111,Madhya Pradesh,Covaxin
23611,8138,31749,12166,19583,Maharashtra,Covaxin
34373,39390,73763,39318,34445,Manipur,Covaxin
18457,27268,45725,11807,33918,Meghalaya,Covaxin
12322,10609,22931,19304,3627,Mizoram,Covaxin
17473,24103,41576,41014,562,Nagaland,Covaxin
16155,2351,18506,13706,4800,Odisha,Covaxin
41699,44845,86544,46367,40177,Puducherry,Covaxin
27995,11064,39059,12477,26582,Punjab,Covaxin
7953,28763,36716,16857,19859,Rajasthan,Covaxin
31807,48448,80255,19283,60972,Sikkim,Covaxin
19512,45189,64701,24608,40093,Tamil Nadu,Covaxin
2711,38889,41600,9556,32044,Telengana,Covaxin
42583,40138,82721,31840,50881,Tripura,Covaxin
4344,8690,13034,11970,1064,Uttarakhand,Covaxin
2297,37939,40236,27954,12282,Uttar Pradesh,Covaxin
2207,6548,8755,8644,111,West Bengal,Covaxin
47463,6844,54307,16404,37903,Andhra Pradesh,Covaxin
23881,22237,46118,11296,34822,Andaman and Nicobar Islands,Covaxin
47371,24163,71534,70787,747,Arunachal Pradesh,Covaxin
40049,17803,57852,7688,50164,Assam,Covaxin
26498,29493,55991,17710,38281,Bihar,Covaxin
47201,8460,55661,29189,26472,Chandigarh,Covaxin
18430,46200,64630,24710,39920,Chhattisgarh,Covaxin
37463,17771,55234,28065,27169,Dadra and Nagar Haveli and Daman and Diu,Covaxin
9656,46135,55791,49249,6542,Delhi,Covaxin
8989,16453,25442,18325,7117,Goa,Covaxin
18931,44185,63116,15503,47613,Gujarat,Covaxin
24871,18216,43087,28486,14601,Haryana,Covaxin
16427,36292,52719,9766,42953,Himachal Pradesh,Covaxin
22036,11309,33345,28277,5068,Jammu and Kashmir,Covaxin
15308,47501,62809,45574,17235,Jharkhand,Covaxin
30243,36482,66725,59157,7568,Karnataka,Covaxin
5063,31295,36358,35227,1131,Kerala,Covaxin
42937,13193,56130,21085,35045,Lakshadweep,Covaxin
18473,5599,24072,15630,8442,Ladakh,Covaxin
23926,33577,57503,42283,15220,Madhya Pradesh,Covaxin
47566,49646,97212,66940,30272,Maharashtra,Covaxin
28285,47522,75807,25535,50272,Manipur,Covaxin
42199,44553,86752,16466,70286,Meghalaya,Covaxin
14470,27755,42225,39269,2956,Mizoram,Covaxin
6421,16639,23060,15268,7792,Nagaland,Covaxin
5378,41847,47225,38255,8970,Odisha,Covaxin
41401,26603,68004,11485,56519,Puducherry,Covaxin
3151,8677,11828,5968,5860,Punjab,Covaxin
42765,41299,84064,14032,70032,Rajasthan,Covaxin
28172,38996,67168,30253,36915,Sikkim,Covaxin
48079,14455,62534,7665,54869,Tamil Nadu,Covaxin
2141,46709,48850,23311,25539,Telengana,Covaxin
6682,12089,18771,15929,2842,Tripura,Covaxin
22708,10523,33231,10859,22372,Uttarakhand,Covaxin
23791,47623,71414,5099,66315,Uttar Pradesh,Covaxin
38428,3125,41553,18544,23009,West Bengal,Covaxin
30655,17381,48036,9001,39035,Andhra Pradesh,Covaxin
34093,3584,37677,33312,4365,Andaman and Nicobar Islands,Covaxin
36191,48496,84687,67940,16747,Arunachal Pradesh,Covaxin
21378,18992,40370,27036,13334,Assam,Covaxin
36762,40987,77749,55956,21793,Bihar,Covaxin
11883,43127,55010,35167,19843,Chandigarh,Covaxin
14817,33984,48801,34412,14389,Chhattisgarh,Covaxin
26241,20864,47105,25338,21767,Dadra and Nagar Haveli and Daman and Diu,Covaxin
20463,36488,56951,6215,50736,Delhi,Covaxin
10988,42490,53478,44786,8692,Goa,Covaxin
11394,12787,24181,10025,14156,Gujarat,Covaxin
12943,21998,34941,23205,11736,Haryana,Covaxin
26902,25937,52839,9504,43335,Himachal Pradesh,Covaxin
30160,22624,52784,8857,43927,Jammu and Kashmir,Covaxin
11089,38102,49191,10818,38373,Jharkhand,Covaxin
30716,8076,38792,12141,26651,Karnataka,Covaxin
43715,33204,76919,59720,17199,Kerala,Covaxin
17298,13737,31035,19564,11471,Lakshadweep,Covaxin
19498,16156,35654,24302,11352,Ladakh,Covaxin
9987,48818,58805,8775,50030,Madhya Pradesh,Covaxin
32022,6356,38378,23047,15331,Maharashtra,Covaxin
3536,3065,6601,6363,238,Manipur,Covaxin
42547,23714,66261,14525,51736,Meghalaya,Covaxin
27945,13589,41534,12048,29486,Mizoram,Covaxin
49190,39969,89159,66672,22487,Nagaland,Covaxin
13141,47721,60862,5009,55853,Odisha,Covaxin
33723,6614,40337,28914,11423,Puducherry,Covaxin
10428,14562,24990,12061,12929,Punjab,Covaxin
10202,7780,17982,7938,10044,Rajasthan,Covaxin
31310,3094,34404,30178,4226,Sikkim,Covaxin
39116,22408,61524,41148,20376,Tamil Nadu,Covaxin
15436,28470,43906,28531,15375,Telengana,Covaxin
16032,40532,56564,18039,38525,Tripura,Covaxin
7328,47018,54346,17289,37057,Uttarakhand,Covaxin
47411,40519,87930,43869,44061,Uttar Pradesh,Covaxin
4298,28811,33109,24378,8731,West Bengal,Covaxin
42803,25990,68793,48444,20349,Andhra Pradesh,Covaxin
18916,48706,67622,29428,38194,Andaman and Nicobar Islands,Covaxin
5901,7502,13403,5190,8213,Arunachal Pradesh,Covaxin
36912,5806,42718,32183,10535,Assam,Covaxin
11203,35372,46575,13199,33376,Bihar,Covaxin
28302,3519,31821,23256,8565,Chandigarh,Covaxin
13217,49020,62237,24775,37462,Chhattisgarh,Covaxin
22788,34138,56926,18455,38471,Dadra and Nagar Haveli and Daman and Diu,Covaxin
5100,8277,13377,8759,4618,Delhi,Covaxin
34000,31918,65918,64741,1177,Goa,Covaxin
10246,43409,53655,15748,37907,Gujarat,Covaxin
26800,23164,49964,44107,5857,Haryana,Covaxin
2102,29817,31919,19992,11927,Himachal Pradesh,Covaxin
35292,13122,48414,30683,17731,Jammu and Kashmir,Covaxin
48320,2869,51189,50172,1017,Jharkhand,Covaxin
20074,37754,57828,15758,42070,Karnataka,Covaxin
20667,37734,58401,47615,10786,Kerala,Covaxin
29262,47614,76876,63795,13081,Lakshadweep,Covaxin
13390,11143,24533,23510,1023,Ladakh,Covaxin
6327,49112,55439,42604,12835,Madhya Pradesh,Covaxin
37186,49404,86590,19842,66748,Maharashtra,Covaxin
19431,21151,40582,20351,20231,Manipur,Covaxin
31471,2837,34308,6471,27837,Meghalaya,Covaxin
34842,35154,69996,42074,27922,Mizoram,Covaxin
36428,40036,76464,72173,4291,Nagaland,Covaxin
24812,10513,35325,13507,21818,Odisha,Covaxin
5002,12128,17130,7673,9457,Puducherry,Covaxin
7425,36491,43916,23650,20266,Punjab,Covaxin
46281,19575,65856,63255,2601,Rajasthan,Covaxin
13318,17542,30860,13191,17669,Sikkim,Covaxin
31196,29849,61045,9786,51259,Tamil Nadu,Covaxin
14968,7350,22318,15305,7013,Telengana,Covaxin
49528,15902,65430,28672,36758,Tripura,Covaxin
19777,9336,29113,20429,8684,Uttarakhand,Covaxin
39343,43724,83067,59444,23623,Uttar Pradesh,Covaxin
14888,19334,34222,25996,8226,West Bengal,Covaxin
39673,21686,61359,22129,39230,Andhra Pradesh,Covaxin
47073,40012,87085,17807,69278,Andaman and Nicobar Islands,Covaxin
40715,19289,60004,48423,11581,Arunachal Pradesh,Covaxin
3715,24470,28185,27441,744,Assam,Covaxin
9083,15751,24834,9265,15569,Bihar,Covaxin
12196,41113,53309,44820,8489,Chandigarh,Covaxin
6740,29135,35875,34612,1263,Chhattisgarh,Covaxin
46728,48076,94804,91749,3055,Dadra and Nagar Haveli and Daman and Diu,Covaxin
43283,8222,51505,48964,2541,Delhi,Covaxin
35207,47910,83117,11064,72053,Goa,Covaxin
6165,35011,41176,34099,7077,Gujarat,Covaxin
4127,35626,39753,32475,7278,Haryana,Covaxin
4546,41526,46072,41234,4838,Himachal Pradesh,Covaxin
38550,10597,49147,13572,35575,Jammu and Kashmir,Covaxin
13728,32615,46343,29463,16880,Jharkhand,Covaxin
6213,14817,21030,5863,15167,Karnataka,Covaxin
23065,34010,57075,52789,4286,Kerala,Covaxin
4379,40477,44856,15638,29218,Lakshadweep,Covaxin
35329,18975,54304,31913,22391,Ladakh,Covaxin
5296,24428,29724,12067,17657,Madhya Pradesh,Covaxin
36025,34103,70128,57702,12426,Maharashtra,Covaxin
34066,21470,55536,49134,6402,Manipur,Covaxin
25322,24968,50290,20958,29332,Meghalaya,Covaxin
4897,27967,32864,16741,16123,Mizoram,Covaxin
40298,16340,56638,36817,19821,Nagaland,Covaxin
5409,22834,28243,15135,13108,Odisha,Covaxin
16639,35511,52150,14887,37263,Puducherry,Covaxin
25408,30172,55580,39038,16542,Punjab,Covaxin
2410,20354,22764,5650,17114,Rajasthan,Covaxin
42744,16803,59547,20551,38996,Sikkim,Covaxin
2866,34673,37539,30068,7471,Tamil Nadu,Covaxin
28774,37649,66423,60649,5774,Telengana,Covaxin
45281,31778,77059,38431,38628,Tripura,Covaxin
12722,2592,15314,13176,2138,Uttarakhand,Covaxin
43756,22631,66387,13841,52546,Uttar Pradesh,Covaxin
9684,41369,51053,37647,13406,West Bengal,Covaxin
14375,31043,45418,30441,14977,Andhra Pradesh,Covaxin
31842,39006,70848,54357,16491,Andaman and Nicobar Islands,Covaxin
15480,8342,23822,9599,14223,Arunachal Pradesh,Covaxin
17032,27189,44221,25395,18826,Assam,Covaxin
39419,42944,82363,47678,34685,Bihar,Covaxin
11045,19971,31016,30346,670,Chandigarh,Covaxin
35760,21478,57238,55440,1798,Chhattisgarh,Covaxin
43925,29880,73805,57799,16006,Dadra and Nagar Haveli and Daman and Diu,Covaxin
25396,8056,33452,26312,7140,Delhi,Covaxin
6320,18354,24674,11345,13329,Goa,Covaxin
18091,38346,56437,48244,8193,Gujarat,Covaxin
8230,24550,32780,23925,8855,Haryana,Covaxin
46726,23805,70531,29137,41394,Himachal Pradesh,Covaxin
49213,43952,93165,8004,85161,Jammu and Kashmir,Covaxin
37228,2099,39327,10200,29127,Jharkhand,Covaxin
32609,13899,46508,39438,7070,Karnataka,Covaxin
24107,33956,58063,42947,15116,Kerala,Covaxin
37079,2119,39198,9535,29663,Lakshadweep,Covaxin
2562,41544,44106,40129,3977,Ladakh,Covaxin
29195,39394,68589,9937,58652,Madhya Pradesh,Covaxin
20041,3286,23327,23243,84,Maharashtra,Covaxin
24185,20708,44893,31119,13774,Manipur,Covaxin
2919,4404,7323,6929,394,Meghalaya,Covaxin
4040,22840,26880,6047,20833,Mizoram,Covaxin
30586,29464,60050,48842,11208,Nagaland,Covaxin
6344,8397,14741,5021,9720,Odisha,Covaxin
5171,27698,32869,17390,15479,Puducherry,Covaxin
17790,48795,66585,13266,53319,Punjab,Covaxin
17953,3475,21428,8815,12613,Rajasthan,Covaxin
47774,15467,63241,62255,986,Sikkim,Covaxin
44562,31312,75874,68626,7248,Tamil Nadu,Covaxin
10989,23124,34113,21544,12569,Telengana,Covaxin
20340,14791,35131,24269,10862,Tripura,Covaxin
5892,14181,20073,16816,3257,Uttarakhand,Covaxin
33226,9780,43006,21519,21487,Uttar Pradesh,Covaxin
39590,7966,47556,39327,8229,West Bengal,Covaxin
39485,25963,65448,63152,2296,Andhra Pradesh,Covaxin
27596,8177,35773,28354,7419,Andaman and Nicobar Islands,Covaxin
39438,42274,81712,28902,52810,Arunachal Pradesh,Covaxin
30685,45269,75954,22856,53098,Assam,Covaxin
9635,19665,29300,14437,14863,Bihar,Covaxin
24923,40072,64995,18745,46250,Chandigarh,Covaxin
4120,28417,32537,31749,788,Chhattisgarh,Covaxin
32282,27781,60063,56251,3812,Dadra and Nagar Haveli and Daman and Diu,Covaxin
29272,18255,47527,17652,29875,Delhi,Covaxin
26044,7428,33472,19504,13968,Goa,Covaxin
46866,21884,68750,39545,29205,Gujarat,Covaxin
41733,20646,62379,50871,11508,Haryana,Covaxin
16497,18779,35276,19031,16245,Himachal Pradesh,Covaxin
11235,47766,59001,13556,45445,Jammu and Kashmir,Covaxin
38290,33577,71867,19943,51924,Jharkhand,Covaxin
39312,45141,84453,47460,36993,Karnataka,Covaxin
35471,3350,38821,14335,24486,Kerala,Covaxin
47209,45399,92608,64421,28187,Lakshadweep,Covaxin
7517,22099,29616,22641,6975,Ladakh,Covaxin
32668,48844,81512,27200,54312,Madhya Pradesh,Covaxin
30339,7456,37795,21968,15827,Maharashtra,Covaxin
10456,49088,59544,56538,3006,Manipur,Covaxin
2099,43886,45985,33268,12717,Meghalaya,Covaxin
35332,45777,81109,77378,3731,Mizoram,Covaxin
31384,42215,73599,58190,15409,Nagaland,Covaxin
10336,43556,53892,51431,2461,Odisha,Covaxin
16639,45282,61921,6872,55049,Puducherry,Covaxin
39830,12360,52190,31566,20624,Punjab,Covaxin
43028,14164,57192,43686,13506,Rajasthan,Covaxin
10000,23362,33362,18701,14661,Sikkim,Covaxin
27355,48257,75612,53259,22353,Tamil Nadu,Covaxin
22022,10935,32957,10730,22227,Telengana,Covaxin
8945,1904,10849,10816,33,Tripura,Covaxin
44086,9637,53723,47206,6517,Uttarakhand,Covaxin
16783,32864,49647,32296,17351,Uttar Pradesh,Covaxin
24540,47073,71613,29254,42359,West Bengal,Covaxin
42319,5598,47917,32932,14985,Andhra Pradesh,Covaxin
45752,29426,75178,33991,41187,Andaman and Nicobar Islands,Covaxin
44713,19034,63747,55604,8143,Arunachal Pradesh,Covaxin
34748,34778,69526,11157,58369,Assam,Covaxin
6477,15942,22419,9116,13303,Bihar,Covaxin
47601,33182,80783,51048,29735,Chandigarh,Covaxin
34754,21746,56500,33670,22830,Chhattisgarh,Covaxin
33821,48872,82693,78419,4274,Dadra and Nagar Haveli and Daman and Diu,Covaxin
15397,27643,43040,29112,13928,Delhi,Covaxin
7234,26193,33427,22237,11190,Goa,Covaxin
35273,44817,80090,12200,67890,Gujarat,Covaxin
15699,18471,34170,16985,17185,Haryana,Covaxin
1774,24264,26038,10616,15422,Himachal Pradesh,Covaxin
5341,13768,19109,17035,2074,Jammu and Kashmir,Covaxin
22664,48871,71535,11843,59692,Jharkhand,Covaxin
45796,44129,89925,29611,60314,Karnataka,Covaxin
22638,5890,28528,25342,3186,Kerala,Covaxin
35961,27286,63247,45748,17499,Lakshadweep,Covaxin
32827,21160,53987,53191,796,Ladakh,Covaxin
7189,40627,47816,24505,23311,Madhya Pradesh,Covaxin
31519,11413,42932,18884,24048,Maharashtra,Covaxin
35767,5640,41407,12623,28784,Manipur,Covaxin
19235,39782,59017,42419,16598,Meghalaya,Covaxin
34151,45833,79984,51315,28669,Mizoram,Covaxin
15897,32763,48660,27690,20970,Nagaland,Covaxin
41405,45645,87050,36883,50167,Odisha,Covaxin
40273,34350,74623,40755,33868,Puducherry,Covaxin
43629,26751,70380,6897,63483,Punjab,Covaxin
23431,32720,56151,32332,23819,Rajasthan,Covaxin
4927,36932,41859,27366,14493,Sikkim,Covaxin
21823,20547,42370,16588,25782,Tamil Nadu,Covaxin
31894,16220,48114,28542,19572,Telengana,Covaxin
32738,30163,62901,16078,46823,Tripura,Covaxin
30757,31111,61868,59227,2641,Uttarakhand,Covaxin
43547,30163,73710,61203,12507,Uttar Pradesh,Covaxin
5814,47983,53797,32926,20871,West Bengal,Covaxin
13864,12109,25973,25834,139,Andhra Pradesh,Covaxin
32949,42048,74997,47074,27923,Andaman and Nicobar Islands,Covaxin
8446,21998,30444,23325,7119,Arunachal Pradesh,Covaxin
36736,24418,61154,45981,15173,Assam,Covaxin
20234,49445,69679,47859,21820,Bihar,Covaxin
5752,27911,33663,32885,778,Chandigarh,Covaxin
3115,34448,37563,27645,9918,Chhattisgarh,Covaxin
2185,21693,23878,13891,9987,Dadra and Nagar Haveli and Daman and Diu,Covaxin
30474,3731,34205,23001,11204,Delhi,Covaxin
32279,13827,46106,37243,8863,Goa,Covaxin
2441,15311,17752,8828,8924,Gujarat,Covaxin
20601,41429,62030,23394,38636,Haryana,Covaxin
37365,3720,41085,21685,19400,Himachal Pradesh,Covaxin
22320,13973,36293,18508,17785,Jammu and Kashmir,Covaxin
3310,25351,28661,8693,19968,Jharkhand,Covaxin
33438,29761,63199,35370,27829,Karnataka,Covaxin
49107,37782,86889,22410,64479,Kerala,Covaxin
21189,36854,58043,36874,21169,Lakshadweep,Covaxin
46523,34226,80749,25389,55360,Ladakh,Covaxin
26205,5906,32111,5272,26839,Madhya Pradesh,Covaxin
40945,39237,80182,68295,11887,Maharashtra,Covaxin
16278,26508,42786,16490,26296,Manipur,Covaxin
32575,12340,44915,24738,20177,Meghalaya,Covaxin
44786,11387,56173,50145,6028,Mizoram,Covaxin
11944,24735,36679,8655,28024,Nagaland,Covaxin
16772,4207,20979,20010,969,Odisha,Covaxin
39988,24681,64669,22794,41875,Puducherry,Covaxin
46107,43220,89327,71046,18281,Punjab,Covaxin
27486,18628,46114,23579,22535,Rajasthan,Covaxin
35304,3375,38679,25051,13628,Sikkim,Covaxin
28954,5577,34531,26338,8193,Tamil Nadu,Covaxin
4170,9620,13790,12398,1392,Telengana,Covaxin
40454,35573,76027,24044,51983,Tripura,Covaxin
11692,28549,40241,40056,185,Uttarakhand,Covaxin
42823,3367,46190,35700,10490,Uttar Pradesh,Covaxin
31406,37647,69053,15479,53574,West Bengal,Covaxin
22218,20638,42856,12809,30047,Andhra Pradesh,Covaxin
35397,39250,74647,44199,30448,Andaman and Nicobar Islands,Covaxin
47432,13525,60957,38503,22454,Arunachal Pradesh,Covaxin
44623,4544,49167,31425,17742,Assam,Covaxin
49112,36017,85129,67709,17420,Bihar,Covaxin
19129,40830,59959,12002,47957,Chandigarh,Covaxin
11283,44839,56122,50003,6119,Chhattisgarh,Covaxin
4142,49536,53678,40796,12882,Dadra and Nagar Haveli and Daman and Diu,Covaxin
13314,33841,47155,27242,19913,Delhi,Covaxin
14976,48978,63954,23565,40389,Goa,Covaxin
23546,20675,44221,12454,31767,Gujarat,Covaxin
33684,44120,77804,13466,64338,Haryana,Covaxin
30031,38234,68265,58104,10161,Himachal Pradesh,Covaxin
44101,49305,93406,76091,17315,Jammu and Kashmir,Covaxin
28501,6409,34910,32620,2290,Jharkhand,Covaxin
37731,39737,77468,76211,1257,Karnataka,Covaxin
17594,6736,24330,19932,4398,Kerala,Covaxin
24671,37489,62160,38311,23849,Lakshadweep,Covaxin
43487,22948,66435,47510,18925,Ladakh,Covaxin
31109,14984,46093,23536,22557,Madhya Pradesh,Covaxin
11094,11778,22872,17338,5534,Maharashtra,Covaxin
15210,10242,25452,6821,18631,Manipur,Covaxin
25449,35787,61236,7404,53832,Meghalaya,Covaxin
12592,39519,52111,27390,24721,Mizoram,Covaxin
37753,7782,45535,9917,35618,Nagaland,Covaxin
9514,11591,21105,13610,7495,Odisha,Covaxin
19726,2212,21938,5369,16569,Puducherry,Covaxin
31953,22614,54567,7533,47034,Punjab,Covaxin
5283,24558,29841,24606,5235,Rajasthan,Covaxin
15492,35201,50693,5877,44816,Sikkim,Covaxin
13561,3818,17379,14852,2527,Tamil Nadu,Covaxin
30127,36938,67065,27089,39976,Telengana,Covaxin
6735,8134,14869,8957,5912,Tripura,Covaxin
35581,29815,65396,6188,59208,Uttarakhand,Covaxin
26466,32491,58957,30648,28309,Uttar Pradesh,Covaxin
24435,11574,36009,11619,24390,West Bengal,Covaxin
8952,10778,19730,8627,11103,Andhra Pradesh,Covaxin
37577,15869,53446,13671,39775,Andaman and Nicobar Islands,Covaxin
41568,16398,57966,37543,20423,Arunachal Pradesh,Covaxin
34369,28263,62632,6077,56555,Assam,Covaxin
40748,40467,81215,49893,31322,Bihar,Covaxin
42641,28141,70782,47114,23668,Chandigarh,Covaxin
16196,22979,39175,23399,15776,Chhattisgarh,Covaxin
20106,33381,53487,17817,35670,Dadra and Nagar Haveli and Daman and Diu,Covaxin
26215,41770,67985,21212,46773,Delhi,Covaxin
39088,25062,64150,42613,21537,Goa,Covaxin
33045,8833,41878,41726,152,Gujarat,Covaxin
13132,41356,54488,44599,9889,Haryana,Covaxin
37619,22101,59720,46279,13441,Himachal Pradesh,Covaxin
17175,20334,37509,14938,22571,Jammu and Kashmir,Covaxin
8868,5497,14365,6243,8122,Jharkhand,Covaxin
24685,8580,33265,16951,16314,Karnataka,Covaxin
11533,9474,21007,7504,13503,Kerala,Covaxin
4264,37136,41400,18919,22481,Lakshadweep,Covaxin
28379,42327,70706,41608,29098,Ladakh,Covaxin
11330,11383,22713,20228,2485,Madhya Pradesh,Covaxin
48134,46837,94971,19339,75632,Maharashtra,Covaxin
39141,11683,50824,29571,21253,Manipur,Covaxin
18961,7578,26539,11851,14688,Meghalaya,Covaxin
14845,38004,52849,27890,24959,Mizoram,Covaxin
27963,27806,55769,6861,48908,Nagaland,Covaxin
14950,39901,54851,44890,9961,Odisha,Covaxin
35396,46996,82392,37756,44636,Puducherry,Covaxin
40543,13251,53794,25223,28571,Punjab,Covaxin
41160,2375,43535,23006,20529,Rajasthan,Covaxin
4834,36988,41822,20876,20946,Sikkim,Covaxin
7847,46612,54459,20006,34453,Tamil Nadu,Covaxin
38004,4967,42971,31469,11502,Telengana,Covaxin
20953,31772,52725,26844,25881,Tripura,Covaxin
44731,49009,93740,27351,66389,Uttarakhand,Covaxin
24582,36652,61234,40679,20555,Uttar Pradesh,Covaxin
22887,40677,63564,42926,20638,West Bengal,Covaxin
34939,37274,72213,58792,13421,Andhra Pradesh,Covaxin
39245,46826,86071,75243,10828,Andaman and Nicobar Islands,Covaxin
38597,4150,42747,19582,23165,Arunachal Pradesh,Covaxin
11181,7126,18307,15810,2497,Assam,Covaxin
20154,21139,41293,18773,22520,Bihar,Covaxin
9522,17230,26752,16013,10739,Chandigarh,Covaxin
47791,5802,53593,49745,3848,Chhattisgarh,Covaxin
41825,11532,53357,38628,14729,Dadra and Nagar Haveli and Daman and Diu,Covaxin
3856,33888,37744,5751,31993,Delhi,Covaxin
6319,8680,14999,8043,6956,Goa,Covaxin
25571,15630,41201,34303,6898,Gujarat,Covaxin
21956,3436,25392,18709,6683,Haryana,Covaxin
36633,20385,57018,12005,45013,Himachal Pradesh,Covaxin
40542,32153,72695,43073,29622,Jammu and Kashmir,Covaxin
44484,1527,46011,19596,26415,Jharkhand,Covaxin
40893,40167,81060,52330,28730,Karnataka,Covaxin
40817,13184,54001,31211,22790,Kerala,Covaxin
9908,36716,46624,23225,23399,Lakshadweep,Covaxin
6058,13046,19104,11053,8051,Ladakh,Covaxin
30880,36147,67027,55428,11599,Madhya Pradesh,Covaxin
22733,46726,69459,31337,38122,Maharashtra,Covaxin
9368,46895,56263,33082,23181,Manipur,Covaxin
25139,30873,56012,47097,8915,Meghalaya,Covaxin
32455,19060,51515,14315,37200,Mizoram,Covaxin
12383,31035,43418,36451,6967,Nagaland,Covaxin
21403,28920,50323,21552,28771,Odisha,Covaxin
19706,22570,42276,25297,16979,Puducherry,Covaxin
20971,42098,63069,46858,16211,Punjab,Covaxin
49796,9501,59297,30821,28476,Rajasthan,Covaxin
24181,23510,47691,21039,26652,Sikkim,Covaxin
46412,48703,95115,85326,9789,Tamil Nadu,Covaxin
18133,25640,43773,25324,18449,Telengana,Covaxin
33006,12553,45559,40395,5164,Tripura,Covaxin
36115,26909,63024,58261,4763,Uttarakhand,Covaxin
24430,43817,68247,14977,53270,Uttar Pradesh,Covaxin
43527,13021,56548,37143,19405,West Bengal,Covaxin
11254,17197,28451,16928,11523,Andhra Pradesh,Covaxin
9834,10006,19840,18224,1616,Andaman and Nicobar Islands,Covaxin
25568,6797,32365,9394,22971,Arunachal Pradesh,Covaxin
3700,29058,32758,12111,20647,Assam,Covaxin
44077,3234,47311,6614,40697,Bihar,Covaxin
4495,14046,18541,12862,5679,Chandigarh,Covaxin
19692,15912,35604,9945,25659,Chhattisgarh,Covaxin
44591,20489,65080,50665,14415,Dadra and Nagar Haveli and Daman and Diu,Covaxin
22078,26027,48105,8966,39139,Delhi,Covaxin
15000,3720,18720,10170,8550,Goa,Covaxin
15369,30891,46260,14852,31408,Gujarat,Covaxin
13322,45103,58425,24419,34006,Haryana,Covaxin
2369,9720,12089,9982,2107,Himachal Pradesh,Covaxin
9141,47893,57034,34753,22281,Jammu and Kashmir,Covaxin
30926,35935,66861,10448,56413,Jharkhand,Covaxin
16425,46916,63341,33140,30201,Karnataka,Covaxin
36371,39603,75974,42327,33647,Kerala,Covaxin
33622,48191,81813,40225,41588,Lakshadweep,Covaxin
45825,32211,78036,12499,65537,Ladakh,Covaxin
8675,23532,32207,27928,4279,Madhya Pradesh,Covaxin
19042,7050,26092,10091,16001,Maharashtra,Covaxin
17198,47807,65005,28216,36789,Manipur,Covaxin
13682,36404,50086,36375,13711,Meghalaya,Covaxin
30653,19945,50598,36116,14482,Mizoram,Covaxin
19803,12486,32289,29353,2936,Nagaland,Covaxin
29334,21618,50952,16867,34085,Odisha,Covaxin
20618,19243,39861,30291,9570,Puducherry,Covaxin
13598,22637,36235,8415,27820,Punjab,Covaxin
36611,48668,85279,33523,51756,Rajasthan,Covaxin
29924,46166,76090,65932,10158,Sikkim,Covaxin
32999,30956,63955,28751,35204,Tamil Nadu,Covaxin
15364,20844,36208,8840,27368,Telengana,Covaxin
14483,21068,35551,30089,5462,Tripura,Covaxin
30240,31118,61358,58227,3131,Uttarakhand,Covaxin
46691,8136,54827,11293,43534,Uttar Pradesh,Covaxin
41012,32027,73039,6716,66323,West Bengal,Covaxin
44285,21725,66010,40278,25732,Andhra Pradesh,Covaxin
14553,18804,33357,31835,1522,Andaman and Nicobar Islands,Covaxin
42437,9539,51976,41668,10308,Arunachal Pradesh,Covaxin
22559,19175,41734,7706,34028,Assam,Covaxin
7733,35284,43017,30237,12780,Bihar,Covaxin
49313,21383,70696,69630,1066,Chandigarh,Covaxin
45266,40275,85541,65663,19878,Chhattisgarh,Covaxin
27720,2987,30707,18050,12657,Dadra and Nagar Haveli and Daman and Diu,Covaxin
41023,9380,50403,30308,20095,Delhi,Covaxin
31797,26035,57832,40405,17427,Goa,Covaxin
30561,21196,51757,51503,254,Gujarat,Covaxin
10027,37093,47120,38157,8963,Haryana,Covaxin
32457,37364,69821,57332,12489,Himachal Pradesh,Covaxin
45746,15688,61434,60344,1090,Jammu and Kashmir,Covaxin
21958,2101,24059,17645,6414,Jharkhand,Covaxin
7814,42783,50597,49713,884,Karnataka,Covaxin
48407,18899,67306,30296,37010,Kerala,Covaxin
40236,22935,63171,20867,42304,Lakshadweep,Covaxin
31826,5399,37225,30764,6461,Ladakh,Covaxin
30667,45226,75893,16639,59254,Madhya Pradesh,Covaxin
29509,8059,37568,22790,14778,Maharashtra,Covaxin
19242,24289,43531,16864,26667,Manipur,Covaxin
28088,48131,76219,59371,16848,Meghalaya,Covaxin
7333,10676,18009,13152,4857,Mizoram,Covaxin
7489,27081,34570,30044,4526,Nagaland,Covaxin
24907,12772,37679,8484,29195,Odisha,Covaxin
31945,19140,51085,8774,42311,Puducherry,Covaxin
46203,23566,69769,45573,24196,Punjab,Covaxin
32228,14812,47040,37879,9161,Rajasthan,Covaxin
24338,14082,38420,20975,17445,Sikkim,Covaxin
15682,3485,19167,10952,8215,Tamil Nadu,Covaxin
11830,47993,59823,52654,7169,Telengana,Covaxin
17164,16275,33439,27504,5935,Tripura,Covaxin
22771,47931,70702,20509,50193,Uttarakhand,Covaxin
22802,9710,32512,14716,17796,Uttar Pradesh,Covaxin
9022,31475,40497,26993,13504,West Bengal,Covaxin
29619,2692,32311,13854,18457,Andhra Pradesh,Covaxin
10564,7002,17566,6032,11534,Andaman and Nicobar Islands,Covaxin
18848,12709,31557,15924,15633,Arunachal Pradesh,Covaxin
33734,16946,50680,6258,44422,Assam,Covaxin
12221,32303,44524,26118,18406,Bihar,Covaxin
18316,18535,36851,12848,24003,Chandigarh,Covaxin
11269,41265,52534,27663,24871,Chhattisgarh,Covaxin
8856,7311,16167,11689,4478,Dadra and Nagar Haveli and Daman and Diu,Covaxin
29026,16991,46017,30650,15367,Delhi,Covaxin
27091,25599,52690,46068,6622,Goa,Covaxin
44278,44265,88543,46254,42289,Gujarat,Covaxin
43406,26307,69713,34118,35595,Haryana,Covaxin
2627,4859,7486,6601,885,Himachal Pradesh,Covaxin
23229,2089,25318,23325,1993,Jammu and Kashmir,Covaxin
29056,27850,56906,53605,3301,Jharkhand,Covaxin
16016,36906,52922,31386,21536,Karnataka,Covaxin
27295,34492,61787,32117,29670,Kerala,Covaxin
9047,48565,57612,48535,9077,Lakshadweep,Covaxin
48926,23496,72422,49377,23045,Ladakh,Covaxin
9008,25683,34691,31575,3116,Madhya Pradesh,Covaxin
37228,41297,78525,40881,37644,Maharashtra,Covaxin
6605,41724,48329,46012,2317,Manipur,Covaxin
46743,36167,82910,54023,28887,Meghalaya,Covaxin
30926,22179,53105,9772,43333,Mizoram,Covaxin
32289,38453,70742,46155,24587,Nagaland,Covaxin
14836,44435,59271,37677,21594,Odisha,Covaxin
41886,18158,60044,53787,6257,Puducherry,Covaxin
25988,12776,38764,25732,13032,Punjab,Covaxin
29727,35236,64963,57124,7839,Rajasthan,Covaxin
22687,44232,66919,6988,59931,Sikkim,Covaxin
31119,26696,57815,11101,46714,Tamil Nadu,Covaxin
17666,43032,60698,35654,25044,Telengana,Covaxin
8967,7307,16274,7918,8356,Tripura,Covaxin
8670,37954,46624,43120,3504,Uttarakhand,Covaxin
41391,22208,63599,36598,27001,Uttar Pradesh,Covaxin
12241,30347,42588,22692,19896,West Bengal,Covaxin
33074,12749,45823,39291,6532,Andhra Pradesh,Covaxin
15289,15207,30496,16152,14344,Andaman and Nicobar Islands,Covaxin
27465,28383,55848,55488,360,Arunachal Pradesh,Covaxin
45018,31877,76895,29847,47048,Assam,Covaxin
29703,12761,42464,5654,36810,Bihar,Covaxin
49103,41974,91077,51678,39399,Chandigarh,Covaxin
1843,31777,33620,18068,15552,Chhattisgarh,Covaxin
36594,29146,65740,6900,58840,Dadra and Nagar Haveli and Daman and Diu,Covaxin
25529,3371,28900,27603,1297,Delhi,Covaxin
45549,47513,93062,73276,19786,Goa,Covaxin
31214,17852,49066,12017,37049,Gujarat,Covaxin
41253,13296,54549,24539,30010,Haryana,Covaxin
14614,40587,55201,17775,37426,Himachal Pradesh,Covaxin
41044,5980,47024,14837,32187,Jammu and Kashmir,Covaxin
9699,4716,14415,14264,151,Jharkhand,Covaxin
24474,36749,61223,34075,27148,Karnataka,Covaxin
13674,5228,18902,13682,5220,Kerala,Covaxin
18101,15707,33808,9200,24608,Lakshadweep,Covaxin
39641,33225,72866,39798,33068,Ladakh,Covaxin
27220,7775,34995,7563,27432,Madhya Pradesh,Covaxin
20029,48467,68496,17310,51186,Maharashtra,Covaxin
35459,14321,49780,8976,40804,Manipur,Covaxin
18828,22843,41671,28028,13643,Meghalaya,Covaxin
21027,43248,64275,5106,59169,Mizoram,Covaxin
1740,23758,25498,11564,13934,Nagaland,Covaxin
8784,35669,44453,23341,21112,Odisha,Covaxin
11669,2571,14240,14082,158,Puducherry,Covaxin
17753,42042,59795,57928,1867,Punjab,Covaxin
6188,33163,39351,19301,20050,Rajasthan,Covaxin
5957,40865,46822,15687,31135,Sikkim,Covaxin
24766,38437,63203,9601,53602,Tamil Nadu,Covaxin
40056,48343,88399,62660,25739,Telengana,Covaxin
22760,35539,58299,44803,13496,Tripura,Covaxin
4877,37871,42748,22261,20487,Uttarakhand,Covaxin
33307,47354,80661,36888,43773,Uttar Pradesh,Covaxin
15386,26961,42347,21690,20657,West Bengal,Covaxin
2724,38416,41140,11599,29541,Andhra Pradesh,Covaxin
46985,9556,56541,12075,44466,Andaman and Nicobar Islands,Covaxin
30964,37284,68248,54094,14154,Arunachal Pradesh,Covaxin
3736,2995,6731,6265,466,Assam,Covaxin
19296,24623,43919,39116,4803,Bihar,Covaxin
11283,46376,57659,25358,32301,Chandigarh,Covaxin
44096,40091,84187,34841,49346,Chhattisgarh,Covaxin
4715,7496,12211,11948,263,Dadra and Nagar Haveli and Daman and Diu,Covaxin
18132,16985,35117,14219,20898,Delhi,Covaxin
36838,49023,85861,21540,64321,Goa,Covaxin
46395,35393,81788,77723,4065,Gujarat,Covaxin
37378,45846,83224,50507,32717,Haryana,Covaxin
14553,49547,64100,15706,48394,Himachal Pradesh,Covaxin
4681,5677,10358,7936,2422,Jammu and Kashmir,Covaxin
2893,11199,14092,9810,4282,Jharkhand,Covaxin
14935,41264,56199,23617,32582,Karnataka,Covaxin
5746,41612,47358,42579,4779,Kerala,Covaxin
46971,15159,62130,12771,49359,Lakshadweep,Covaxin
49516,30365,79881,41034,38847,Ladakh,Covaxin
20675,42499,63174,9674,53500,Madhya Pradesh,Covaxin
3155,20311,23466,11526,11940,Maharashtra,Covaxin
21793,15222,37015,9526,27489,Manipur,Covaxin
8362,32876,41238,19111,22127,Meghalaya,Covaxin
6672,8457,15129,14151,978,Mizoram,Covaxin
46183,44072,90255,83337,6918,Nagaland,Covaxin
36293,14199,50492,14909,35583,Odisha,Covaxin
38750,8479,47229,44545,2684,Puducherry,Covaxin
40979,48457,89436,64728,24708,Punjab,Covaxin
17329,17219,34548,13184,21364,Rajasthan,Covaxin
19842,49699,69541,60996,8545,Sikkim,Covaxin
25883,43007,68890,33467,35423,Tamil Nadu,Covaxin
38025,27673,65698,46266,19432,Telengana,Covaxin
13920,15044,28964,22519,6445,Tripura,Covaxin
12914,24999,37913,24680,13233,Uttarakhand,Covaxin
16822,48496,65318,55801,9517,Uttar Pradesh,Covaxin
30676,36936,67612,18480,49132,West Bengal,Covaxin
4051,38021,42072,10117,31955,Andhra Pradesh,Covaxin
33638,28780,62418,46717,15701,Andaman and Nicobar Islands,Covaxin
21524,38715,60239,27646,32593,Arunachal Pradesh,Covaxin
39541,21029,60570,50793,9777,Assam,Covaxin
36806,17928,54734,12051,42683,Bihar,Covaxin
2725,31668,34393,27564,6829,Chandigarh,Covaxin
36751,39036,75787,8502,67285,Chhattisgarh,Covaxin
8972,27579,36551,10842,25709,Dadra and Nagar Haveli and Daman and Diu,Covaxin
23241,31431,54672,24793,29879,Delhi,Covaxin
37443,24870,62313,55946,6367,Goa,Covaxin
47403,36947,84350,5755,78595,Gujarat,Covaxin
35660,35357,71017,26390,44627,Haryana,Covaxin
4097,19309,23406,15889,7517,Himachal Pradesh,Covaxin
36966,20569,57535,21559,35976,Jammu and Kashmir,Covaxin
8830,17848,26678,21679,4999,Jharkhand,Covaxin
41514,24953,66467,63900,2567,Karnataka,Covaxin
41888,37947,79835,36441,43394,Kerala,Covaxin
25383,44736,70119,38126,31993,Lakshadweep,Covaxin
27388,42952,70340,27021,43319,Ladakh,Covaxin
26437,37812,64249,12157,52092,Madhya Pradesh,Covaxin
17541,36026,53567,10395,43172,Maharashtra,Covaxin
5408,15162,20570,10422,10148,Manipur,Covaxin
42299,44096,86395,32504,53891,Meghalaya,Covaxin
35767,9501,45268,13805,31463,Mizoram,Covaxin
25112,11055,36167,17213,18954,Nagaland,Covaxin
39639,2999,42638,37963,4675,Odisha,Covaxin
21463,4617,26080,25836,244,Puducherry,Covaxin
49952,48541,98493,59590,38903,Punjab,Covaxin
32342,40341,72683,50693,21990,Rajasthan,Covaxin
26104,20889,46993,20142,26851,Sikkim,Covaxin
18780,7959,26739,12797,13942,Tamil Nadu,Covaxin
35643,44254,79897,28522,51375,Telengana,Covaxin
31138,27551,58689,54552,4137,Tripura,Covaxin
36594,13281,49875,44098,5777,Uttarakhand,Covaxin
39872,6136,46008,37035,8973,Uttar Pradesh,Covaxin
14925,26752,41677,21639,20038,West Bengal,Covaxin
12775,2375,15150,6577,8573,Andhra Pradesh,Covaxin
39192,5561,44753,28672,16081,Andaman and Nicobar Islands,Covaxin
48787,15650,64437,55290,9147,Arunachal Pradesh,Covaxin
44519,49799,94318,36089,58229,Assam,Covaxin
30025,32675,62700,48221,14479,Bihar,Covaxin
15348,23404,38752,19098,19654,Chandigarh,Covaxin
13590,43035,56625,32905,23720,Chhattisgarh,Covaxin
14773,47031,61804,13189,48615,Dadra and Nagar Haveli and Daman and Diu,Covaxin
21664,24452,46116,11319,34797,Delhi,Covaxin
24008,27075,51083,24967,26116,Goa,Covaxin
28353,47556,75909,5059,70850,Gujarat,Covaxin
1808,9131,10939,8678,2261,Haryana,Covaxin
23356,14617,37973,5261,32712,Himachal Pradesh,Covaxin
47052,22660,69712,51959,17753,Jammu and Kashmir,Covaxin
15959,29302,45261,12285,32976,Jharkhand,Covaxin
42016,15770,57786,15554,42232,Karnataka,Covaxin
8543,27530,36073,7148,28925,Kerala,Covaxin
33321,3434,36755,26277,10478,Lakshadweep,Covaxin
16644,43949,60593,14557,46036,Ladakh,Covaxin
22750,15266,38016,20379,17637,Madhya Pradesh,Covaxin
27715,9148,36863,16368,20495,Maharashtra,Covaxin
2683,3556,6239,5098,1141,Manipur,Covaxin
20378,3194,23572,9190,14382,Meghalaya,Covaxin
10048,14963,25011,18843,6168,Mizoram,Covaxin
10892,10123,21015,6340,14675,Nagaland,Covaxin
31671,9009,40680,28513,12167,Odisha,Covaxin
45675,45026,90701,86123,4578,Puducherry,Covaxin
35064,45274,80338,17329,63009,Punjab,Covaxin
38208,23730,61938,19003,42935,Rajasthan,Covaxin
45057,41821,86878,58094,28784,Sikkim,Covaxin
24617,42038,66655,26929,39726,Tamil Nadu,Covaxin
18780,49332,68112,49241,18871,Telengana,Covaxin
16063,24016,40079,7867,32212,Tripura,Covaxin
26372,40530,66902,45425,21477,Uttarakhand,Covaxin
38906,40989,79895,77759,2136,Uttar Pradesh,Covaxin
29949,9434,39383,19417,19966,West Bengal,Covaxin
1994,47489,49483,22054,27429,Andhra Pradesh,Covaxin
41457,3120,44577,24828,19749,Andaman and Nicobar Islands,Covaxin
42902,40898,83800,23470,60330,Arunachal Pradesh,Covaxin
20303,5293,25596,19864,5732,Assam,Covaxin
49098,25862,74960,38431,36529,Bihar,Covaxin
29276,19203,48479,24710,23769,Chandigarh,Covaxin
36098,12749,48847,28348,20499,Chhattisgarh,Covaxin
25820,49919,75739,63758,11981,Dadra and Nagar Haveli and Daman and Diu,Covaxin
15596,22906,38502,35116,3386,Delhi,Covaxin
27879,12689,40568,20064,20504,Goa,Covaxin
24333,27081,51414,5889,45525,Gujarat,Covaxin
14186,2894,17080,5333,11747,Haryana,Covaxin
49114,2708,51822,22278,29544,Himachal Pradesh,Covaxin
39836,10805,50641,31196,19445,Jammu and Kashmir,Covaxin
23193,2657,25850,23352,2498,Jharkhand,Covaxin
21904,26579,48483,29197,19286,Karnataka,Covaxin
47616,47391,95007,49160,45847,Kerala,Covaxin
26977,6189,33166,17282,15884,Lakshadweep,Covaxin
43773,24389,68162,30996,37166,Ladakh,Covaxin
19388,3295,22683,10645,12038,Madhya Pradesh,Covaxin
10757,19232,29989,24014,5975,Maharashtra,Covaxin
43006,17711,60717,21595,39122,Manipur,Covaxin
2716,48646,51362,19194,32168,Meghalaya,Covaxin
21124,18241,39365,15428,23937,Mizoram,Covaxin
34071,21617,55688,53811,1877,Nagaland,Covaxin
43195,45191,88386,49417,38969,Odisha,Covaxin
21469,45551,67020,63182,3838,Puducherry,Covaxin
7958,49547,57505,18939,38566,Punjab,Covaxin
23972,28432,52404,26847,25557,Rajasthan,Covaxin
10183,5280,15463,13402,2061,Sikkim,Covaxin
34401,36383,70784,38537,32247,Tamil Nadu,Covaxin
18399,43469,61868,32540,29328,Telengana,Covaxin
24769,48925,73694,48300,25394,Tripura,Covaxin
47140,36264,83404,77503,5901,Uttarakhand,Covaxin
2154,43462,45616,12429,33187,Uttar Pradesh,Covaxin
46587,6314,52901,51874,1027,West Bengal,Covaxin
39827,33921,73748,51103,22645,Andhra Pradesh,Covaxin
39162,15643,54805,39239,15566,Andaman and Nicobar Islands,Covaxin
41845,45856,87701,55563,32138,Arunachal Pradesh,Covaxin
20681,21673,42354,10278,32076,Assam,Covaxin
8197,9161,17358,13336,4022,Bihar,Covaxin
37241,8280,45521,19559,25962,Chandigarh,Covaxin
33629,41056,74685,5016,69669,Chhattisgarh,Covaxin
12990,1698,14688,10778,3910,Dadra and Nagar Haveli and Daman and Diu,Covaxin
13315,35634,48949,6230,42719,Delhi,Covaxin
36546,9160,45706,13251,32455,Goa,Covaxin
28300,35664,63964,27929,36035,Gujarat,Covaxin
16727,14134,30861,20540,10321,Haryana,Covaxin
27749,49886,77635,50721,26914,Himachal Pradesh,Covaxin
11399,32821,44220,40726,3494,Jammu and Kashmir,Covaxin
40910,2436,43346,14744,28602,Jharkhand,Covaxin
11888,10537,22425,9741,12684,Karnataka,Covaxin
6383,44758,51141,36419,14722,Kerala,Covaxin
11656,15643,27299,22352,4947,Lakshadweep,Covaxin
24127,24538,48665,22963,25702,Ladakh,Covaxin
20694,5139,25833,20668,5165,Madhya Pradesh,Covaxin
34241,33137,67378,39736,27642,Maharashtra,Covaxin
31970,17943,49913,15239,34674,Manipur,Covaxin
45661,17778,63439,53589,9850,Meghalaya,Covaxin
43157,23807,66964,32753,34211,Mizoram,Covaxin
19599,12440,32039,11526,20513,Nagaland,Covaxin
26932,40913,67845,12264,55581,Odisha,Covaxin
8344,7752,16096,10795,5301,Puducherry,Covaxin
9561,38444,48005,6842,41163,Punjab,Covaxin
16017,18039,34056,28771,5285,Rajasthan,Covaxin
17674,27390,45064,30462,14602,Sikkim,Covaxin
2727,38155,40882,16618,24264,Tamil Nadu,Covaxin
44980,18373,63353,15949,47404,Telengana,Covaxin
36757,32807,69564,50636,18928,Tripura,Covaxin
40977,2707,43684,32557,11127,Uttarakhand,Covaxin
3227,47318,50545,36250,14295,Uttar Pradesh,Covaxin
17051,18515,35566,35522,44,West Bengal,Covaxin
43506,26823,70329,7028,63301,Andhra Pradesh,Covaxin
40569,16443,57012,19670,37342,Andaman and Nicobar Islands,Covaxin
16547,31946,48493,46538,1955,Arunachal Pradesh,Covaxin
30139,9324,39463,14509,24954,Assam,Covaxin
43230,49845,93075,76761,16314,Bihar,Covaxin
45703,20695,66398,55472,10926,Chandigarh,Covaxin
42127,47804,89931,28398,61533,Chhattisgarh,Covaxin
31059,6946,38005,18853,19152,Dadra and Nagar Haveli and Daman and Diu,Covaxin
42882,14561,57443,39532,17911,Delhi,Covaxin
13087,34373,47460,45229,2231,Goa,Covaxin
35139,2705,37844,6619,31225,Gujarat,Covaxin
13031,30764,43795,20808,22987,Haryana,Covaxin
31362,5336,36698,12864,23834,Himachal Pradesh,Covaxin
46128,30506,76634,67346,9288,Jammu and Kashmir,Covaxin
8406,46680,55086,12592,42494,Jharkhand,Covaxin
31263,10123,41386,25838,15548,Karnataka,Covaxin
34445,24307,58752,26795,31957,Kerala,Covaxin
30122,5657,35779,17620,18159,Lakshadweep,Covaxin
30005,7258,37263,33786,3477,Ladakh,Covaxin
5687,26797,32484,16016,16468,Madhya Pradesh,Covaxin
49006,30734,79740,57913,21827,Maharashtra,Covaxin
12373,47087,59460,51978,7482,Manipur,Covaxin
32717,41661,74378,14441,59937,Meghalaya,Covaxin
1624,1695,3319,#NUM!,#NUM!,Mizoram,Covaxin
45091,17341,62432,43512,18920,Nagaland,Covaxin
1958,42570,44528,6716,37812,Odisha,Covaxin
4479,34901,39380,38831,549,Puducherry,Covaxin
14628,48629,63257,34109,29148,Punjab,Covaxin
15081,42818,57899,23818,34081,Rajasthan,Covaxin
28526,11694,40220,34859,5361,Sikkim,Covaxin
37106,9171,46277,30309,15968,Tamil Nadu,Covaxin
14714,6172,20886,16096,4790,Telengana,Covaxin
22499,19659,42158,37739,4419,Tripura,Covaxin
30083,30561,60644,45304,15340,Uttarakhand,Covaxin
33369,19753,53122,23052,30070,Uttar Pradesh,Covaxin
25898,24200,50098,38593,11505,West Bengal,Covaxin
12073,26371,38444,21544,16900,Andhra Pradesh,Covaxin
46503,16700,63203,44330,18873,Andaman and Nicobar Islands,Covaxin
16744,9782,26526,11202,15324,Arunachal Pradesh,Covaxin
37530,10472,48002,43788,4214,Assam,Covaxin
44981,2282,47263,34253,13010,Bihar,Covaxin
30891,11759,42650,36556,6094,Chandigarh,Covaxin
6657,31987,38644,30871,7773,Chhattisgarh,Covaxin
38066,13237,51303,11665,39638,Dadra and Nagar Haveli and Daman and Diu,Covaxin
22144,42081,64225,14930,49295,Delhi,Covaxin
41779,21896,63675,33808,29867,Goa,Covaxin
44300,37171,81471,39396,42075,Gujarat,Covaxin
12310,20596,32906,27793,5113,Haryana,Covaxin
7266,19825,27091,21501,5590,Himachal Pradesh,Covaxin
12456,49461,61917,6733,55184,Jammu and Kashmir,Covaxin
17592,42750,60342,30408,29934,Jharkhand,Covaxin
43766,17112,60878,48392,12486,Karnataka,Covaxin
9404,33430,42834,30538,12296,Kerala,Covaxin
37546,49665,87211,72627,14584,Lakshadweep,Covaxin
2903,3256,6159,5151,1008,Ladakh,Covaxin
23423,45125,68548,62601,5947,Madhya Pradesh,Covaxin
49177,4681,53858,35378,18480,Maharashtra,Covaxin
15635,45871,61506,46338,15168,Manipur,Covaxin
31736,43652,75388,37817,37571,Meghalaya,Covaxin
40591,10195,50786,44277,6509,Mizoram,Covaxin
25776,13653,39429,19650,19779,Nagaland,Covaxin
2346,6620,8966,8723,243,Odisha,Covaxin
36973,33917,70890,36490,34400,Puducherry,Covaxin
29321,38927,68248,17251,50997,Punjab,Covaxin
13546,16937,30483,9961,20522,Rajasthan,Covaxin
40561,4455,45016,43248,1768,Sikkim,Covaxin
3771,30911,34682,28840,5842,Tamil Nadu,Covaxin
46539,47037,93576,71806,21770,Telengana,Covaxin
8134,4204,12338,10607,1731,Tripura,Covaxin
47886,12233,60119,53883,6236,Uttarakhand,Covaxin
33454,48724,82178,40640,41538,Uttar Pradesh,Covaxin
18962,10145,29107,6173,22934,West Bengal,Covaxin
43411,48340,91751,59414,32337,Andhra Pradesh,Covaxin
34551,28806,63357,19863,43494,Andaman and Nicobar Islands,Covaxin
10663,5927,16590,9573,7017,Arunachal Pradesh,Covaxin
8242,19906,28148,5405,22743,Assam,Covaxin
33463,46985,80448,26478,53970,Bihar,Covaxin
24150,2749,26899,10691,16208,Chandigarh,Covaxin
8812,32475,41287,28356,12931,Chhattisgarh,Covaxin
9069,34570,43639,15249,28390,Dadra and Nagar Haveli and Daman and Diu,Covaxin
25824,9242,35066,29364,5702,Delhi,Covaxin
15537,16492,32029,27099,4930,Goa,Covaxin
20873,42161,63034,38539,24495,Gujarat,Covaxin
27324,3495,30819,10951,19868,Haryana,Covaxin
40532,9775,50307,42943,7364,Himachal Pradesh,Covaxin
45169,40711,85880,16262,69618,Jammu and Kashmir,Covaxin
44339,16618,60957,31351,29606,Jharkhand,Covaxin
40656,12103,52759,9473,43286,Karnataka,Covaxin
17876,30484,48360,47032,1328,Kerala,Covaxin
31878,39471,71349,25205,46144,Lakshadweep,Covaxin
25029,26136,51165,8645,42520,Ladakh,Covaxin
37481,46408,83889,9690,74199,Madhya Pradesh,Covaxin
15457,33671,49128,19803,29325,Maharashtra,Covaxin
45359,27308,72667,42084,30583,Manipur,Covaxin
24888,22937,47825,15821,32004,Meghalaya,Covaxin
25849,8980,34829,28642,6187,Mizoram,Covaxin
46387,49795,96182,54004,42178,Nagaland,Covaxin
2927,46687,49614,12018,37596,Odisha,Covaxin
31780,19909,51689,5536,46153,Puducherry,Covaxin
42855,4108,46963,22336,24627,Punjab,Covaxin
7732,10969,18701,8813,9888,Rajasthan,Covaxin
32184,19219,51403,28268,23135,Sikkim,Covaxin
30678,14826,45504,29389,16115,Tamil Nadu,Covaxin
48898,35856,84754,20008,64746,Telengana,Covaxin
11769,42262,54031,35701,18330,Tripura,Covaxin
11294,45353,56647,18950,37697,Uttarakhand,Covaxin
37425,44296,81721,51412,30309,Uttar Pradesh,Covaxin
7653,17579,25232,6572,18660,West Bengal,Covaxin
36459,39912,76371,30218,46153,Andhra Pradesh,Covaxin
2232,5174,7406,5887,1519,Andaman and Nicobar Islands,Covaxin
29655,42802,72457,68719,3738,Arunachal Pradesh,Covaxin
5146,24083,29229,19008,10221,Assam,Covaxin
26906,23483,50389,27242,23147,Bihar,Covaxin
44247,23064,67311,63867,3444,Chandigarh,Covaxin
36999,34643,71642,5234,66408,Chhattisgarh,Covaxin
9881,19034,28915,19987,8928,Dadra and Nagar Haveli and Daman and Diu,Covaxin
38672,33814,72486,28465,44021,Delhi,Covaxin
30442,5516,35958,30533,5425,Goa,Covaxin
21377,3267,24644,23737,907,Gujarat,Covaxin
16363,14372,30735,23579,7156,Haryana,Covaxin
38267,45783,84050,43966,40084,Himachal Pradesh,Covaxin
14114,33346,47460,26585,20875,Jammu and Kashmir,Covaxin
7442,3821,11263,8535,2728,Jharkhand,Covaxin
46112,20812,66924,63963,2961,Karnataka,Covaxin
33058,46535,79593,73633,5960,Kerala,Covaxin
36895,49320,86215,25326,60889,Lakshadweep,Covaxin
35500,38925,74425,12772,61653,Ladakh,Covaxin
9861,16721,26582,21428,5154,Madhya Pradesh,Covaxin
19129,28567,47696,42159,5537,Maharashtra,Covaxin
10618,45899,56517,33348,23169,Manipur,Covaxin
12200,14566,26766,6550,20216,Meghalaya,Covaxin
30961,23961,54922,45298,9624,Mizoram,Covaxin
43128,11536,54664,25066,29598,Nagaland,Covaxin
16705,45890,62595,31106,31489,Odisha,Covaxin
32345,22478,54823,42587,12236,Puducherry,Covaxin
42609,42729,85338,27998,57340,Punjab,Covaxin
2114,13998,16112,15312,800,Rajasthan,Covaxin
15538,19729,35267,14891,20376,Sikkim,Covaxin
34133,19091,53224,47544,5680,Tamil Nadu,Covaxin
18010,42546,60556,45461,15095,Telengana,Covaxin
38808,26772,65580,51804,13776,Tripura,Covaxin
29903,43360,73263,21866,51397,Uttarakhand,Covaxin
24091,2536,26627,12954,13673,Uttar Pradesh,Covaxin
12632,20167,32799,20033,12766,West Bengal,Covaxin
3619,23605,27224,9220,18004,Andhra Pradesh,Covaxin
15998,38112,54110,49558,4552,Andaman and Nicobar Islands,Covaxin
1869,10382,12251,11023,1228,Arunachal Pradesh,Covaxin
45628,16563,62191,57911,4280,Assam,Covaxin
27837,13711,41548,15638,25910,Bihar,Covaxin
3428,47166,50594,49051,1543,Chandigarh,Covaxin
31766,14265,46031,19006,27025,Chhattisgarh,Covaxin
42851,40384,83235,18945,64290,Dadra and Nagar Haveli and Daman and Diu,Covaxin
36942,8101,45043,42965,2078,Delhi,Covaxin
31439,43998,75437,60233,15204,Goa,Covaxin
31605,29042,60647,7093,53554,Gujarat,Covaxin
18311,47435,65746,20028,45718,Haryana,Covaxin
33800,23508,57308,56691,617,Himachal Pradesh,Covaxin
14339,8351,22690,17158,5532,Jammu and Kashmir,Covaxin
45937,6084,52021,43349,8672,Jharkhand,Covaxin
11856,46707,58563,25512,33051,Karnataka,Covaxin
12927,18231,31158,21899,9259,Kerala,Covaxin
1630,28386,30016,20152,9864,Lakshadweep,Covaxin
9370,11417,20787,20754,33,Ladakh,Covaxin
40367,26306,66673,52882,13791,Madhya Pradesh,Covaxin
31015,10428,41443,32659,8784,Maharashtra,Covaxin
11459,28324,39783,12174,27609,Manipur,Covaxin
34382,38059,72441,33892,38549,Meghalaya,Covaxin
20157,49784,69941,55342,14599,Mizoram,Covaxin
20859,46903,67762,66097,1665,Nagaland,Covaxin
42422,26128,68550,61730,6820,Odisha,Covaxin
27089,17517,44606,24978,19628,Puducherry,Covaxin
9859,15708,25567,6651,18916,Punjab,Covaxin
36509,27723,64232,49610,14622,Rajasthan,Covaxin
25422,14148,39570,19689,19881,Sikkim,Covaxin
27521,17043,44564,13989,30575,Tamil Nadu,Covaxin
19351,6900,26251,20290,5961,Telengana,Covaxin
14038,25013,39051,16053,22998,Tripura,Covaxin
34990,12372,47362,6387,40975,Uttarakhand,Covaxin
4626,37438,42064,20330,21734,Uttar Pradesh,Covaxin
32213,37535,69748,52806,16942,West Bengal,Covaxin
30097,48225,78322,53819,24503,Andhra Pradesh,Covaxin
42615,40172,82787,81274,1513,Andaman and Nicobar Islands,Covaxin
19562,19066,38628,21912,16716,Arunachal Pradesh,Covaxin
10678,26726,37404,18326,19078,Assam,Covaxin
22037,39415,61452,51797,9655,Bihar,Covaxin
48054,42378,90432,56216,34216,Chandigarh,Covaxin
32627,46933,79560,29354,50206,Chhattisgarh,Covaxin
5044,18076,23120,5291,17829,Dadra and Nagar Haveli and Daman and Diu,Covaxin
49615,3071,52686,33214,19472,Delhi,Covaxin
25752,18103,43855,17019,26836,Goa,Covaxin
16838,30676,47514,38153,9361,Gujarat,Covaxin
25514,8031,33545,21917,11628,Haryana,Covaxin
15605,35444,51049,47350,3699,Himachal Pradesh,Covaxin
2611,40032,42643,6038,36605,Jammu and Kashmir,Covaxin
39879,5850,45729,25238,20491,Jharkhand,Covaxin
14767,21359,36126,15291,20835,Karnataka,Covaxin
25001,37412,62413,51363,11050,Kerala,Covaxin
16740,28100,44840,7153,37687,Lakshadweep,Covaxin
31569,18852,50421,17918,32503,Ladakh,Covaxin
37441,27842,65283,45504,19779,Madhya Pradesh,Covaxin
3726,5564,9290,8289,1001,Maharashtra,Covaxin
27022,50000,77022,22874,54148,Manipur,Covaxin
5944,20479,26423,13020,13403,Meghalaya,Covaxin
27110,40611,67721,63689,4032,Mizoram,Covaxin
6341,31450,37791,28217,9574,Nagaland,Covaxin
47429,3664,51093,26805,24288,Odisha,Covaxin
9756,15188,24944,19609,5335,Puducherry,Covaxin
5364,36627,41991,29886,12105,Punjab,Covaxin
49218,45895,95113,31477,63636,Rajasthan,Covaxin
41512,43411,84923,56962,27961,Sikkim,Covaxin
3872,24495,28367,5576,22791,Tamil Nadu,Covaxin
43918,10964,54882,32600,22282,Telengana,Covaxin
11275,13262,24537,17320,7217,Tripura,Covaxin
38634,33001,71635,17668,53967,Uttarakhand,Covaxin
5014,27052,32066,12585,19481,Uttar Pradesh,Covaxin
25587,36378,61965,13640,48325,West Bengal,Covaxin
1639,40006,41645,41523,122,Andhra Pradesh,Covaxin
31750,41161,72911,61542,11369,Andaman and Nicobar Islands,Covaxin
10581,6429,17010,11009,6001,Arunachal Pradesh,Covaxin
40161,48314,88475,13194,75281,Assam,Covaxin
2706,16342,19048,13722,5326,Bihar,Covaxin
45579,35088,80667,48595,32072,Chandigarh,Covaxin
29313,9887,39200,6281,32919,Chhattisgarh,Covaxin
22016,38737,60753,32688,28065,Dadra and Nagar Haveli and Daman and Diu,Covaxin
41583,48949,90532,17024,73508,Delhi,Covaxin
33061,8745,41806,19846,21960,Goa,Covaxin
17910,20278,38188,21905,16283,Gujarat,Covaxin
19633,43536,63169,15589,47580,Haryana,Covaxin
9575,14163,23738,20714,3024,Himachal Pradesh,Covaxin
42561,21712,64273,42668,21605,Jammu and Kashmir,Covaxin
14617,4326,18943,17861,1082,Jharkhand,Covaxin
36620,11677,48297,18593,29704,Karnataka,Covaxin
22148,1821,23969,15630,8339,Kerala,Covaxin
10818,7476,18294,5112,13182,Lakshadweep,Covaxin
24571,45500,70071,24392,45679,Ladakh,Covaxin
25114,3543,28657,26759,1898,Madhya Pradesh,Covaxin
44224,22656,66880,22489,44391,Maharashtra,Covaxin
11897,32688,44585,30349,14236,Manipur,Covaxin
22989,39494,62483,47943,14540,Meghalaya,Covaxin
33652,41332,74984,61111,13873,Mizoram,Covaxin
42926,4056,46982,30735,16247,Nagaland,Covaxin
21773,33335,55108,31417,23691,Odisha,Covaxin
48438,30401,78839,47981,30858,Puducherry,Covaxin
24286,9134,33420,25817,7603,Punjab,Covaxin
5800,21797,27597,7927,19670,Rajasthan,Covaxin
10935,41774,52709,33635,19074,Sikkim,Covaxin
33405,39041,72446,32497,39949,Tamil Nadu,Covaxin
47834,15498,63332,33209,30123,Telengana,Covaxin
15834,19351,35185,26765,8420,Tripura,Covaxin
23752,9198,32950,20152,12798,Uttarakhand,Covaxin
32473,4721,37194,7707,29487,Uttar Pradesh,Covaxin
6884,45953,52837,51555,1282,West Bengal,Covaxin
39396,24168,63564,51576,11988,Andhra Pradesh,Covaxin
11774,49755,61529,48355,13174,Andaman and Nicobar Islands,Covaxin
5294,22993,28287,10738,17549,Arunachal Pradesh,Covaxin
15394,14653,30047,14008,16039,Assam,Covaxin
36293,28193,64486,21679,42807,Bihar,Covaxin
46517,38978,85495,79816,5679,Chandigarh,Covaxin
31754,43933,75687,55246,20441,Chhattisgarh,Covaxin
28274,12086,40360,38306,2054,Dadra and Nagar Haveli and Daman and Diu,Covaxin
16743,15061,31804,9751,22053,Delhi,Covaxin
5350,8837,14187,14142,45,Goa,Covaxin
22134,28216,50350,33744,16606,Gujarat,Covaxin
42034,48570,90604,15653,74951,Haryana,Covaxin
17943,17383,35326,10711,24615,Himachal Pradesh,Covaxin
41552,16639,58191,37568,20623,Jammu and Kashmir,Covaxin
15922,25403,41325,30669,10656,Jharkhand,Covaxin
40016,40199,80215,45913,34302,Karnataka,Covaxin
35631,13499,49130,44109,5021,Kerala,Covaxin
46082,29314,75396,66139,9257,Lakshadweep,Covaxin
45456,47975,93431,9293,84138,Ladakh,Covaxin
45631,39113,84744,29640,55104,Madhya Pradesh,Covaxin
3068,23117,26185,6135,20050,Maharashtra,Covaxin
3042,48237,51279,17689,33590,Manipur,Covaxin
43958,5700,49658,37946,11712,Meghalaya,Covaxin
43731,28279,72010,59966,12044,Mizoram,Covaxin
47352,5500,52852,35382,17470,Nagaland,Covaxin
15018,17739,32757,30622,2135,Odisha,Covaxin
18536,16426,34962,6349,28613,Puducherry,Covaxin
9853,23657,33510,6142,27368,Punjab,Covaxin
40131,24211,64342,54388,9954,Rajasthan,Covaxin
34448,12797,47245,45959,1286,Sikkim,Covaxin
43362,22238,65600,26057,39543,Tamil Nadu,Covaxin
48750,26885,75635,61983,13652,Telengana,Covaxin
16154,8466,24620,17669,6951,Tripura,Covaxin
48813,9930,58743,37618,21125,Uttarakhand,Covaxin
32338,34431,66769,27829,38940,Uttar Pradesh,Covaxin
9599,35272,44871,22363,22508,West Bengal,Covaxin
34472,49978,84450,62946,21504,Andhra Pradesh,Covaxin
29236,29864,59100,9305,49795,Andaman and Nicobar Islands,Covaxin
43845,14422,58267,7697,50570,Arunachal Pradesh,Covaxin
44072,40417,84489,68056,16433,Assam,Covaxin
35578,16635,52213,50930,1283,Bihar,Covaxin
14960,40978,55938,23592,32346,Chandigarh,Covaxin
40977,40304,81281,36412,44869,Chhattisgarh,Covaxin
22672,8451,31123,21645,9478,Dadra and Nagar Haveli and Daman and Diu,Covaxin
8818,18338,27156,11438,15718,Delhi,Covaxin
29314,3649,32963,22314,10649,Goa,Covaxin
4538,8045,12583,6496,6087,Gujarat,Covaxin
41391,17260,58651,42497,16154,Haryana,Covaxin
34218,1552,35770,34913,857,Himachal Pradesh,Covaxin
19480,46401,65881,29849,36032,Jammu and Kashmir,Covaxin
8144,12008,20152,15641,4511,Jharkhand,Covaxin
25303,6324,31627,20645,10982,Karnataka,Covaxin
32593,32318,64911,22677,42234,Kerala,Covaxin
27882,12901,40783,28572,12211,Lakshadweep,Covaxin
29490,38699,68189,8549,59640,Ladakh,Covaxin
47868,24429,72297,60775,11522,Madhya Pradesh,Covaxin
32554,34591,67145,65563,1582,Maharashtra,Covaxin
29228,19351,48579,6453,42126,Manipur,Covaxin
16683,20457,37140,23842,13298,Meghalaya,Covaxin
20155,47109,67264,12924,54340,Mizoram,Covaxin
28067,25766,53833,50125,3708,Nagaland,Covaxin
45645,38873,84518,24544,59974,Odisha,Covaxin
43199,39352,82551,56092,26459,Puducherry,Covaxin
27604,9867,37471,27368,10103,Punjab,Covaxin
15752,17830,33582,17385,16197,Rajasthan,Covaxin
49457,31503,80960,26050,54910,Sikkim,Covaxin
17139,42668,59807,27230,32577,Tamil Nadu,Covaxin
7577,23261,30838,22556,8282,Telengana,Covaxin
32004,31595,63599,55323,8276,Tripura,Covaxin
40685,28085,68770,12610,56160,Uttarakhand,Covaxin
5001,19809,24810,5082,19728,Uttar Pradesh,Covaxin
17226,31335,48561,35620,12941,West Bengal,Covaxin
23493,8277,31770,21898,9872,Andhra Pradesh,Covaxin
38457,32205,70662,68817,1845,Andaman and Nicobar Islands,Covaxin
38839,42394,81233,40678,40555,Arunachal Pradesh,Covaxin
7443,23119,30562,26859,3703,Assam,Covaxin
7298,37135,44433,10747,33686,Bihar,Covaxin
8416,37365,45781,28856,16925,Chandigarh,Covaxin
35441,39172,74613,30809,43804,Chhattisgarh,Covaxin
14083,32140,46223,34724,11499,Dadra and Nagar Haveli and Daman and Diu,Covaxin
13330,14575,27905,8487,19418,Delhi,Covaxin
24260,19620,43880,18965,24915,Goa,Covaxin
30326,27396,57722,15265,42457,Gujarat,Covaxin
21632,40723,62355,40516,21839,Haryana,Covaxin
49853,17569,67422,14047,53375,Himachal Pradesh,Covaxin
38672,6831,45503,20666,24837,Jammu and Kashmir,Covaxin
40915,48453,89368,45890,43478,Jharkhand,Covaxin
22799,12524,35323,12514,22809,Karnataka,Covaxin
46826,17606,64432,16703,47729,Kerala,Covaxin
39224,12906,52130,30956,21174,Lakshadweep,Covaxin
32734,43357,76091,10377,65714,Ladakh,Covaxin
17211,26090,43301,39782,3519,Madhya Pradesh,Covaxin
17398,46769,64167,34837,29330,Maharashtra,Covaxin
35333,13379,48712,20599,28113,Manipur,Covaxin
45974,27141,73115,48406,24709,Meghalaya,Covaxin
4909,5811,10720,6277,4443,Mizoram,Covaxin
31080,21638,52718,36617,16101,Nagaland,Covaxin
23559,13746,37305,19670,17635,Odisha,Covaxin
8641,24351,32992,29729,3263,Puducherry,Covaxin
39524,23322,62846,57379,5467,Punjab,Covaxin
14164,5684,19848,14629,5219,Rajasthan,Covaxin
7521,22399,29920,29202,718,Sikkim,Covaxin
8323,24816,33139,17717,15422,Tamil Nadu,Covaxin
15850,49337,65187,33805,31382,Telengana,Covaxin
10163,27390,37553,23299,14254,Tripura,Covaxin
37516,25230,62746,45296,17450,Uttarakhand,Covaxin
3096,11651,14747,7068,7679,Uttar Pradesh,Covaxin
30309,43377,73686,60887,12799,West Bengal,Covaxin
29458,33999,63457,49381,14076,Andhra Pradesh,Covaxin
16799,15445,32244,5114,27130,Andaman and Nicobar Islands,Covaxin
40379,20017,60396,28265,32131,Arunachal Pradesh,Covaxin
34591,20079,54670,51154,3516,Assam,Covaxin
30628,31165,61793,23708,38085,Bihar,Covaxin
35957,37187,73144,51714,21430,Chandigarh,Covaxin
41598,48927,90525,14836,75689,Chhattisgarh,Covaxin
2704,8272,10976,6605,4371,Dadra and Nagar Haveli and Daman and Diu,Covaxin
21461,33877,55338,29562,25776,Delhi,Covaxin
14158,35029,49187,33938,15249,Goa,Covaxin
15966,14500,30466,24721,5745,Gujarat,Covaxin
26126,48058,74184,57250,16934,Haryana,Covaxin
30914,5737,36651,10388,26263,Himachal Pradesh,Covaxin
48683,19666,68349,18623,49726,Jammu and Kashmir,Covaxin
45738,6973,52711,10185,42526,Jharkhand,Covaxin
10697,41394,52091,49815,2276,Karnataka,Covaxin
16160,47587,63747,16196,47551,Kerala,Covaxin
48403,6427,54830,6314,48516,Lakshadweep,Covaxin
34157,25707,59864,11999,47865,Ladakh,Covaxin
36702,35027,71729,45531,26198,Madhya Pradesh,Covaxin
28606,49347,77953,50401,27552,Maharashtra,Covaxin
35645,4027,39672,27020,12652,Manipur,Covaxin
1552,40974,42526,29861,12665,Meghalaya,Covaxin
46774,30176,76950,24324,52626,Mizoram,Covaxin
18089,36830,54919,14792,40127,Nagaland,Covaxin
37178,44555,81733,71776,9957,Odisha,Covaxin
3983,13466,17449,15014,2435,Puducherry,Covaxin
6007,5411,11418,5731,5687,Punjab,Covaxin
32208,44974,77182,69260,7922,Rajasthan,Covaxin
47617,36941,84558,22463,62095,Sikkim,Covaxin
24957,11796,36753,11325,25428,Tamil Nadu,Covaxin
5590,34767,40357,7157,33200,Telengana,Covaxin
11093,40683,51776,21799,29977,Tripura,Covaxin
43705,31240,74945,45564,29381,Uttarakhand,Covaxin
36439,49489,85928,24852,61076,Uttar Pradesh,Covaxin
25752,20955,46707,23142,23565,West Bengal,Covaxin
27211,37450,64661,48865,15796,Andhra Pradesh,Covaxin
40510,36872,77382,50702,26680,Andaman and Nicobar Islands,Covaxin
22607,17198,39805,18392,21413,Arunachal Pradesh,Covaxin
33031,43616,76647,55922,20725,Assam,Covaxin
24622,37740,62362,53889,8473,Bihar,Covaxin
38454,35981,74435,50702,23733,Chandigarh,Covaxin
40287,22978,63265,37233,26032,Chhattisgarh,Covaxin
37586,47195,84781,17995,66786,Dadra and Nagar Haveli and Daman and Diu,Covaxin
10710,25329,36039,34569,1470,Delhi,Covaxin
14587,39126,53713,34342,19371,Goa,Covaxin
28295,4645,32940,25301,7639,Gujarat,Covaxin
39711,22007,61718,48602,13116,Haryana,Covaxin
21691,34231,55922,20947,34975,Himachal Pradesh,Covaxin
46833,4745,51578,22380,29198,Jammu and Kashmir,Covaxin
17963,26141,44104,30727,13377,Jharkhand,Covaxin
23319,43736,67055,59589,7466,Karnataka,Covaxin
19653,8875,28528,11086,17442,Kerala,Covaxin
21775,12494,34269,16799,17470,Lakshadweep,Covaxin
7717,18733,26450,19251,7199,Ladakh,Covaxin
43850,24019,67869,19980,47889,Madhya Pradesh,Covaxin
29282,41980,71262,61667,9595,Maharashtra,Covaxin
1509,30385,31894,7523,24371,Manipur,Covaxin
23508,25185,48693,25872,22821,Meghalaya,Covaxin
29933,25064,54997,18778,36219,Mizoram,Covaxin
27580,39966,67546,16116,51430,Nagaland,Covaxin
3836,23686,27522,10553,16969,Odisha,Covaxin
37998,48286,86284,71026,15258,Puducherry,Covaxin
1544,24970,26514,21360,5154,Punjab,Covaxin
4565,3405,7970,5925,2045,Rajasthan,Covaxin
42789,6793,49582,21311,28271,Sikkim,Covaxin
40295,36125,76420,37435,38985,Tamil Nadu,Covaxin
47033,25719,72752,44981,27771,Telengana,Covaxin
33704,6683,40387,5374,35013,Tripura,Covaxin
3857,43301,47158,21156,26002,Uttarakhand,Covaxin
37751,43899,81650,56283,25367,Uttar Pradesh,Covaxin
12566,21462,34028,6812,27216,West Bengal,Covaxin
18438,34979,53417,19021,34396,Andhra Pradesh,Covaxin
41695,2749,44444,9922,34522,Andaman and Nicobar Islands,Covaxin
24507,5982,30489,15644,14845,Arunachal Pradesh,Covaxin
20885,2624,23509,22520,989,Assam,Covaxin
11789,14831,26620,13016,13604,Bihar,Covaxin
44607,37782,82389,17165,65224,Chandigarh,Covaxin
12417,45950,58367,15916,42451,Chhattisgarh,Covaxin
38630,10895,49525,19177,30348,Dadra and Nagar Haveli and Daman and Diu,Covaxin
17391,24574,41965,22826,19139,Delhi,Covaxin
42640,5201,47841,23757,24084,Goa,Covaxin
6698,25560,32258,12840,19418,Gujarat,Covaxin
18054,12969,31023,6978,24045,Haryana,Covaxin
4018,19963,23981,7576,16405,Himachal Pradesh,Covaxin
40559,17223,57782,37211,20571,Jammu and Kashmir,Covaxin
6055,30729,36784,27746,9038,Jharkhand,Covaxin
17732,3406,21138,10026,11112,Karnataka,Covaxin
30183,29170,59353,44345,15008,Kerala,Covaxin
3111,49935,53046,48661,4385,Lakshadweep,Covaxin
20515,3143,23658,11456,12202,Ladakh,Covaxin
15969,2900,18869,8626,10243,Madhya Pradesh,Covaxin
34287,29733,64020,46196,17824,Maharashtra,Covaxin
33981,12152,46133,14407,31726,Manipur,Covaxin
7263,17939,25202,21031,4171,Meghalaya,Covaxin
47205,5773,52978,5852,47126,Mizoram,Covaxin
48908,38240,87148,57701,29447,Nagaland,Covaxin
42784,49378,92162,62342,29820,Odisha,Covaxin
49121,5268,54389,26341,28048,Puducherry,Covaxin
23279,9262,32541,12972,19569,Punjab,Covaxin
15964,45194,61158,56539,4619,Rajasthan,Covaxin
39534,31532,71066,20985,50081,Sikkim,Covaxin
46181,43457,89638,66639,22999,Tamil Nadu,Covaxin
18008,7731,25739,9626,16113,Telengana,Covaxin
48617,43917,92534,62348,30186,Tripura,Covaxin
47309,1925,49234,48953,281,Uttarakhand,Covaxin
38612,40888,79500,46457,33043,Uttar Pradesh,Covaxin
29839,28951,58790,6945,51845,West Bengal,Covaxin
17958,48800,66758,5079,61679,Andhra Pradesh,Covaxin
21972,12627,34599,19198,15401,Andaman and Nicobar Islands,Covaxin
44635,34399,79034,61496,17538,Arunachal Pradesh,Covaxin
43062,33360,76422,27767,48655,Assam,Covaxin
23003,28903,51906,51625,281,Bihar,Covaxin
24444,43596,68040,42615,25425,Chandigarh,Covaxin
3015,20353,23368,12446,10922,Chhattisgarh,Covaxin
1513,10401,11914,5215,6699,Dadra and Nagar Haveli and Daman and Diu,Covaxin
10171,24167,34338,19171,15167,Delhi,Covaxin
44217,34431,78648,13402,65246,Goa,Covaxin
21139,7571,28710,20023,8687,Gujarat,Covaxin
30707,47908,78615,38175,40440,Haryana,Covaxin
9686,11173,20859,14796,6063,Himachal Pradesh,Covaxin
32690,21531,54221,38668,15553,Jammu and Kashmir,Covaxin
37356,26100,63456,55239,8217,Jharkhand,Covaxin
15424,34937,50361,35731,14630,Karnataka,Covaxin
15633,39478,55111,41217,13894,Kerala,Covaxin
23266,45211,68477,36084,32393,Lakshadweep,Covaxin
42487,7003,49490,14686,34804,Ladakh,Covaxin
21539,40868,62407,11890,50517,Madhya Pradesh,Covaxin
38343,26552,64895,57195,7700,Maharashtra,Covaxin
35972,5541,41513,12020,29493,Manipur,Covaxin
14643,4752,19395,17178,2217,Meghalaya,Covaxin
28398,29413,57811,30184,27627,Mizoram,Covaxin
7609,46432,54041,25510,28531,Nagaland,Covaxin
21543,16801,38344,31137,7207,Odisha,Covaxin
13762,14305,28067,26526,1541,Puducherry,Covaxin
45301,20373,65674,22806,42868,Punjab,Covaxin
25273,33573,58846,40293,18553,Rajasthan,Covaxin
16413,19984,36397,18734,17663,Sikkim,Covaxin
3638,32528,36166,13950,22216,Tamil Nadu,Covaxin
47370,7558,54928,54277,651,Telengana,Covaxin
29566,39403,68969,50822,18147,Tripura,Covaxin
19202,3501,22703,5483,17220,Uttarakhand,Covaxin
24043,32408,56451,7227,49224,Uttar Pradesh,Covaxin
18485,48771,67256,19769,47487,West Bengal,Covaxin
42171,23741,65912,47174,18738,Andhra Pradesh,Covaxin
8866,49748,58614,27655,30959,Andaman and Nicobar Islands,Covaxin
12303,35166,47469,23387,24082,Arunachal Pradesh,Covaxin
10112,46776,56888,45805,11083,Assam,Covaxin
25694,6401,32095,16387,15708,Bihar,Covaxin
26711,4980,31691,16335,15356,Chandigarh,Covaxin
36106,3607,39713,9250,30463,Chhattisgarh,Covaxin
4407,4614,9021,6305,2716,Dadra and Nagar Haveli and Daman and Diu,Covaxin
15327,32931,48258,5435,42823,Delhi,Covaxin
30898,14770,45668,21572,24096,Goa,Covaxin
7008,10223,17231,14805,2426,Gujarat,Covaxin
49089,44588,93677,49197,44480,Haryana,Covaxin
21670,2358,24028,22473,1555,Himachal Pradesh,Covaxin
19402,2565,21967,5479,16488,Jammu and Kashmir,Covaxin
10879,14664,25543,11723,13820,Jharkhand,Covaxin
3687,6687,10374,7466,2908,Karnataka,Covaxin
49491,22467,71958,56124,15834,Kerala,Covaxin
12922,26171,39093,27140,11953,Lakshadweep,Covaxin
42610,41547,84157,31791,52366,Ladakh,Covaxin
28123,8105,36228,31191,5037,Madhya Pradesh,Covaxin
27507,12031,39538,21527,18011,Maharashtra,Covaxin
16067,26248,42315,11832,30483,Manipur,Covaxin
15207,38107,53314,37422,15892,Meghalaya,Covaxin
3232,6635,9867,9567,300,Mizoram,Covaxin
49207,14537,63744,59623,4121,Nagaland,Covaxin
11782,13506,25288,16434,8854,Odisha,Covaxin
21598,1671,23269,10559,12710,Puducherry,Covaxin
29687,17707,47394,8968,38426,Punjab,Covaxin
11443,29665,41108,15059,26049,Rajasthan,Covaxin
30472,12589,43061,40381,2680,Sikkim,Covaxin
3545,25208,28753,15884,12869,Tamil Nadu,Covaxin
28844,48933,77777,21687,56090,Telengana,Covaxin
8255,43568,51823,17347,34476,Tripura,Covaxin
38661,48860,87521,62773,24748,Uttarakhand,Covaxin
31941,37993,69934,6910,63024,Uttar Pradesh,Covaxin
7680,35951,43631,17234,26397,West Bengal,Covaxin
38957,48228,87185,80918,6267,Andhra Pradesh,Covaxin
12016,23160,35176,29764,5412,Andaman and Nicobar Islands,Covaxin
43170,29663,72833,26902,45931,Arunachal Pradesh,Covaxin
45350,43965,89315,36939,52376,Assam,Covaxin
36201,19216,55417,17279,38138,Bihar,Covaxin
47624,37078,84702,19180,65522,Chandigarh,Covaxin
24295,4840,29135,14076,15059,Chhattisgarh,Covaxin
19952,38417,58369,47676,10693,Dadra and Nagar Haveli and Daman and Diu,Covaxin
9917,19849,29766,28917,849,Delhi,Covaxin
25158,34287,59445,29545,29900,Goa,Covaxin
29208,16010,45218,12386,32832,Gujarat,Covaxin
28911,13628,42539,35616,6923,Haryana,Covaxin
43367,23481,66848,19335,47513,Himachal Pradesh,Covaxin
49073,29147,78220,31573,46647,Jammu and Kashmir,Covaxin
28018,1895,29913,9205,20708,Jharkhand,Covaxin
16607,12720,29327,11938,17389,Karnataka,Covaxin
46389,3410,49799,11562,38237,Kerala,Covaxin
18982,38263,57245,32667,24578,Lakshadweep,Covaxin
39217,21745,60962,21448,39514,Ladakh,Covaxin
45150,34500,79650,25466,54184,Madhya Pradesh,Covaxin
8170,29989,38159,17960,20199,Maharashtra,Covaxin
14363,19397,33760,18655,15105,Manipur,Covaxin
37719,22698,60417,9248,51169,Meghalaya,Covaxin
18928,2191,21119,13286,7833,Mizoram,Covaxin
6850,22661,29511,12140,17371,Nagaland,Covaxin
46357,6636,52993,12027,40966,Odisha,Covaxin
30495,18479,48974,40748,8226,Puducherry,Covaxin
32074,45374,77448,64274,13174,Punjab,Covaxin
20122,12692,32814,18244,14570,Rajasthan,Covaxin
16553,11985,28538,14109,14429,Sikkim,Covaxin
43293,48498,91791,33230,58561,Tamil Nadu,Covaxin
21889,48801,70690,43029,27661,Telengana,Covaxin
6995,42436,49431,45925,3506,Tripura,Covaxin
33909,35719,69628,46851,22777,Uttarakhand,Covaxin
46761,31864,78625,60049,18576,Uttar Pradesh,Covaxin
14429,35685,50114,42634,7480,West Bengal,Covaxin
48966,15683,64649,29343,35306,Andhra Pradesh,Covaxin
22290,17368,39658,38990,668,Andaman and Nicobar Islands,Covaxin
25678,19443,45121,7025,38096,Arunachal Pradesh,Covaxin
38589,47193,85782,75530,10252,Assam,Covaxin
41219,14934,56153,33436,22717,Bihar,Covaxin
24110,24628,48738,14084,34654,Chandigarh,Covaxin
5936,39643,45579,9603,35976,Chhattisgarh,Covaxin
40308,9530,49838,36398,13440,Dadra and Nagar Haveli and Daman and Diu,Covaxin
12980,17805,30785,21173,9612,Delhi,Covaxin
28051,28328,56379,51349,5030,Goa,Covaxin
40541,46396,86937,18808,68129,Gujarat,Covaxin
32188,10230,42418,28845,13573,Haryana,Covaxin
35069,14187,49256,5747,43509,Himachal Pradesh,Covaxin
26021,13783,39804,13383,26421,Jammu and Kashmir,Covaxin
49204,18348,67552,16653,50899,Jharkhand,Covaxin
11967,13104,25071,22402,2669,Karnataka,Covaxin
18702,12381,31083,9123,21960,Kerala,Covaxin
14869,38072,52941,21475,31466,Lakshadweep,Covaxin
13538,6573,20111,11797,8314,Ladakh,Covaxin
20994,49848,70842,40276,30566,Madhya Pradesh,Covaxin
12949,10915,23864,12580,11284,Maharashtra,Covaxin
21286,47345,68631,29028,39603,Manipur,Covaxin
5580,5987,11567,6719,4848,Meghalaya,Covaxin
31092,9655,40747,31705,9042,Mizoram,Covaxin
33423,35943,69366,57539,11827,Nagaland,Covaxin
2236,2999,5235,5125,110,Odisha,Covaxin
45245,26831,72076,66329,5747,Puducherry,Covaxin
48524,39168,87692,50894,36798,Punjab,Covaxin
21359,2945,24304,6064,18240,Rajasthan,Covaxin
24031,22391,46422,20337,26085,Sikkim,Covaxin
14734,16231,30965,9137,21828,Tamil Nadu,Covaxin
12590,12945,25535,13970,11565,Telengana,Covaxin
23762,27136,50898,6876,44022,Tripura,Covaxin
36121,15655,51776,18529,33247,Uttarakhand,Covaxin
18702,31736,50438,37949,12489,Uttar Pradesh,Covaxin
4336,37478,41814,20670,21144,West Bengal,Covaxin
16127,15160,31287,27612,3675,Andhra Pradesh,Covaxin
48247,20495,68742,19646,49096,Andaman and Nicobar Islands,Covaxin
43967,4639,48606,46065,2541,Arunachal Pradesh,Covaxin
13494,4590,18084,16041,2043,Assam,Covaxin
37506,10277,47783,8947,38836,Bihar,Covaxin
42839,28618,71457,32144,39313,Chandigarh,Covaxin
24419,4843,29262,16600,12662,Chhattisgarh,Covaxin
25656,35232,60888,32036,28852,Dadra and Nagar Haveli and Daman and Diu,Covaxin
37714,29937,67651,5086,62565,Delhi,Covaxin
49249,33243,82492,24370,58122,Goa,Covaxin
21286,8217,29503,26043,3460,Gujarat,Covaxin
5315,8035,13350,11581,1769,Haryana,Covaxin
23249,9002,32251,10548,21703,Himachal Pradesh,Covaxin
25505,13656,39161,12513,26648,Jammu and Kashmir,Covaxin
38710,8730,47440,44731,2709,Jharkhand,Covaxin
37098,48979,86077,84498,1579,Karnataka,Covaxin
40720,49969,90689,64785,25904,Kerala,Covaxin
16202,35168,51370,17912,33458,Lakshadweep,Covaxin
20986,39908,60894,59745,1149,Ladakh,Covaxin
37346,45452,82798,67450,15348,Madhya Pradesh,Covaxin
36890,22855,59745,47213,12532,Maharashtra,Covaxin
10382,14548,24930,14829,10101,Manipur,Covaxin
4908,2636,7544,5408,2136,Meghalaya,Covaxin
43319,43891,87210,85903,1307,Mizoram,Covaxin
34084,8325,42409,39591,2818,Nagaland,Covaxin
13827,28468,42295,15044,27251,Odisha,Covaxin
29157,42900,72057,55220,16837,Puducherry,Covaxin
11287,48494,59781,54860,4921,Punjab,Covaxin
28876,12685,41561,12870,28691,Rajasthan,Covaxin
43835,28330,72165,59619,12546,Sikkim,Covaxin
40871,19024,59895,54692,5203,Tamil Nadu,Covaxin
18814,26180,44994,21696,23298,Telengana,Covaxin
2605,9560,12165,9402,2763,Tripura,Covaxin
21458,21597,43055,15463,27592,Uttarakhand,Covaxin
37272,26954,64226,57386,6840,Uttar Pradesh,Covaxin
43738,7125,50863,22929,27934,West Bengal,Covaxin
25239,21659,46898,19882,27016,Andhra Pradesh,Covaxin
2955,8954,11909,6888,5021,Andaman and Nicobar Islands,Covaxin
47197,26509,73706,33819,39887,Arunachal Pradesh,Covaxin
42032,13387,55419,47670,7749,Assam,Covaxin
2932,13700,16632,11352,5280,Bihar,Covaxin
21899,26905,48804,11122,37682,Chandigarh,Covaxin
4362,46401,50763,33602,17161,Chhattisgarh,Covaxin
36675,46990,83665,70531,13134,Dadra and Nagar Haveli and Daman and Diu,Covaxin
41023,12158,53181,19915,33266,Delhi,Covaxin
20632,7337,27969,18869,9100,Goa,Covaxin
18420,44474,62894,28940,33954,Gujarat,Covaxin
22297,16479,38776,36824,1952,Haryana,Covaxin
31706,30381,62087,57101,4986,Himachal Pradesh,Covaxin
45217,26222,71439,9150,62289,Jammu and Kashmir,Covaxin
42014,12947,54961,36047,18914,Jharkhand,Covaxin
41817,14489,56306,15042,41264,Karnataka,Covaxin
31579,23510,55089,49711,5378,Kerala,Covaxin
29880,41195,71075,34649,36426,Lakshadweep,Covaxin
5553,10939,16492,14372,2120,Ladakh,Covaxin
32197,42193,74390,27899,46491,Madhya Pradesh,Covaxin
8411,6580,14991,6018,8973,Maharashtra,Covaxin
39759,21954,61713,46074,15639,Manipur,Covaxin
44659,15101,59760,51612,8148,Meghalaya,Covaxin
36346,47276,83622,21803,61819,Mizoram,Covaxin
38475,28146,66621,10902,55719,Nagaland,Covaxin
21526,11316,32842,30903,1939,Odisha,Covaxin
42594,43143,85737,69875,15862,Puducherry,Covaxin
14716,23572,38288,13195,25093,Punjab,Covaxin
25372,16154,41526,28539,12987,Rajasthan,Covaxin
14705,9807,24512,6826,17686,Sikkim,Covaxin
26565,6666,33231,27893,5338,Tamil Nadu,Covaxin
20537,3506,24043,6745,17298,Telengana,Covaxin
14119,21711,35830,15336,20494,Tripura,Covaxin
31685,11997,43682,36349,7333,Uttarakhand,Covaxin
20385,3422,23807,5270,18537,Uttar Pradesh,Covaxin
44445,21097,65542,52808,12734,West Bengal,Covaxin
5499,9997,15496,10760,4736,Andhra Pradesh,Covaxin
48372,38337,86709,21406,65303,Andaman and Nicobar Islands,Covaxin
4735,18071,22806,17998,4808,Arunachal Pradesh,Covaxin
23351,28245,51596,21468,30128,Assam,Covaxin
37578,44234,81812,25238,56574,Bihar,Covaxin
19695,23455,43150,37071,6079,Chandigarh,Covaxin
5424,14443,19867,8192,11675,Chhattisgarh,Covaxin
29581,42953,72534,58218,14316,Dadra and Nagar Haveli and Daman and Diu,Covaxin
31041,46892,77933,31090,46843,Delhi,Covaxin
39174,7556,46730,20085,26645,Goa,Covaxin
30916,41365,72281,59453,12828,Gujarat,Covaxin
17853,12030,29883,23982,5901,Haryana,Covaxin
6160,12410,18570,14391,4179,Himachal Pradesh,Covaxin
11593,46141,57734,56256,1478,Jammu and Kashmir,Covaxin
46268,24046,70314,25452,44862,Jharkhand,Covaxin
38272,2942,41214,26522,14692,Karnataka,Covaxin
3467,29750,33217,13483,19734,Kerala,Covaxin
2274,33479,35753,27781,7972,Lakshadweep,Covaxin
4611,41426,46037,12593,33444,Ladakh,Covaxin
20983,13206,34189,12498,21691,Madhya Pradesh,Covaxin
13385,29496,42881,39017,3864,Maharashtra,Covaxin
30611,4256,34867,25415,9452,Manipur,Covaxin
18308,31850,50158,35229,14929,Meghalaya,Covaxin
14020,43749,57769,42346,15423,Mizoram,Covaxin
36735,42440,79175,16939,62236,Nagaland,Covaxin
10005,12917,22922,17499,5423,Odisha,Covaxin
35331,4418,39749,37343,2406,Puducherry,Covaxin
13652,17733,31385,28458,2927,Punjab,Covaxin
40180,11784,51964,43317,8647,Rajasthan,Covaxin
25082,20981,46063,23837,22226,Sikkim,Covaxin
14429,34530,48959,5355,43604,Tamil Nadu,Covaxin
1698,21412,23110,5337,17773,Telengana,Covaxin
44478,32605,77083,39227,37856,Tripura,Covaxin
36935,21856,58791,37433,21358,Uttarakhand,Covaxin
1595,15013,16608,5468,11140,Uttar Pradesh,Covaxin
37311,20110,57421,14771,42650,West Bengal,Covaxin
37582,42909,80491,20296,60195,Andhra Pradesh,Covaxin
9839,32869,42708,19689,23019,Andaman and Nicobar Islands,Covaxin
28585,20658,49243,35306,13937,Arunachal Pradesh,Covaxin
33653,28052,61705,26536,35169,Assam,Covaxin
3678,42872,46550,5983,40567,Bihar,Covaxin
35014,26479,61493,20982,40511,Chandigarh,Covaxin
21295,20762,42057,10851,31206,Chhattisgarh,Covaxin
24586,12844,37430,20668,16762,Dadra and Nagar Haveli and Daman and Diu,Covaxin
3945,16985,20930,13162,7768,Delhi,Covaxin
24327,2627,26954,16402,10552,Goa,Covaxin
27268,2181,29449,9660,19789,Gujarat,Covaxin
23294,9799,33093,30627,2466,Haryana,Covaxin
32066,47235,79301,35166,44135,Himachal Pradesh,Covaxin
33444,34094,67538,21694,45844,Jammu and Kashmir,Covaxin
17191,36446,53637,20492,33145,Jharkhand,Covaxin
30778,37704,68482,26715,41767,Karnataka,Covaxin
27271,29943,57214,40411,16803,Kerala,Covaxin
37292,48148,85440,52788,32652,Lakshadweep,Covaxin
12490,8602,21092,15216,5876,Ladakh,Covaxin
36478,15938,52416,16665,35751,Madhya Pradesh,Covaxin
28727,5212,33939,25203,8736,Maharashtra,Covaxin
25629,29002,54631,21975,32656,Manipur,Covaxin
33366,19473,52839,5954,46885,Meghalaya,Covaxin
6150,41673,47823,16715,31108,Mizoram,Covaxin
11648,45342,56990,41447,15543,Nagaland,Covaxin
12319,22504,34823,24686,10137,Odisha,Covaxin
39325,13434,52759,25680,27079,Puducherry,Covaxin
29971,18673,48644,11696,36948,Punjab,Covaxin
21971,3947,25918,19836,6082,Rajasthan,Covaxin
31046,2251,33297,20362,12935,Sikkim,Covaxin
36382,43161,79543,70989,8554,Tamil Nadu,Covaxin
13127,42795,55922,44470,11452,Telengana,Covaxin
49683,22769,72452,5180,67272,Tripura,Covaxin
7116,38544,45660,41575,4085,Uttarakhand,Covaxin
29150,33919,63069,31769,31300,Uttar Pradesh,Covaxin
43877,3079,46956,11730,35226,West Bengal,Covaxin
44902,29236,74138,32319,41819,Andhra Pradesh,Covaxin
15441,11949,27390,25540,1850,Andaman and Nicobar Islands,Covaxin
49772,21079,70851,23568,47283,Arunachal Pradesh,Covaxin
34093,25978,60071,21509,38562,Assam,Covaxin
36069,41526,77595,28601,48994,Bihar,Covaxin
46426,16339,62765,16558,46207,Chandigarh,Covaxin
38754,48319,87073,46040,41033,Chhattisgarh,Covaxin
49538,33324,82862,73781,9081,Dadra and Nagar Haveli and Daman and Diu,Covaxin
36206,46062,82268,15766,66502,Delhi,Covaxin
20646,28679,49325,17570,31755,Goa,Covaxin
42666,33914,76580,30592,45988,Gujarat,Covaxin
13416,46666,60082,57345,2737,Haryana,Covaxin
8088,12509,20597,8555,12042,Himachal Pradesh,Covaxin
40364,12067,52431,22440,29991,Jammu and Kashmir,Covaxin
41725,38039,79764,44587,35177,Jharkhand,Covaxin
11284,15112,26396,9188,17208,Karnataka,Covaxin
30025,44430,74455,45765,28690,Kerala,Covaxin
16175,32799,48974,19066,29908,Lakshadweep,Covaxin
12243,35390,47633,15167,32466,Ladakh,Covaxin
36457,13820,50277,18630,31647,Madhya Pradesh,Covaxin
26814,21667,48481,42978,5503,Maharashtra,Covaxin
25539,25902,51441,49583,1858,Manipur,Covaxin
49215,5122,54337,24547,29790,Meghalaya,Covaxin
6597,24180,30777,24397,6380,Mizoram,Covaxin
2756,37184,39940,36567,3373,Nagaland,Covaxin
14693,47475,62168,8572,53596,Odisha,Covaxin
11042,28281,39323,6810,32513,Puducherry,Covaxin
47204,36430,83634,40790,42844,Punjab,Covaxin
11864,13435,25299,20020,5279,Rajasthan,Covaxin
10485,42522,53007,24123,28884,Sikkim,Covaxin
43549,42367,85916,25927,59989,Tamil Nadu,Covaxin
11339,29160,40499,30539,9960,Telengana,Covaxin
8550,38644,47194,32781,14413,Tripura,Covaxin
9975,13164,23139,23138,1,Uttarakhand,Covaxin
1677,8000,9677,6734,2943,Uttar Pradesh,Covaxin
33109,24540,57649,13254,44395,West Bengal,Covaxin
18700,19927,38627,8159,30468,Andhra Pradesh,Covaxin
7329,41233,48562,12898,35664,Andaman and Nicobar Islands,Covaxin
11929,5430,17359,13234,4125,Arunachal Pradesh,Covaxin
25031,36929,61960,7443,54517,Assam,Covaxin
4919,46141,51060,37170,13890,Bihar,Covaxin
3022,42352,45374,35700,9674,Chandigarh,Covaxin
46384,8708,55092,12019,43073,Chhattisgarh,Covaxin
17439,29407,46846,20801,26045,Dadra and Nagar Haveli and Daman and Diu,Covaxin
20355,6550,26905,19504,7401,Delhi,Covaxin
36216,41381,77597,10069,67528,Goa,Covaxin
17147,35807,52954,43580,9374,Gujarat,Covaxin
3280,32218,35498,19123,16375,Haryana,Covaxin
2772,38165,40937,40531,406,Himachal Pradesh,Covaxin
18550,8381,26931,5122,21809,Jammu and Kashmir,Covaxin
46589,11122,57711,27638,30073,Jharkhand,Covaxin
8764,32143,40907,10225,30682,Karnataka,Covaxin
37790,9171,46961,36698,10263,Kerala,Covaxin
38348,14275,52623,50192,2431,Lakshadweep,Covaxin
44533,4623,49156,43773,5383,Ladakh,Covaxin
21543,27476,49019,10403,38616,Madhya Pradesh,Covaxin
19874,49635,69509,8422,61087,Maharashtra,Covaxin
41429,4929,46358,21218,25140,Manipur,Covaxin
17882,39390,57272,25275,31997,Meghalaya,Covaxin
32501,32479,64980,29923,35057,Mizoram,Covaxin
17478,42915,60393,13592,46801,Nagaland,Covaxin
30407,5886,36293,5541,30752,Odisha,Covaxin
33707,10799,44506,36346,8160,Puducherry,Covaxin
5153,13151,18304,5602,12702,Punjab,Covaxin
5452,4986,10438,6095,4343,Rajasthan,Covaxin
24400,5056,29456,7358,22098,Sikkim,Covaxin
41512,25308,66820,15537,51283,Tamil Nadu,Covaxin
17776,17996,35772,14226,21546,Telengana,Covaxin
45325,11834,57159,32819,24340,Tripura,Covaxin
24276,18282,42558,39527,3031,Uttarakhand,Covaxin
2846,18292,21138,13243,7895,Uttar Pradesh,Covaxin
23373,14343,37716,31415,6301,West Bengal,Covaxin
14166,12180,26346,15331,11015,Andhra Pradesh,Covaxin
1506,32719,34225,33227,998,Andaman and Nicobar Islands,Covaxin
38487,21056,59543,34621,24922,Arunachal Pradesh,Covaxin
9455,48831,58286,41646,16640,Assam,Covaxin
25030,37447,62477,19552,42925,Bihar,Covaxin
46540,43275,89815,28213,61602,Chandigarh,Covaxin
31723,19111,50834,29931,20903,Chhattisgarh,Covaxin
20214,37375,57589,52554,5035,Dadra and Nagar Haveli and Daman and Diu,Covaxin
31485,37845,69330,66586,2744,Delhi,Covaxin
30834,21966,52800,36610,16190,Goa,Covaxin
12870,19046,31916,26614,5302,Gujarat,Covaxin
24582,48258,72840,62032,10808,Haryana,Covaxin
20659,35342,56001,23821,32180,Himachal Pradesh,Covaxin
39558,22387,61945,29663,32282,Jammu and Kashmir,Covaxin
13864,31902,45766,40143,5623,Jharkhand,Covaxin
12877,9236,22113,8135,13978,Karnataka,Covaxin
7571,19910,27481,23356,4125,Kerala,Covaxin
38801,32598,71399,47043,24356,Lakshadweep,Covaxin
22618,25272,47890,29955,17935,Ladakh,Covaxin
30253,34002,64255,48455,15800,Madhya Pradesh,Covaxin
6478,38581,45059,23514,21545,Maharashtra,Covaxin
36910,2859,39769,29537,10232,Manipur,Covaxin
20142,33193,53335,46837,6498,Meghalaya,Covaxin
40832,49094,89926,15655,74271,Mizoram,Covaxin
4186,48754,52940,35774,17166,Nagaland,Covaxin
31527,21665,53192,9862,43330,Odisha,Covaxin
25544,34080,59624,15058,44566,Puducherry,Covaxin
23136,3191,26327,5608,20719,Punjab,Covaxin
31897,17742,49639,46521,3118,Rajasthan,Covaxin
30826,28489,59315,8716,50599,Sikkim,Covaxin
18857,12365,31222,24441,6781,Tamil Nadu,Covaxin
17068,35781,52849,27711,25138,Telengana,Covaxin
31373,8936,40309,21836,18473,Tripura,Covaxin
45183,5425,50608,27230,23378,Uttarakhand,Covaxin
47568,7168,54736,22807,31929,Uttar Pradesh,Covaxin
23538,38931,62469,62248,221,West Bengal,Covaxin
15559,28528,44087,20705,23382,Andhra Pradesh,Covaxin
11953,33438,45391,20778,24613,Andaman and Nicobar Islands,Covaxin
48253,3552,51805,31041,20764,Arunachal Pradesh,Covaxin
41655,36251,77906,5398,72508,Assam,Covaxin
43796,30406,74202,65752,8450,Bihar,Covaxin
30905,32624,63529,62900,629,Chandigarh,Covaxin
26988,13026,40014,37593,2421,Chhattisgarh,Covaxin
28996,46981,75977,60873,15104,Dadra and Nagar Haveli and Daman and Diu,Covaxin
44706,44120,88826,60134,28692,Delhi,Covaxin
22391,49282,71673,61789,9884,Goa,Covaxin
16522,39374,55896,14498,41398,Gujarat,Covaxin
7532,22214,29746,12734,17012,Haryana,Covaxin
9536,30340,39876,24567,15309,Himachal Pradesh,Covaxin
27239,15441,42680,42284,396,Jammu and Kashmir,Covaxin
12479,29092,41571,30170,11401,Jharkhand,Covaxin
23030,10210,33240,12374,20866,Karnataka,Covaxin
29927,39112,69039,49539,19500,Kerala,Covaxin
25701,16795,42496,20906,21590,Lakshadweep,Covaxin
45329,47442,92771,34898,57873,Ladakh,Covaxin
49247,14213,63460,56609,6851,Madhya Pradesh,Covaxin
41409,33593,75002,65338,9664,Maharashtra,Covaxin
13408,44455,57863,56263,1600,Manipur,Covaxin
19791,33000,52791,40651,12140,Meghalaya,Covaxin
44784,48898,93682,45176,48506,Mizoram,Covaxin
18517,15773,34290,9441,24849,Nagaland,Covaxin
6604,38379,44983,19043,25940,Odisha,Covaxin
13969,22554,36523,29750,6773,Puducherry,Covaxin
25322,18841,44163,23484,20679,Punjab,Covaxin
21645,26226,47871,35090,12781,Rajasthan,Covaxin
42141,46294,88435,81529,6906,Sikkim,Covaxin
37452,41781,79233,17086,62147,Tamil Nadu,Covaxin
45792,15727,61519,61078,441,Telengana,Covaxin
31829,38857,70686,11733,58953,Tripura,Covaxin
32060,43974,76034,51421,24613,Uttarakhand,Covaxin
15093,26943,42036,41013,1023,Uttar Pradesh,Covaxin
48848,6299,55147,50175,4972,West Bengal,Covaxin
35740,11907,47647,18199,29448,Andhra Pradesh,Covaxin
1511,14596,16107,13054,3053,Andaman and Nicobar Islands,Covaxin
19192,8231,27423,9499,17924,Arunachal Pradesh,Covaxin
6149,31709,37858,29063,8795,Assam,Covaxin
38153,48788,86941,84751,2190,Bihar,Covaxin
38548,3843,42391,34389,8002,Chandigarh,Covaxin
37745,41414,79159,26724,52435,Chhattisgarh,Covaxin
42158,10916,53074,48749,4325,Dadra and Nagar Haveli and Daman and Diu,Covaxin
21648,44657,66305,47835,18470,Delhi,Covaxin
44389,5904,50293,27198,23095,Goa,Covaxin
31978,38271,70249,10767,59482,Gujarat,Covaxin
24447,28135,52582,16332,36250,Haryana,Covaxin
38182,47987,86169,27022,59147,Himachal Pradesh,Covaxin
5449,2110,7559,5274,2285,Jammu and Kashmir,Covaxin
46353,14770,61123,50465,10658,Jharkhand,Covaxin
22109,14174,36283,12648,23635,Karnataka,Covaxin
48988,34696,83684,73273,10411,Kerala,Covaxin
13826,28935,42761,15062,27699,Lakshadweep,Covaxin
33962,39293,73255,58929,14326,Ladakh,Covaxin
16682,4649,21331,19344,1987,Madhya Pradesh,Covaxin
22251,32078,54329,8651,45678,Maharashtra,Covaxin
22085,31776,53861,6062,47799,Manipur,Covaxin
28942,9680,38622,28179,10443,Meghalaya,Covaxin
42385,35462,77847,11541,66306,Mizoram,Covaxin
37927,15563,53490,12322,41168,Nagaland,Covaxin
10026,2625,12651,10439,2212,Odisha,Covaxin
19085,16095,35180,31787,3393,Puducherry,Covaxin
41959,25243,67202,49684,17518,Punjab,Covaxin
30245,4926,35171,23117,12054,Rajasthan,Covaxin
13489,20335,33824,7417,26407,Sikkim,Covaxin
27902,10761,38663,33865,4798,Tamil Nadu,Covaxin
1911,3758,5669,5110,559,Telengana,Covaxin
26550,39076,65626,15642,49984,Tripura,Covaxin
39960,40312,80272,73348,6924,Uttarakhand,Covaxin
19537,24915,44452,16315,28137,Uttar Pradesh,Covaxin
43061,32992,76053,74959,1094,West Bengal,Covaxin
16561,13060,29621,16656,12965,Andhra Pradesh,Covaxin
41144,39021,80165,63045,17120,Andaman and Nicobar Islands,Covaxin
28906,45656,74562,21644,52918,Arunachal Pradesh,Covaxin
36500,38744,75244,60785,14459,Assam,Covaxin
46873,16454,63327,37195,26132,Bihar,Covaxin
18185,30418,48603,39837,8766,Chandigarh,Covaxin
16912,10682,27594,21424,6170,Chhattisgarh,Covaxin
28527,26983,55510,33109,22401,Dadra and Nagar Haveli and Daman and Diu,Covaxin
16564,22402,38966,34519,4447,Delhi,Covaxin
40836,33422,74258,34543,39715,Goa,Covaxin
36594,36031,72625,52544,20081,Gujarat,Covaxin
6327,49866,56193,15836,40357,Haryana,Covaxin
5853,23374,29227,11010,18217,Himachal Pradesh,Covaxin
26346,46449,72795,48865,23930,Jammu and Kashmir,Covaxin
22080,4165,26245,21083,5162,Jharkhand,Covaxin
45515,44841,90356,38244,52112,Karnataka,Covaxin
7490,37983,45473,23824,21649,Kerala,Covaxin
32140,36224,68364,23499,44865,Lakshadweep,Covaxin
34466,38516,72982,27740,45242,Ladakh,Covaxin
49392,39944,89336,39791,49545,Madhya Pradesh,Covaxin
49504,9205,58709,10227,48482,Maharashtra,Covaxin
21077,33878,54955,25949,29006,Manipur,Covaxin
7150,38819,45969,14702,31267,Meghalaya,Covaxin
35715,34566,70281,21968,48313,Mizoram,Covaxin
43882,37144,81026,39884,41142,Nagaland,Covaxin
9498,41021,50519,38990,11529,Odisha,Covaxin
31683,2323,34006,11119,22887,Puducherry,Covaxin
8777,16713,25490,10063,15427,Punjab,Covaxin
18862,49646,68508,57593,10915,Rajasthan,Covaxin
17411,16513,33924,27208,6716,Sikkim,Covaxin
16409,37753,54162,14472,39690,Tamil Nadu,Covaxin
23816,29066,52882,36634,16248,Telengana,Covaxin
6210,12606,18816,14268,4548,Tripura,Covaxin
42394,26034,68428,52113,16315,Uttarakhand,Covaxin
5999,24298,30297,28775,1522,Uttar Pradesh,Covaxin
39036,14873,53909,47373,6536,West Bengal,Covaxin
8145,24705,32850,7709,25141,Andhra Pradesh,Covaxin
29342,7206,36548,11250,25298,Andaman and Nicobar Islands,Covaxin
32834,12779,45613,17590,28023,Arunachal Pradesh,Covaxin
12245,9765,22010,6937,15073,Assam,Covaxin
43460,43114,86574,49341,37233,Bihar,Covaxin
45488,17087,62575,61566,1009,Chandigarh,Covaxin
31311,19177,50488,44747,5741,Chhattisgarh,Covaxin
49820,41470,91290,50308,40982,Dadra and Nagar Haveli and Daman and Diu,Covaxin
17977,24621,42598,13608,28990,Delhi,Covaxin
42967,39783,82750,79001,3749,Goa,Covaxin
2079,24200,26279,5579,20700,Gujarat,Covaxin
37046,35107,72153,50967,21186,Haryana,Covaxin
22224,3237,25461,16718,8743,Himachal Pradesh,Covaxin
18946,38841,57787,55526,2261,Jammu and Kashmir,Covaxin
18395,45372,63767,46830,16937,Jharkhand,Covaxin
26963,31374,58337,45057,13280,Karnataka,Covaxin
17124,4281,21405,6276,15129,Kerala,Covaxin
9028,40597,49625,15208,34417,Lakshadweep,Covaxin
16286,49705,65991,61232,4759,Ladakh,Covaxin
32281,23056,55337,41610,13727,Madhya Pradesh,Covaxin
40378,24237,64615,39580,25035,Maharashtra,Covaxin
40572,43201,83773,60461,23312,Manipur,Covaxin
25364,13008,38372,37541,831,Meghalaya,Covaxin
3107,48065,51172,37065,14107,Mizoram,Covaxin
2814,49759,52573,51767,806,Nagaland,Covaxin
29694,31018,60712,16182,44530,Odisha,Covaxin
8631,40411,49042,42791,6251,Puducherry,Covaxin
13569,13302,26871,9277,17594,Punjab,Covaxin
2887,14993,17880,16101,1779,Rajasthan,Covaxin
37516,25557,63073,45067,18006,Sikkim,Covaxin
20310,10785,31095,11916,19179,Tamil Nadu,Covaxin
11127,21931,33058,11657,21401,Telengana,Covaxin
19475,31152,50627,5891,44736,Tripura,Covaxin
47313,28948,76261,7628,68633,Uttarakhand,Covaxin
24687,16868,41555,10142,31413,Uttar Pradesh,Covaxin
17683,34262,51945,36704,15241,West Bengal,Covaxin
1529,49971,51500,22561,28939,Andhra Pradesh,Covaxin
30621,21765,52386,24320,28066,Andaman and Nicobar Islands,Covaxin
18992,35627,54619,21011,33608,Arunachal Pradesh,Covaxin
13609,19210,32819,31924,895,Assam,Covaxin
10381,40137,50518,17698,32820,Bihar,Covaxin
49374,28230,77604,42345,35259,Chandigarh,Covaxin
42279,44682,86961,86522,439,Chhattisgarh,Covaxin
5343,36413,41756,36987,4769,Dadra and Nagar Haveli and Daman and Diu,Covaxin
32501,19155,51656,23337,28319,Delhi,Covaxin
13970,22605,36575,28010,8565,Goa,Covaxin
34839,16191,51030,41209,9821,Gujarat,Covaxin
19805,30385,50190,7988,42202,Haryana,Covaxin
12661,28989,41650,15638,26012,Himachal Pradesh,Covaxin
49159,28132,77291,45538,31753,Jammu and Kashmir,Covaxin
46556,47857,94413,58211,36202,Jharkhand,Covaxin
8939,40762,49701,19670,30031,Karnataka,Covaxin
36450,6494,42944,19464,23480,Kerala,Covaxin
26890,46028,72918,16760,56158,Lakshadweep,Covaxin
3136,3567,6703,6548,155,Ladakh,Covaxin
27280,8472,35752,15410,20342,Madhya Pradesh,Covaxin
39399,44444,83843,28504,55339,Maharashtra,Covaxin
2135,27620,29755,28404,1351,Manipur,Covaxin
15451,1936,17387,6255,11132,Meghalaya,Covaxin
45233,43889,89122,6682,82440,Mizoram,Covaxin
11747,33564,45311,14029,31282,Nagaland,Covaxin
37572,48827,86399,60843,25556,Odisha,Covaxin
10931,9325,20256,20084,172,Puducherry,Covaxin
42569,25950,68519,62874,5645,Punjab,Covaxin
11890,38791,50681,40104,10577,Rajasthan,Covaxin
23146,47070,70216,30226,39990,Sikkim,Covaxin
40210,23407,63617,13684,49933,Tamil Nadu,Covaxin
11223,35151,46374,7714,38660,Telengana,Covaxin
34335,47954,82289,7833,74456,Tripura,Covaxin
23888,24787,48675,15068,33607,Uttarakhand,Covaxin
27447,14445,41892,40381,1511,Uttar Pradesh,Covaxin
13231,17208,30439,7264,23175,West Bengal,Covaxin
20474,4985,25459,7034,18425,Andhra Pradesh,Covaxin
36451,6090,42541,16805,25736,Andaman and Nicobar Islands,Covaxin
32003,33924,65927,55580,10347,Arunachal Pradesh,Covaxin
24518,6933,31451,21970,9481,Assam,Covaxin
3367,41071,44438,11077,33361,Bihar,Covaxin
14538,20821,35359,13488,21871,Chandigarh,Covaxin
47634,10937,58571,53075,5496,Chhattisgarh,Covaxin
44566,16288,60854,53136,7718,Dadra and Nagar Haveli and Daman and Diu,Covaxin
36943,7494,44437,25964,18473,Delhi,Covaxin
4852,42859,47711,36457,11254,Goa,Covaxin
12863,3823,16686,14940,1746,Gujarat,Covaxin
39287,13238,52525,23865,28660,Haryana,Covaxin
21408,46285,67693,20688,47005,Himachal Pradesh,Covaxin
12170,38412,50582,10147,40435,Jammu and Kashmir,Covaxin
41679,13791,55470,40202,15268,Jharkhand,Covaxin
20159,39871,60030,59040,990,Karnataka,Covaxin
49613,23568,73181,65565,7616,Kerala,Covaxin
38220,25001,63221,42577,20644,Lakshadweep,Covaxin
41901,33628,75529,25762,49767,Ladakh,Covaxin
20772,16243,37015,14654,22361,Madhya Pradesh,Covaxin
23570,26504,50074,46458,3616,Maharashtra,Covaxin
4421,49642,54063,15945,38118,Manipur,Covaxin
26108,8418,34526,12369,22157,Meghalaya,Covaxin
30584,48122,78706,74300,4406,Mizoram,Covaxin
45168,20587,65755,35923,29832,Nagaland,Covaxin
7876,22967,30843,19690,11153,Odisha,Covaxin
15358,26860,42218,28419,13799,Puducherry,Covaxin
38519,36273,74792,69545,5247,Punjab,Covaxin
10821,19150,29971,9063,20908,Rajasthan,Covaxin
38094,41104,79198,24948,54250,Sikkim,Covaxin
28175,11294,39469,17217,22252,Tamil Nadu,Covaxin
28361,15824,44185,31614,12571,Telengana,Covaxin
35365,27041,62406,46807,15599,Tripura,Covaxin
25389,24674,50063,32932,17131,Uttarakhand,Covaxin
38497,1864,40361,32042,8319,Uttar Pradesh,Covaxin
4793,5925,10718,7364,3354,West Bengal,Covaxin
47141,44642,91783,32438,59345,Andhra Pradesh,Covaxin
22362,20255,42617,35658,6959,Andaman and Nicobar Islands,Covaxin
11473,35627,47100,21271,25829,Arunachal Pradesh,Covaxin
29336,21269,50605,40142,10463,Assam,Covaxin
32982,37809,70791,60958,9833,Bihar,Covaxin
45451,29915,75366,51722,23644,Chandigarh,Covaxin
44049,37921,81970,72463,9507,Chhattisgarh,Covaxin
47739,28381,76120,69006,7114,Dadra and Nagar Haveli and Daman and Diu,Covaxin
49365,5895,55260,5820,49440,Delhi,Covaxin
30225,47373,77598,62391,15207,Goa,Covaxin
42933,17115,60048,15297,44751,Gujarat,Covaxin
18298,2463,20761,15206,5555,Haryana,Covaxin
36349,44660,81009,75346,5663,Himachal Pradesh,Covaxin
27226,4456,31682,17663,14019,Jammu and Kashmir,Covaxin
4247,18711,22958,17598,5360,Jharkhand,Covaxin
34310,45671,79981,72280,7701,Karnataka,Covaxin
20985,38818,59803,32167,27636,Kerala,Covaxin
36471,21136,57607,16986,40621,Lakshadweep,Covaxin
11412,35821,47233,21147,26086,Ladakh,Covaxin
49476,44100,93576,22350,71226,Madhya Pradesh,Covaxin
10800,49450,60250,48238,12012,Maharashtra,Covaxin
39436,19485,58921,27005,31916,Manipur,Covaxin
48202,41591,89793,84412,5381,Meghalaya,Covaxin
41354,19464,60818,13489,47329,Mizoram,Covaxin
41718,14714,56432,40211,16221,Nagaland,Covaxin
20038,10010,30048,24605,5443,Odisha,Covaxin
26569,11883,38452,20202,18250,Puducherry,Covaxin
25613,16756,42369,25488,16881,Punjab,Covaxin
48257,25429,73686,70828,2858,Rajasthan,Covaxin
17362,13162,30524,10073,20451,Sikkim,Covaxin
14342,15337,29679,14046,15633,Tamil Nadu,Covaxin
16761,27060,43821,12135,31686,Telengana,Covaxin
10929,24072,35001,5376,29625,Tripura,Covaxin
18456,38279,56735,29643,27092,Uttarakhand,Covaxin
20462,49826,70288,23183,47105,Uttar Pradesh,Covaxin
27963,7081,35044,12615,22429,West Bengal,Covaxin
12393,19311,31704,24836,6868,Andhra Pradesh,Covaxin
44697,7932,52629,23107,29522,Andaman and Nicobar Islands,Covaxin
44910,42747,87657,81849,5808,Arunachal Pradesh,Covaxin
15260,32842,48102,28685,19417,Assam,Covaxin
26568,12215,38783,23111,15672,Bihar,Covaxin
9496,30303,39799,9816,29983,Chandigarh,Covaxin
42252,20831,63083,56834,6249,Chhattisgarh,Covaxin
40828,20908,61736,37634,24102,Dadra and Nagar Haveli and Daman and Diu,Covaxin
14259,23595,37854,13592,24262,Delhi,Covaxin
15124,36403,51527,14942,36585,Goa,Covaxin
21155,27309,48464,31875,16589,Gujarat,Covaxin
6365,30845,37210,12201,25009,Haryana,Covaxin
10469,41863,52332,5023,47309,Himachal Pradesh,Covaxin
14904,35664,50568,29561,21007,Jammu and Kashmir,Covaxin
47931,48563,96494,17895,78599,Jharkhand,Covaxin
7471,27732,35203,23814,11389,Karnataka,Covaxin
39885,34051,73936,35618,38318,Kerala,Covaxin
46988,5946,52934,25920,27014,Lakshadweep,Covaxin
40311,26294,66605,47364,19241,Ladakh,Covaxin
42444,40662,83106,55485,27621,Madhya Pradesh,Covaxin
26122,23144,49266,22098,27168,Maharashtra,Covaxin
13794,46428,60222,46652,13570,Manipur,Covaxin
32113,10325,42438,26070,16368,Meghalaya,Covaxin
9046,19713,28759,10186,18573,Mizoram,Covaxin
36951,10487,47438,41472,5966,Nagaland,Covaxin
5700,48110,53810,37289,16521,Odisha,Covaxin
34784,37583,72367,16662,55705,Puducherry,Covaxin
45886,11615,57501,48558,8943,Punjab,Covaxin
21989,15704,37693,6061,31632,Rajasthan,Covaxin
47640,34547,82187,17847,64340,Sikkim,Covaxin
28260,21358,49618,42885,6733,Tamil Nadu,Covaxin
2243,17622,19865,15989,3876,Telengana,Covaxin
45228,9176,54404,38104,16300,Tripura,Covaxin
47172,7155,54327,54091,236,Uttarakhand,Covaxin
14123,8084,22207,18264,3943,Uttar Pradesh,Covaxin
39904,30425,70329,48839,21490,West Bengal,Covaxin
8975,10735,19710,19569,141,Andhra Pradesh,Covaxin
42081,15979,58060,24635,33425,Andaman and Nicobar Islands,Covaxin
33843,25451,59294,27343,31951,Arunachal Pradesh,Covaxin
43072,48540,91612,42244,49368,Assam,Covaxin
48121,19587,67708,29395,38313,Bihar,Covaxin
34596,15475,50071,19380,30691,Chandigarh,Covaxin
14159,34258,48417,38868,9549,Chhattisgarh,Covaxin
13467,3266,16733,7201,9532,Dadra and Nagar Haveli and Daman and Diu,Covaxin
26337,41416,67753,5386,62367,Delhi,Covaxin
26506,30922,57428,5166,52262,Goa,Covaxin
42900,29393,72293,29064,43229,Gujarat,Covaxin
14334,35200,49534,44293,5241,Haryana,Covaxin
12953,18715,31668,30993,675,Himachal Pradesh,Covaxin
14307,31163,45470,40198,5272,Jammu and Kashmir,Covaxin
5211,9315,14526,8351,6175,Jharkhand,Covaxin
14892,47660,62552,50765,11787,Karnataka,Covaxin
38539,45580,84119,63451,20668,Kerala,Covaxin
46773,49658,96431,46716,49715,Lakshadweep,Covaxin
45566,7595,53161,28074,25087,Ladakh,Covaxin
4328,10494,14822,11424,3398,Madhya Pradesh,Covaxin
45737,7572,53309,29472,23837,Maharashtra,Covaxin
29305,35773,65078,29790,35288,Manipur,Covaxin
21171,35308,56479,52832,3647,Meghalaya,Covaxin
28336,30626,58962,26940,32022,Mizoram,Covaxin
47439,47464,94903,60805,34098,Nagaland,Covaxin
46474,16504,62978,14418,48560,Odisha,Covaxin
35043,8900,43943,16393,27550,Puducherry,Covaxin
27782,25732,53514,38992,14522,Punjab,Covaxin
6531,47704,54235,32506,21729,Rajasthan,Covaxin
15652,6468,22120,17809,4311,Sikkim,Covaxin
19197,7091,26288,19089,7199,Tamil Nadu,Covaxin
2294,47657,49951,16762,33189,Telengana,Covaxin
47454,27700,75154,51807,23347,Tripura,Covaxin
21732,15910,37642,13054,24588,Uttarakhand,Covaxin
16522,14931,31453,10320,21133,Uttar Pradesh,Covaxin
14663,23678,38341,16642,21699,West Bengal,Covaxin
24255,36058,60313,50443,9870,Andhra Pradesh,Covaxin
31590,48061,79651,75944,3707,Andaman and Nicobar Islands,Covaxin
22176,19524,41700,33084,8616,Arunachal Pradesh,Covaxin
33550,49893,83443,25804,57639,Assam,Covaxin
5962,34657,40619,31153,9466,Bihar,Covaxin
23440,14178,37618,13503,24115,Chandigarh,Covaxin
29637,20327,49964,19108,30856,Chhattisgarh,Covaxin
46807,42346,89153,46552,42601,Dadra and Nagar Haveli and Daman and Diu,Covaxin
29114,39426,68540,23593,44947,Delhi,Covaxin
15727,35190,50917,18855,32062,Goa,Covaxin
26413,40873,67286,8901,58385,Gujarat,Covaxin
31285,27741,59026,5143,53883,Haryana,Covaxin
16159,42771,58930,30454,28476,Himachal Pradesh,Covaxin
4284,22332,26616,14133,12483,Jammu and Kashmir,Covaxin
18959,13934,32893,15642,17251,Jharkhand,Covaxin
21565,8689,30254,22422,7832,Karnataka,Covaxin
38364,26840,65204,42359,22845,Kerala,Covaxin
18738,8815,27553,10165,17388,Lakshadweep,Covaxin
44157,7127,51284,40136,11148,Ladakh,Covaxin
10245,20684,30929,9362,21567,Madhya Pradesh,Covaxin
44823,23402,68225,67755,470,Maharashtra,Covaxin
10557,1519,12076,7264,4812,Manipur,Covaxin
2096,25013,27109,14139,12970,Meghalaya,Covaxin
21377,42806,64183,10433,53750,Mizoram,Covaxin
45756,39605,85361,74999,10362,Nagaland,Covaxin
3428,42442,45870,33931,11939,Odisha,Covaxin
36610,38844,75454,58661,16793,Puducherry,Covaxin
24815,29196,54011,49436,4575,Punjab,Covaxin
48728,28613,77341,22505,54836,Rajasthan,Covaxin
34875,10759,45634,38093,7541,Sikkim,Covaxin
4642,15093,19735,13256,6479,Tamil Nadu,Covaxin
23732,42310,66042,25682,40360,Telengana,Covaxin
46068,23630,69698,42276,27422,Tripura,Covaxin
32339,27730,60069,56761,3308,Uttarakhand,Covaxin
27365,3513,30878,24460,6418,Uttar Pradesh,Covaxin
2453,21444,23897,16793,7104,West Bengal,Covaxin
27915,41450,69365,53521,15844,Andhra Pradesh,Covaxin
33943,34255,68198,40695,27503,Andaman and Nicobar Islands,Covaxin
15649,36482,52131,21266,30865,Arunachal Pradesh,Covaxin
11931,37389,49320,42837,6483,Assam,Covaxin
5883,6366,12249,7270,4979,Bihar,Covaxin
15309,36941,52250,49450,2800,Chandigarh,Covaxin
14828,5247,20075,6849,13226,Chhattisgarh,Covaxin
5979,15165,21144,5040,16104,Dadra and Nagar Haveli and Daman and Diu,Covaxin
35661,5628,41289,22322,18967,Delhi,Covaxin
20891,21823,42714,28583,14131,Goa,Covaxin
34388,16159,50547,15242,35305,Gujarat,Covaxin
4374,11336,15710,14416,1294,Haryana,Covaxin
19163,17353,36516,34692,1824,Himachal Pradesh,Covaxin
2743,47647,50390,46723,3667,Jammu and Kashmir,Covaxin
24720,37285,62005,12345,49660,Jharkhand,Covaxin
8560,42858,51418,6642,44776,Karnataka,Covaxin
6506,25212,31718,6419,25299,Kerala,Covaxin
3873,45038,48911,44764,4147,Lakshadweep,Covaxin
12548,44643,57191,32337,24854,Ladakh,Covaxin
46421,2048,48469,6119,42350,Madhya Pradesh,Covaxin
29613,38598,68211,45370,22841,Maharashtra,Covaxin
48422,40055,88477,71422,17055,Manipur,Covaxin
34632,13750,48382,7779,40603,Meghalaya,Covaxin
7405,11508,18913,12270,6643,Mizoram,Covaxin
12757,26997,39754,31510,8244,Nagaland,Covaxin
38282,43662,81944,32334,49610,Odisha,Covaxin
2488,17581,20069,7568,12501,Puducherry,Covaxin
14331,36459,50790,13423,37367,Punjab,Covaxin
2229,40364,42593,15100,27493,Rajasthan,Covaxin
42547,4274,46821,24050,22771,Sikkim,Covaxin
30945,3865,34810,17234,17576,Tamil Nadu,Covaxin
14916,48309,63225,63153,72,Telengana,Covaxin
6962,12160,19122,8085,11037,Tripura,Covaxin
24690,7982,32672,13174,19498,Uttarakhand,Covaxin
12013,16313,28326,13341,14985,Uttar Pradesh,Covaxin
16406,3559,19965,18169,1796,West Bengal,Covaxin
31596,14755,46351,18765,27586,Andhra Pradesh,Covaxin
41391,14775,56166,29139,27027,Andaman and Nicobar Islands,Covaxin
28942,46555,75497,29678,45819,Arunachal Pradesh,Covaxin
2634,10731,13365,10217,3148,Assam,Covaxin
45212,15539,60751,15456,45295,Bihar,Covaxin
20014,39029,59043,23623,35420,Chandigarh,Covaxin
40904,46687,87591,85711,1880,Chhattisgarh,Covaxin
38966,25218,64184,26512,37672,Dadra and Nagar Haveli and Daman and Diu,Covaxin
37084,21357,58441,29360,29081,Delhi,Covaxin
39651,20147,59798,6557,53241,Goa,Covaxin
2601,2619,5220,5097,123,Gujarat,Covaxin
30070,27240,57310,7867,49443,Haryana,Covaxin
21742,45653,67395,6010,61385,Himachal Pradesh,Covaxin
23202,30153,53355,33864,19491,Jammu and Kashmir,Covaxin
20161,20499,40660,14631,26029,Jharkhand,Covaxin
23392,42803,66195,43948,22247,Karnataka,Covaxin
44527,34734,79261,26714,52547,Kerala,Covaxin
46513,24458,70971,10406,60565,Lakshadweep,Covaxin
47018,38825,85843,25190,60653,Ladakh,Covaxin
26162,32356,58518,15586,42932,Madhya Pradesh,Covaxin
45082,19227,64309,27162,37147,Maharashtra,Covaxin
13774,20615,34389,23378,11011,Manipur,Covaxin
1738,43877,45615,21403,24212,Meghalaya,Covaxin
10340,33723,44063,9766,34297,Mizoram,Covaxin
17371,34027,51398,15812,35586,Nagaland,Covaxin
35853,41255,77108,38756,38352,Odisha,Covaxin
49786,34319,84105,66053,18052,Puducherry,Covaxin
21266,30708,51974,5465,46509,Punjab,Covaxin
35319,27120,62439,25697,36742,Rajasthan,Covaxin
13600,49970,63570,38276,25294,Sikkim,Covaxin
6240,8857,15097,14523,574,Tamil Nadu,Covaxin
43649,10116,53765,13969,39796,Telengana,Covaxin
44583,7841,52424,51415,1009,Tripura,Covaxin
6224,41715,47939,47842,97,Uttarakhand,Covaxin
30239,8286,38525,9280,29245,Uttar Pradesh,Covaxin
28034,18037,46071,26080,19991,West Bengal,Covaxin
47551,44904,92455,42730,49725,Andhra Pradesh,Covaxin
43316,12358,55674,53781,1893,Andaman and Nicobar Islands,Covaxin
4423,24153,28576,15529,13047,Arunachal Pradesh,Covaxin
13120,36693,49813,45620,4193,Assam,Covaxin
26137,13761,39898,7154,32744,Bihar,Covaxin
32035,43221,75256,26101,49155,Chandigarh,Covaxin
41417,42084,83501,69374,14127,Chhattisgarh,Covaxin
2486,22114,24600,23354,1246,Dadra and Nagar Haveli and Daman and Diu,Covaxin
19425,15681,35106,7505,27601,Delhi,Covaxin
36559,35960,72519,12387,60132,Goa,Covaxin
37656,4790,42446,25467,16979,Gujarat,Covaxin
38406,29735,68141,14345,53796,Haryana,Covaxin
40028,45530,85558,29896,55662,Himachal Pradesh,Covaxin
31116,35560,66676,44759,21917,Jammu and Kashmir,Covaxin
33500,29565,63065,30824,32241,Jharkhand,Covaxin
38005,29622,67627,10697,56930,Karnataka,Covaxin
1555,12861,14416,6900,7516,Kerala,Covaxin
42262,47357,89619,40691,48928,Lakshadweep,Covaxin
44762,5285,50047,24845,25202,Ladakh,Covaxin
6863,36731,43594,27154,16440,Madhya Pradesh,Covaxin
29284,44908,74192,56408,17784,Maharashtra,Covaxin
2215,42213,44428,18373,26055,Manipur,Covaxin
16992,24339,41331,33787,7544,Meghalaya,Covaxin
28360,31019,59379,38485,20894,Mizoram,Covaxin
12498,38854,51352,45112,6240,Nagaland,Covaxin
9368,9848,19216,7460,11756,Odisha,Covaxin
47064,40701,87765,58246,29519,Puducherry,Covaxin
5886,30446,36332,30172,6160,Punjab,Covaxin
45858,2654,48512,42745,5767,Rajasthan,Covaxin
5234,12984,18218,8734,9484,Sikkim,Covaxin
48878,26017,74895,52686,22209,Tamil Nadu,Covaxin
42894,30933,73827,21739,52088,Telengana,Covaxin
31679,26675,58354,7562,50792,Tripura,Covaxin
22488,24469,46957,22182,24775,Uttarakhand,Covaxin
12989,29971,42960,42655,305,Uttar Pradesh,Covaxin
3062,36852,39914,34375,5539,West Bengal,Covaxin
46210,22466,68676,43021,25655,Andhra Pradesh,Covaxin
9117,49067,58184,35698,22486,Andaman and Nicobar Islands,Covaxin
41098,20819,61917,6394,55523,Arunachal Pradesh,Covaxin
43511,31462,74973,66618,8355,Assam,Covaxin
5314,20546,25860,23835,2025,Bihar,Covaxin
19952,1643,21595,5470,16125,Chandigarh,Covaxin
37322,16528,53850,44952,8898,Chhattisgarh,Covaxin
41105,38155,79260,15021,64239,Dadra and Nagar Haveli and Daman and Diu,Covaxin
49276,49526,98802,60298,38504,Delhi,Covaxin
42519,6927,49446,19154,30292,Goa,Covaxin
26955,41973,68928,18318,50610,Gujarat,Covaxin
4327,39181,43508,30362,13146,Haryana,Covaxin
23493,18198,41691,40552,1139,Himachal Pradesh,Covaxin
14551,10199,24750,13505,11245,Jammu and Kashmir,Covaxin
25765,19505,45270,35815,9455,Jharkhand,Covaxin
21686,4867,26553,16138,10415,Karnataka,Covaxin
10733,10709,21442,9077,12365,Kerala,Covaxin
5701,45754,51455,8931,42524,Lakshadweep,Covaxin
13628,2964,16592,7855,8737,Ladakh,Covaxin
23454,47433,70887,6575,64312,Madhya Pradesh,Covaxin
25170,47648,72818,6055,66763,Maharashtra,Covaxin
14992,38886,53878,52254,1624,Manipur,Covaxin
16448,34476,50924,7807,43117,Meghalaya,Covaxin
20737,8338,29075,17797,11278,Mizoram,Covaxin
28288,12162,40450,25985,14465,Nagaland,Covaxin
48047,40622,88669,57131,31538,Odisha,Covaxin
30168,9601,39769,17356,22413,Puducherry,Covaxin
41084,18871,59955,53047,6908,Punjab,Covaxin
39627,45949,85576,34573,51003,Rajasthan,Covaxin
7689,3125,10814,10545,269,Sikkim,Covaxin
6026,46095,52121,20649,31472,Tamil Nadu,Covaxin
15954,6658,22612,18502,4110,Telengana,Covaxin
34043,40170,74213,18564,55649,Tripura,Covaxin
39415,27923,67338,9167,58171,Uttarakhand,Covaxin
6112,49438,55550,17188,38362,Uttar Pradesh,Covaxin
21617,33970,55587,28020,27567,West Bengal,Covaxin
9711,44687,54398,42524,11874,Andhra Pradesh,Covaxin
4789,23655,28444,23954,4490,Andaman and Nicobar Islands,Covaxin
37715,23170,60885,59603,1282,Arunachal Pradesh,Covaxin
48193,36672,84865,54550,30315,Assam,Covaxin
42736,48087,90823,26314,64509,Bihar,Covaxin
36151,22476,58627,17074,41553,Chandigarh,Covaxin
45332,19939,65271,11679,53592,Chhattisgarh,Covaxin
23904,18735,42639,18858,23781,Dadra and Nagar Haveli and Daman and Diu,Covaxin
12793,39039,51832,42940,8892,Delhi,Covaxin
34524,47314,81838,35774,46064,Goa,Covaxin
4593,3935,8528,5354,3174,Gujarat,Covaxin
24284,40350,64634,61908,2726,Haryana,Covaxin
8183,30247,38430,6055,32375,Himachal Pradesh,Covaxin
17200,5385,22585,9770,12815,Jammu and Kashmir,Covaxin
7762,25503,33265,15624,17641,Jharkhand,Covaxin
2903,16075,18978,18874,104,Karnataka,Covaxin
34696,27053,61749,16677,45072,Kerala,Covaxin
38588,34642,73230,34563,38667,Lakshadweep,Covaxin
8445,45715,54160,13937,40223,Ladakh,Covaxin
22153,25661,47814,5646,42168,Madhya Pradesh,Covaxin
38907,48401,87308,79030,8278,Maharashtra,Covaxin
28424,32988,61412,51636,9776,Manipur,Covaxin
12834,31862,44696,12052,32644,Meghalaya,Covaxin
35736,43603,79339,40260,39079,Mizoram,Covaxin
28192,36494,64686,39552,25134,Nagaland,Covaxin
14359,44884,59243,15692,43551,Odisha,Covaxin
19406,40061,59467,22952,36515,Puducherry,Covaxin
18441,29559,48000,43144,4856,Punjab,Covaxin
26095,17670,43765,21879,21886,Rajasthan,Covaxin
12799,41421,54220,14301,39919,Sikkim,Covaxin
6487,6562,13049,6998,6051,Tamil Nadu,Covaxin
16589,14180,30769,15034,15735,Telengana,Covaxin
7765,12491,20256,9935,10321,Tripura,Covaxin
42352,39560,81912,60991,20921,Uttarakhand,Covaxin
5400,17502,22902,19971,2931,Uttar Pradesh,Covaxin
23080,31572,54652,50394,4258,West Bengal,Covaxin
4543,23273,27816,23421,4395,Andhra Pradesh,Covaxin
44030,20184,64214,45904,18310,Andaman and Nicobar Islands,Covaxin
21512,7622,29134,28743,391,Arunachal Pradesh,Covaxin
27117,32649,59766,58877,889,Assam,Covaxin
47066,46758,93824,60728,33096,Bihar,Covaxin
45236,11479,56715,6063,50652,Chandigarh,Covaxin
29491,43649,73140,63771,9369,Chhattisgarh,Covaxin
5234,45643,50877,47849,3028,Dadra and Nagar Haveli and Daman and Diu,Covaxin
23017,15706,38723,38378,345,Delhi,Covaxin
30348,5375,35723,6500,29223,Goa,Covaxin
45730,19431,65161,50985,14176,Gujarat,Covaxin
21934,22140,44074,16890,27184,Haryana,Covaxin
30141,43417,73558,67748,5810,Himachal Pradesh,Covaxin
3172,21437,24609,8134,16475,Jammu and Kashmir,Covaxin
44526,7690,52216,13172,39044,Jharkhand,Covaxin
12673,30968,43641,13282,30359,Karnataka,Covaxin
13286,22806,36092,33196,2896,Kerala,Covaxin
18952,19861,38813,9125,29688,Lakshadweep,Covaxin
26761,18257,45018,20560,24458,Ladakh,Covaxin
17223,31783,49006,19335,29671,Madhya Pradesh,Covaxin
25418,28022,53440,19842,33598,Maharashtra,Covaxin
27113,5407,32520,29760,2760,Manipur,Covaxin
12114,29637,41751,20812,20939,Meghalaya,Covaxin
40197,41407,81604,79220,2384,Mizoram,Covaxin
43974,37043,81017,19558,61459,Nagaland,Covaxin
41255,20521,61776,60011,1765,Odisha,Covaxin
49550,2936,52486,41490,10996,Puducherry,Covaxin
30681,40508,71189,44948,26241,Punjab,Covaxin
16481,38984,55465,37448,18017,Rajasthan,Covaxin
47912,41429,89341,24228,65113,Sikkim,Covaxin
39256,33996,73252,50404,22848,Tamil Nadu,Covaxin
3849,21895,25744,17014,8730,Telengana,Covaxin
47826,45330,93156,28863,64293,Tripura,Covaxin
24736,26710,51446,9038,42408,Uttarakhand,Covaxin
25160,42038,67198,66954,244,Uttar Pradesh,Covaxin
26167,35213,61380,13069,48311,West Bengal,Covaxin
29202,32514,61716,42541,19175,Andhra Pradesh,Covaxin
37945,8177,46122,26136,19986,Andaman and Nicobar Islands,Covaxin
40913,40358,81271,38577,42694,Arunachal Pradesh,Covaxin
3276,40080,43356,8449,34907,Assam,Covaxin
49971,40840,90811,64851,25960,Bihar,Covaxin
22009,25051,47060,44871,2189,Chandigarh,Covaxin
33004,15132,48136,21790,26346,Chhattisgarh,Covaxin
32915,15134,48049,24934,23115,Dadra and Nagar Haveli and Daman and Diu,Covaxin
29231,4503,33734,28528,5206,Delhi,Covaxin
22988,9426,32414,6720,25694,Goa,Covaxin
3000,37581,40581,36838,3743,Gujarat,Covaxin
37812,21049,58861,8324,50537,Haryana,Covaxin
46681,45352,92033,70583,21450,Himachal Pradesh,Covaxin
36714,48533,85247,6607,78640,Jammu and Kashmir,Covaxin
13540,38753,52293,33025,19268,Jharkhand,Covaxin
8266,2879,11145,6675,4470,Karnataka,Covaxin
5444,2195,7639,6291,1348,Kerala,Covaxin
7849,18571,26420,6273,20147,Lakshadweep,Covaxin
8541,11562,20103,9477,10626,Ladakh,Covaxin
20941,30476,51417,32589,18828,Madhya Pradesh,Covaxin
33669,20447,54116,50999,3117,Maharashtra,Covaxin
37807,16126,53933,8059,45874,Manipur,Covaxin
29349,20920,50269,36309,13960,Meghalaya,Covaxin
34480,2718,37198,15319,21879,Mizoram,Covaxin
8276,35470,43746,39655,4091,Nagaland,Covaxin
11138,9529,20667,18786,1881,Odisha,Covaxin
9721,14489,24210,19105,5105,Puducherry,Covaxin
40485,3611,44096,17194,26902,Punjab,Covaxin
21167,46822,67989,28393,39596,Rajasthan,Covaxin
16522,46218,62740,58807,3933,Sikkim,Covaxin
48724,7373,56097,54045,2052,Tamil Nadu,Covaxin
30505,44585,75090,24538,50552,Telengana,Covaxin
24023,39416,63439,22118,41321,Tripura,Covaxin
43685,29789,73474,8610,64864,Uttarakhand,Covaxin
26720,6485,33205,7679,25526,Uttar Pradesh,Covaxin
29990,45083,75073,68425,6648,West Bengal,Covaxin
8377,16500,24877,13634,11243,Andhra Pradesh,Covaxin
21821,4328,26149,23181,2968,Andaman and Nicobar Islands,Covaxin
40156,38205,78361,24631,53730,Arunachal Pradesh,Covaxin
14742,18642,33384,19439,13945,Assam,Covaxin
22696,48839,71535,64399,7136,Bihar,Covaxin
9343,44615,53958,42695,11263,Chandigarh,Covaxin
35507,47011,82518,33038,49480,Chhattisgarh,Covaxin
17444,45245,62689,20965,41724,Dadra and Nagar Haveli and Daman and Diu,Covaxin
12325,5754,18079,13845,4234,Delhi,Covaxin
13501,23819,37320,33956,3364,Goa,Covaxin
32465,45113,77578,27472,50106,Gujarat,Covaxin
47390,3840,51230,31136,20094,Haryana,Covaxin
41462,33892,75354,17368,57986,Himachal Pradesh,Covaxin
20135,20132,40267,10021,30246,Jammu and Kashmir,Covaxin
29825,29976,59801,35574,24227,Jharkhand,Covaxin
37423,25176,62599,34844,27755,Karnataka,Covaxin
8169,26518,34687,9390,25297,Kerala,Covaxin
42998,18547,61545,59160,2385,Lakshadweep,Covaxin
39823,32227,72050,38255,33795,Ladakh,Covaxin
41115,43015,84130,21109,63021,Madhya Pradesh,Covaxin
30950,39015,69965,60904,9061,Maharashtra,Covaxin
12170,38240,50410,50340,70,Manipur,Covaxin
44704,39657,84361,71433,12928,Meghalaya,Covaxin
10795,9795,20590,18714,1876,Mizoram,Covaxin
49855,17202,67057,60492,6565,Nagaland,Covaxin
3207,11687,14894,7088,7806,Odisha,Covaxin
21099,16208,37307,36761,546,Puducherry,Covaxin
22480,18831,41311,15435,25876,Punjab,Covaxin
46032,40418,86450,24132,62318,Rajasthan,Covaxin
4875,16399,21274,14530,6744,Sikkim,Covaxin
19840,35632,55472,37327,18145,Tamil Nadu,Covaxin
9542,30158,39700,36628,3072,Telengana,Covaxin
49628,23275,72903,16917,55986,Tripura,Covaxin
47795,12880,60675,50879,9796,Uttarakhand,Covaxin
42374,19112,61486,10809,50677,Uttar Pradesh,Covaxin
13980,23846,37826,35426,2400,West Bengal,Covaxin
38957,29128,68085,61266,6819,Andhra Pradesh,Covaxin
10612,30999,41611,6518,35093,Andaman and Nicobar Islands,Covaxin
4358,2510,6868,5661,1207,Arunachal Pradesh,Covaxin
42886,46334,89220,78448,10772,Assam,Covaxin
18020,23465,41485,28835,12650,Bihar,Covaxin
33474,43641,77115,59316,17799,Chandigarh,Covaxin
35476,38892,74368,49030,25338,Chhattisgarh,Covaxin
4412,25404,29816,5449,24367,Dadra and Nagar Haveli and Daman and Diu,Covaxin
39984,3911,43895,40152,3743,Delhi,Covaxin
34300,16910,51210,38242,12968,Goa,Covaxin
22636,17621,40257,32995,7262,Gujarat,Covaxin
36878,16045,52923,22910,30013,Haryana,Covaxin
10438,45781,56219,34246,21973,Himachal Pradesh,Covaxin
11539,22654,34193,18897,15296,Jammu and Kashmir,Covaxin
23479,22848,46327,44743,1584,Jharkhand,Covaxin
10472,44964,55436,42269,13167,Karnataka,Covaxin
40510,29926,70436,65274,5162,Kerala,Covaxin
32937,5741,38678,12884,25794,Lakshadweep,Covaxin
26868,8102,34970,17216,17754,Ladakh,Covaxin
21186,40999,62185,61143,1042,Madhya Pradesh,Covaxin
31732,30490,62222,29790,32432,Maharashtra,Covaxin
39312,15203,54515,13770,40745,Manipur,Covaxin
3220,8206,11426,5158,6268,Meghalaya,Covaxin
49047,40788,89835,8789,81046,Mizoram,Covaxin
21444,45758,67202,31414,35788,Nagaland,Covaxin
31473,17580,49053,6266,42787,Odisha,Covaxin
31504,48816,80320,57601,22719,Puducherry,Covaxin
45114,33315,78429,15981,62448,Punjab,Covaxin
41777,29539,71316,26109,45207,Rajasthan,Covaxin
37973,19644,57617,49788,7829,Sikkim,Covaxin
31598,37332,68930,5316,63614,Tamil Nadu,Covaxin
35967,17307,53274,6420,46854,Telengana,Covaxin
32120,46619,78739,48785,29954,Tripura,Covaxin
23986,21620,45606,40594,5012,Uttarakhand,Covaxin
29066,4330,33396,31161,2235,Uttar Pradesh,Covaxin
37115,19983,57098,19156,37942,West Bengal,Covaxin
7218,34389,41607,22741,18866,Andhra Pradesh,Covaxin
46133,22329,68462,67831,631,Andaman and Nicobar Islands,Covaxin
26434,35005,61439,35051,26388,Arunachal Pradesh,Covaxin
45312,17198,62510,26677,35833,Assam,Covaxin
16056,17363,33419,25139,8280,Bihar,Covaxin
17551,42366,59917,29167,30750,Chandigarh,Covaxin
40605,3816,44421,29583,14838,Chhattisgarh,Covaxin
32571,36507,69078,23354,45724,Dadra and Nagar Haveli and Daman and Diu,Covaxin
49952,40759,90711,14254,76457,Delhi,Covaxin
7186,3499,10685,7364,3321,Goa,Covaxin
33931,33859,67790,30084,37706,Gujarat,Covaxin
26422,2487,28909,19906,9003,Haryana,Covaxin
3112,35577,38689,18375,20314,Himachal Pradesh,Covaxin
36815,17355,54170,12305,41865,Jammu and Kashmir,Covaxin
40732,46944,87676,58510,29166,Jharkhand,Covaxin
41483,47942,89425,61850,27575,Karnataka,Covaxin
44915,23517,68432,54149,14283,Kerala,Covaxin
49150,33220,82370,75506,6864,Lakshadweep,Covaxin
5353,10644,15997,6543,9454,Ladakh,Covaxin
6206,18994,25200,7437,17763,Madhya Pradesh,Covaxin
39115,49871,88986,69972,19014,Maharashtra,Covaxin
19721,40773,60494,51744,8750,Manipur,Covaxin
7038,39025,46063,19327,26736,Meghalaya,Covaxin
10016,26207,36223,9616,26607,Mizoram,Covaxin
9651,49169,58820,27720,31100,Nagaland,Covaxin
32380,35087,67467,61238,6229,Odisha,Covaxin
33455,11072,44527,10261,34266,Puducherry,Covaxin
15831,47365,63196,38806,24390,Punjab,Covaxin
48941,46499,95440,56162,39278,Rajasthan,Covaxin
4202,34467,38669,28762,9907,Sikkim,Covaxin
4482,4827,9309,7969,1340,Tamil Nadu,Covaxin
33659,28479,62138,5506,56632,Telengana,Covaxin
25476,7923,33399,32349,1050,Tripura,Covaxin
38864,22784,61648,22235,39413,Uttarakhand,Covaxin
37279,24322,61601,54237,7364,Uttar Pradesh,Covaxin
3750,5497,9247,8130,1117,West Bengal,Covaxin
38937,15137,54074,45657,8417,Andhra Pradesh,Covaxin
47610,13538,61148,58016,3132,Andaman and Nicobar Islands,Covaxin
28215,39431,67646,17084,50562,Arunachal Pradesh,Covaxin
6822,22648,29470,15637,13833,Assam,Covaxin
46277,6617,52894,12097,40797,Bihar,Covaxin
2609,12503,15112,7031,8081,Chandigarh,Covaxin
35965,42321,78286,29749,48537,Chhattisgarh,Covaxin
42468,13064,55532,30347,25185,Dadra and Nagar Haveli and Daman and Diu,Covaxin
20105,42235,62340,59025,3315,Delhi,Covaxin
49656,47440,97096,56936,40160,Goa,Covaxin
33678,36530,70208,55237,14971,Gujarat,Covaxin
11526,24924,36450,31489,4961,Haryana,Covaxin
9840,35125,44965,40876,4089,Himachal Pradesh,Covaxin
4417,1994,6411,5430,981,Jammu and Kashmir,Covaxin
32696,46836,79532,66725,12807,Jharkhand,Covaxin
40584,39367,79951,35981,43970,Karnataka,Covaxin
18845,37377,56222,5329,50893,Kerala,Covaxin
46800,2454,49254,48255,999,Lakshadweep,Covaxin
29193,29960,59153,58685,468,Ladakh,Covaxin
44915,16824,61739,38421,23318,Madhya Pradesh,Covaxin
27464,4557,32021,28125,3896,Maharashtra,Covaxin
5182,15672,20854,6618,14236,Manipur,Covaxin
33164,36111,69275,46957,22318,Meghalaya,Covaxin
7081,25596,32677,25837,6840,Mizoram,Covaxin
44532,24356,68888,46128,22760,Nagaland,Covaxin
20361,2287,22648,5602,17046,Odisha,Covaxin
34467,23391,57858,31134,26724,Puducherry,Covaxin
41479,4910,46389,26872,19517,Punjab,Covaxin
45215,45080,90295,37432,52863,Rajasthan,Covaxin
17411,37378,54789,32986,21803,Sikkim,Covaxin
3662,22438,26100,10168,15932,Tamil Nadu,Covaxin
29692,38028,67720,62231,5489,Telengana,Covaxin
10797,21375,32172,15463,16709,Tripura,Covaxin
31119,21644,52763,13695,39068,Uttarakhand,Covaxin
32407,36197,68604,51713,16891,Uttar Pradesh,Covaxin
19907,10708,30615,6076,24539,West Bengal,Covaxin
30447,43657,74104,49158,24946,Andhra Pradesh,Covaxin
32239,3209,35448,7292,28156,Andaman and Nicobar Islands,Covaxin
48572,32288,80860,17143,63717,Arunachal Pradesh,Covaxin
44000,40385,84385,5310,79075,Assam,Covaxin
13473,21190,34663,17008,17655,Bihar,Covaxin
37200,9106,46306,42884,3422,Chandigarh,Covaxin
16421,16475,32896,25190,7706,Chhattisgarh,Covaxin
8057,46385,54442,17395,37047,Dadra and Nagar Haveli and Daman and Diu,Covaxin
33303,20542,53845,49689,4156,Delhi,Covaxin
30192,28831,59023,40983,18040,Goa,Covaxin
45095,28602,73697,20190,53507,Gujarat,Covaxin
45648,1923,47571,18838,28733,Haryana,Covaxin
19809,11554,31363,22813,8550,Himachal Pradesh,Covaxin
39341,25704,65045,38250,26795,Jammu and Kashmir,Covaxin
44789,39331,84120,14742,69378,Jharkhand,Covaxin
44352,7236,51588,42557,9031,Karnataka,Covaxin
26968,23982,50950,20328,30622,Kerala,Covaxin
10417,16505,26922,16550,10372,Lakshadweep,Covaxin
38512,32744,71256,34515,36741,Ladakh,Covaxin
21641,42596,64237,34505,29732,Madhya Pradesh,Covaxin
46968,3279,50247,27467,22780,Maharashtra,Covaxin
31514,14805,46319,12726,33593,Manipur,Covaxin
7266,10713,17979,14588,3391,Meghalaya,Covaxin
43466,11854,55320,49491,5829,Mizoram,Covaxin
5517,26983,32500,30338,2162,Nagaland,Covaxin
39619,5723,45342,5670,39672,Odisha,Covaxin
17312,16886,34198,20157,14041,Puducherry,Covaxin
44962,5158,50120,31267,18853,Punjab,Covaxin
10968,28802,39770,17483,22287,Rajasthan,Covaxin
31274,15185,46459,11883,34576,Sikkim,Covaxin
21973,32981,54954,9769,45185,Tamil Nadu,Covaxin
28510,30535,59045,56024,3021,Telengana,Covaxin
8312,10791,19103,7644,11459,Tripura,Covaxin
49273,38112,87385,39478,47907,Uttarakhand,Covaxin
22774,2817,25591,19920,5671,Uttar Pradesh,Covaxin
16083,39381,55464,52029,3435,West Bengal,Covaxin
46924,12603,59527,20667,38860,Andhra Pradesh,Covaxin
47539,22316,69855,69319,536,Andaman and Nicobar Islands,Covaxin
41016,37980,78996,40586,38410,Arunachal Pradesh,Covaxin
20504,31085,51589,24068,27521,Assam,Covaxin
13377,36187,49564,5127,44437,Bihar,Covaxin
8552,16846,25398,19160,6238,Chandigarh,Covaxin
11137,12311,23448,22490,958,Chhattisgarh,Covaxin
8449,47594,56043,40664,15379,Dadra and Nagar Haveli and Daman and Diu,Covaxin
10972,36901,47873,20648,27225,Delhi,Covaxin
17971,47872,65843,48248,17595,Goa,Covaxin
2190,8261,10451,6723,3728,Gujarat,Covaxin
19344,15362,34706,9997,24709,Haryana,Covaxin
22610,4383,26993,8533,18460,Himachal Pradesh,Covaxin
6763,8188,14951,11270,3681,Jammu and Kashmir,Covaxin
35130,29911,65041,49602,15439,Jharkhand,Covaxin
28314,42798,71112,10228,60884,Karnataka,Covaxin
23688,35613,59301,9759,49542,Kerala,Covaxin
30009,43131,73140,42509,30631,Lakshadweep,Covaxin
44810,19850,64660,60002,4658,Ladakh,Covaxin
35654,11594,47248,22272,24976,Madhya Pradesh,Covaxin
1707,49450,51157,21049,30108,Maharashtra,Covaxin
23550,17612,41162,22028,19134,Manipur,Covaxin
25671,17763,43434,28384,15050,Meghalaya,Covaxin
35382,30289,65671,38717,26954,Mizoram,Covaxin
23607,44121,67728,22417,45311,Nagaland,Covaxin
43600,33418,77018,24537,52481,Odisha,Covaxin
49792,36795,86587,76603,9984,Puducherry,Covaxin
19911,47482,67393,63452,3941,Punjab,Covaxin
33551,35798,69349,11576,57773,Rajasthan,Covaxin
44775,1656,46431,24589,21842,Sikkim,Covaxin
21179,30369,51548,29313,22235,Tamil Nadu,Covaxin
49728,41099,90827,51461,39366,Telengana,Covaxin
25383,49706,75089,38460,36629,Tripura,Covaxin
30329,28825,59154,8938,50216,Uttarakhand,Covaxin
38433,26357,64790,25822,38968,Uttar Pradesh,Covaxin
3282,1548,4830,#NUM!,#NUM!,West Bengal,Covaxin
12963,24207,37170,12029,25141,Andhra Pradesh,Covaxin
44370,21671,66041,60580,5461,Andaman and Nicobar Islands,Covaxin
34688,24822,59510,18492,41018,Arunachal Pradesh,Covaxin
40279,16142,56421,35755,20666,Assam,Covaxin
29113,11023,40136,13402,26734,Bihar,Covaxin
15913,47600,63513,61558,1955,Chandigarh,Covaxin
6155,27034,33189,18276,14913,Chhattisgarh,Covaxin
31175,10564,41739,32183,9556,Dadra and Nagar Haveli and Daman and Diu,Covaxin
7634,19424,27058,17576,9482,Delhi,Covaxin
3249,40983,44232,21579,22653,Goa,Covaxin
36282,42939,79221,57042,22179,Gujarat,Covaxin
12217,15316,27533,25077,2456,Haryana,Covaxin
4995,12899,17894,10702,7192,Himachal Pradesh,Covaxin
15981,31924,47905,34095,13810,Jammu and Kashmir,Covaxin
11045,18317,29362,8896,20466,Jharkhand,Covaxin
38597,29868,68465,6845,61620,Karnataka,Covaxin
35929,24997,60926,60746,180,Kerala,Covaxin
49644,42791,92435,43140,49295,Lakshadweep,Covaxin
31670,34563,66233,49287,16946,Ladakh,Covaxin
42078,3452,45530,41174,4356,Madhya Pradesh,Covaxin
34826,4147,38973,29864,9109,Maharashtra,Covaxin
48473,25767,74240,10798,63442,Manipur,Covaxin
31521,28142,59663,19689,39974,Meghalaya,Covaxin
11010,18377,29387,10917,18470,Mizoram,Covaxin
9557,29509,39066,18108,20958,Nagaland,Covaxin
16794,10730,27524,10048,17476,Odisha,Covaxin
21228,7200,28428,13485,14943,Puducherry,Covaxin
25116,42421,67537,48923,18614,Punjab,Covaxin
27547,35167,62714,20825,41889,Rajasthan,Covaxin
30227,2659,32886,26549,6337,Sikkim,Covaxin
24779,49237,74016,30343,43673,Tamil Nadu,Covaxin
26630,44497,71127,42181,28946,Telengana,Covaxin
25564,22362,47926,22588,25338,Tripura,Covaxin
26864,20216,47080,43285,3795,Uttarakhand,Covaxin
31894,31370,63264,45413,17851,Uttar Pradesh,Covaxin
10713,32071,42784,18375,24409,West Bengal,Covaxin
41717,33609,75326,72597,2729,Andhra Pradesh,Covaxin
33035,2704,35739,21410,14329,Andaman and Nicobar Islands,Covaxin
35597,22036,57633,29520,28113,Arunachal Pradesh,Covaxin
36444,34273,70717,32413,38304,Assam,Covaxin
17892,6420,24312,16071,8241,Bihar,Covaxin
40388,32589,72977,54748,18229,Chandigarh,Covaxin
7325,30641,37966,8548,29418,Chhattisgarh,Covaxin
25350,36884,62234,34406,27828,Dadra and Nagar Haveli and Daman and Diu,Covaxin
46037,3520,49557,32328,17229,Delhi,Covaxin
43716,12525,56241,41910,14331,Goa,Covaxin
44630,26371,71001,53125,17876,Gujarat,Covaxin
36785,14571,51356,32889,18467,Haryana,Covaxin
36298,40518,76816,44113,32703,Himachal Pradesh,Covaxin
28352,23469,51821,47589,4232,Jammu and Kashmir,Covaxin
40689,35614,76303,68339,7964,Jharkhand,Covaxin
3296,22254,25550,15316,10234,Karnataka,Covaxin
4999,49235,54234,48811,5423,Kerala,Covaxin
11039,44824,55863,22631,33232,Lakshadweep,Covaxin
17225,13558,30783,19175,11608,Ladakh,Covaxin
46031,5280,51311,46019,5292,Madhya Pradesh,Covaxin
1679,37491,39170,10037,29133,Maharashtra,Covaxin
28558,29392,57950,15198,42752,Manipur,Covaxin
29154,10040,39194,13713,25481,Meghalaya,Covaxin
35170,43618,78788,50936,27852,Mizoram,Covaxin
9211,2028,11239,6848,4391,Nagaland,Covaxin
31826,28706,60532,24318,36214,Odisha,Covaxin
15658,38925,54583,5165,49418,Puducherry,Covaxin
41985,39630,81615,43680,37935,Punjab,Covaxin
37884,7081,44965,20750,24215,Rajasthan,Covaxin
48075,11716,59791,44485,15306,Sikkim,Covaxin
48495,3808,52303,44308,7995,Tamil Nadu,Covaxin
39917,27514,67431,57412,10019,Telengana,Covaxin
23797,13638,37435,33069,4366,Tripura,Covaxin
13825,24409,38234,35337,2897,Uttarakhand,Covaxin
30861,3237,34098,26484,7614,Uttar Pradesh,Covaxin
1995,30993,32988,17367,15621,West Bengal,Covaxin
13414,15953,29367,10269,19098,Andhra Pradesh,Covaxin
45034,16326,61360,29725,31635,Andaman and Nicobar Islands,Covaxin
4002,29416,33418,17541,15877,Arunachal Pradesh,Covaxin
23575,7058,30633,17789,12844,Assam,Covaxin
34210,49886,84096,26114,57982,Bihar,Covaxin
38078,10726,48804,18833,29971,Chandigarh,Covaxin
12679,32051,44730,25121,19609,Chhattisgarh,Covaxin
25241,8538,33779,19989,13790,Dadra and Nagar Haveli and Daman and Diu,Covaxin
36216,39928,76144,29250,46894,Delhi,Covaxin
36317,45233,81550,63260,18290,Goa,Covaxin
17235,11759,28994,8561,20433,Gujarat,Covaxin
16205,23942,40147,31169,8978,Haryana,Covaxin
37577,15311,52888,28318,24570,Himachal Pradesh,Covaxin
13090,10181,23271,15816,7455,Jammu and Kashmir,Covaxin
6790,6085,12875,9300,3575,Jharkhand,Covaxin
23412,2108,25520,19274,6246,Karnataka,Covaxin
11107,45164,56271,7226,49045,Kerala,Covaxin
44927,14985,59912,15279,44633,Lakshadweep,Covaxin
28454,24423,52877,24102,28775,Ladakh,Covaxin
9403,36459,45862,42942,2920,Madhya Pradesh,Covaxin
27066,27163,54229,50385,3844,Maharashtra,Covaxin
26403,4099,30502,11663,18839,Manipur,Covaxin
22807,2132,24939,16740,8199,Meghalaya,Covaxin
20079,24184,44263,15205,29058,Mizoram,Covaxin
32086,45501,77587,66456,11131,Nagaland,Covaxin
44520,7267,51787,15191,36596,Odisha,Covaxin
19296,8481,27777,9059,18718,Puducherry,Covaxin
15848,8823,24671,7423,17248,Punjab,Covaxin
28687,19166,47853,34624,13229,Rajasthan,Covaxin
4803,23944,28747,12115,16632,Sikkim,Covaxin
31746,12871,44617,26025,18592,Tamil Nadu,Covaxin
8538,4693,13231,9515,3716,Telengana,Covaxin
12242,3035,15277,13947,1330,Tripura,Covaxin
34313,15031,49344,32874,16470,Uttarakhand,Covaxin
2880,19092,21972,18386,3586,Uttar Pradesh,Covaxin
38908,12014,50922,21684,29238,West Bengal,Covaxin
29275,21176,50451,20135,30316,Andhra Pradesh,Covaxin
49030,46191,95221,46609,48612,Andaman and Nicobar Islands,Covaxin
47852,45282,93134,12702,80432,Arunachal Pradesh,Covaxin
19263,49745,69008,28076,40932,Assam,Covaxin
47440,37489,84929,30754,54175,Bihar,Covaxin
37148,13960,51108,22218,28890,Chandigarh,Covaxin
3935,47213,51148,26986,24162,Chhattisgarh,Covaxin
40923,36930,77853,8647,69206,Dadra and Nagar Haveli and Daman and Diu,Covaxin
11178,41988,53166,30688,22478,Delhi,Covaxin
3974,2690,6664,5782,882,Goa,Covaxin
34519,47742,82261,65652,16609,Gujarat,Covaxin
34341,46786,81127,58482,22645,Haryana,Covaxin
7165,3449,10614,8911,1703,Himachal Pradesh,Covaxin
38453,36758,75211,43097,32114,Jammu and Kashmir,Covaxin
20529,22632,43161,35927,7234,Jharkhand,Covaxin
33235,17361,50596,47932,2664,Karnataka,Covaxin
43212,11106,54318,36062,18256,Kerala,Covaxin
13296,46916,60212,44851,15361,Lakshadweep,Covaxin
7864,26555,34419,21665,12754,Ladakh,Covaxin
16181,15227,31408,14911,16497,Madhya Pradesh,Covaxin
22069,12133,34202,32369,1833,Maharashtra,Covaxin
33518,10682,44200,41319,2881,Manipur,Covaxin
9080,34918,43998,36143,7855,Meghalaya,Covaxin
35063,25608,60671,33134,27537,Mizoram,Covaxin
8573,33981,42554,33246,9308,Nagaland,Covaxin
32093,11081,43174,32843,10331,Odisha,Covaxin
46613,7286,53899,16919,36980,Puducherry,Covaxin
45511,38963,84474,80479,3995,Punjab,Covaxin
29091,10499,39590,12970,26620,Rajasthan,Covaxin
11928,12995,24923,7837,17086,Sikkim,Covaxin
45741,49128,94869,84657,10212,Tamil Nadu,Covaxin
10225,15058,25283,13059,12224,Telengana,Covaxin
28636,23581,52217,6908,45309,Tripura,Covaxin
47436,4119,51555,18539,33016,Uttarakhand,Covaxin
23005,31912,54917,13075,41842,Uttar Pradesh,Covaxin
42557,21884,64441,46218,18223,West Bengal,Covaxin
23849,34565,58414,6886,51528,Andhra Pradesh,Covaxin
24454,48748,73202,14645,58557,Andaman and Nicobar Islands,Covaxin
36679,19108,55787,44540,11247,Arunachal Pradesh,Covaxin
7906,49811,57717,55496,2221,Assam,Covaxin
19773,21291,41064,38745,2319,Bihar,Covaxin
22191,31832,54023,25968,28055,Chandigarh,Covaxin
34841,17778,52619,50090,2529,Chhattisgarh,Covaxin
27191,3986,31177,20613,10564,Dadra and Nagar Haveli and Daman and Diu,Covaxin
9937,3159,13096,10010,3086,Delhi,Covaxin
39560,10417,49977,47977,2000,Goa,Covaxin
39796,7356,47152,28664,18488,Gujarat,Covaxin
9252,34819,44071,12085,31986,Haryana,Covaxin
43857,8513,52370,5530,46840,Himachal Pradesh,Covaxin
10535,6012,16547,12191,4356,Jammu and Kashmir,Covaxin
43823,40948,84771,16889,67882,Jharkhand,Covaxin
48210,25590,73800,73451,349,Karnataka,Covaxin
49430,4589,54019,46096,7923,Kerala,Covaxin
41444,15815,57259,40553,16706,Lakshadweep,Covaxin
2707,14978,17685,14836,2849,Ladakh,Covaxin
40401,45422,85823,12749,73074,Madhya Pradesh,Covaxin
3990,41129,45119,23642,21477,Maharashtra,Covaxin
32707,29217,61924,18648,43276,Manipur,Covaxin
11623,5118,16741,10113,6628,Meghalaya,Covaxin
17406,25967,43373,20328,23045,Mizoram,Covaxin
42050,32875,74925,36094,38831,Nagaland,Covaxin
37577,45036,82613,72708,9905,Odisha,Covaxin
29566,42147,71713,26731,44982,Puducherry,Covaxin
38832,26879,65711,17668,48043,Punjab,Covaxin
20793,10474,31267,21876,9391,Rajasthan,Covaxin
15377,48516,63893,52861,11032,Sikkim,Covaxin
22341,1516,23857,15352,8505,Tamil Nadu,Covaxin
45129,18471,63600,19255,44345,Telengana,Covaxin
45920,17328,63248,53599,9649,Tripura,Covaxin
45946,36647,82593,37132,45461,Uttarakhand,Covaxin
13919,40698,54617,41795,12822,Uttar Pradesh,Covaxin
21936,19679,41615,10623,30992,West Bengal,Covaxin
10749,43537,54286,20065,34221,Andhra Pradesh,Covaxin
46117,34268,80385,19626,60759,Andaman and Nicobar Islands,Covaxin
49559,45309,94868,39010,55858,Arunachal Pradesh,Covaxin
4650,30365,35015,29382,5633,Assam,Covaxin
14293,22752,37045,19818,17227,Bihar,Covaxin
20484,25345,45829,6683,39146,Chandigarh,Covaxin
8068,24297,32365,7357,25008,Chhattisgarh,Covaxin
4584,8930,13514,12745,769,Dadra and Nagar Haveli and Daman and Diu,Covaxin
6924,43552,50476,22595,27881,Delhi,Covaxin
17187,46437,63624,22448,41176,Goa,Covaxin
47927,14010,61937,6116,55821,Gujarat,Covaxin
18690,48603,67293,51441,15852,Haryana,Covaxin
41800,8809,50609,30838,19771,Himachal Pradesh,Covaxin
24017,31874,55891,43072,12819,Jammu and Kashmir,Covaxin
18566,26480,45046,31195,13851,Jharkhand,Covaxin
22775,1621,24396,17868,6528,Karnataka,Covaxin
44261,36690,80951,21774,59177,Kerala,Covaxin
29105,46848,75953,22233,53720,Lakshadweep,Covaxin
39193,38178,77371,74896,2475,Ladakh,Covaxin
2936,30526,33462,31022,2440,Madhya Pradesh,Covaxin
17885,15171,33056,19549,13507,Maharashtra,Covaxin
26564,40117,66681,31924,34757,Manipur,Covaxin
49845,43967,93812,47143,46669,Meghalaya,Covaxin
13890,49203,63093,54586,8507,Mizoram,Covaxin
9649,1853,11502,10590,912,Nagaland,Covaxin
36495,46211,82706,79945,2761,Odisha,Covaxin
46804,42258,89062,89041,21,Puducherry,Covaxin
40885,49105,89990,85787,4203,Punjab,Covaxin
12884,2486,15370,10504,4866,Rajasthan,Covaxin
30586,22704,53290,20502,32788,Sikkim,Covaxin
49408,24326,73734,67416,6318,Tamil Nadu,Covaxin
49508,4221,53729,5151,48578,Telengana,Covaxin
10704,20448,31152,29841,1311,Tripura,Covaxin
19608,49376,68984,7314,61670,Uttarakhand,Covaxin
48777,34081,82858,79419,3439,Uttar Pradesh,Covaxin
4735,8217,12952,10804,2148,West Bengal,Covaxin
8807,12247,21054,16561,4493,Andhra Pradesh,Covaxin
38406,9148,47554,45663,1891,Andaman and Nicobar Islands,Covaxin
28120,10069,38189,36072,2117,Arunachal Pradesh,Covaxin
44510,31589,76099,52146,23953,Assam,Covaxin
43558,27954,71512,6111,65401,Bihar,Covaxin
27449,38547,65996,21426,44570,Chandigarh,Covaxin
15047,41559,56606,17867,38739,Chhattisgarh,Covaxin
18483,5527,24010,17767,6243,Dadra and Nagar Haveli and Daman and Diu,Covaxin
8825,31793,40618,34958,5660,Delhi,Covaxin
45100,37241,82341,44080,38261,Goa,Covaxin
16076,26072,42148,18975,23173,Gujarat,Covaxin
10783,29080,39863,32233,7630,Haryana,Covaxin
13224,49909,63133,18229,44904,Himachal Pradesh,Covaxin
21101,20205,41306,11385,29921,Jammu and Kashmir,Covaxin
49767,20171,69938,58973,10965,Jharkhand,Covaxin
33617,13732,47349,26080,21269,Karnataka,Covaxin
19044,20168,39212,22025,17187,Kerala,Covaxin
3841,40750,44591,13448,31143,Lakshadweep,Covaxin
30829,33880,64709,43030,21679,Ladakh,Covaxin
29798,39072,68870,49758,19112,Madhya Pradesh,Covaxin
25967,11818,37785,20614,17171,Maharashtra,Covaxin
23239,20044,43283,26426,16857,Manipur,Covaxin
14299,40216,54515,46246,8269,Meghalaya,Covaxin
5235,9314,14549,10555,3994,Mizoram,Covaxin
8814,11490,20304,20031,273,Nagaland,Covaxin
20160,24669,44829,10867,33962,Odisha,Covaxin
32159,11157,43316,38617,4699,Puducherry,Covaxin
29333,13219,42552,36558,5994,Punjab,Covaxin
3511,23959,27470,7767,19703,Rajasthan,Covaxin
5520,4828,10348,6882,3466,Sikkim,Covaxin
37687,6431,44118,43385,733,Tamil Nadu,Covaxin
35843,5106,40949,27892,13057,Telengana,Covaxin
5028,3188,8216,7671,545,Tripura,Covaxin
12289,24717,37006,14398,22608,Uttarakhand,Covaxin
42280,13687,55967,10030,45937,Uttar Pradesh,Covaxin
20705,4979,25684,6274,19410,West Bengal,Covaxin
32937,48590,81527,62038,19489,Andhra Pradesh,Covaxin
27041,19406,46447,17071,29376,Andaman and Nicobar Islands,Covaxin
21073,43860,64933,31151,33782,Arunachal Pradesh,Covaxin
40740,4307,45047,12061,32986,Assam,Covaxin
3302,43960,47262,19964,27298,Bihar,Covaxin
40648,28264,68912,47938,20974,Chandigarh,Covaxin
10568,17470,28038,15312,12726,Chhattisgarh,Covaxin
16792,35470,52262,7342,44920,Dadra and Nagar Haveli and Daman and Diu,Covaxin
43376,49897,93273,27098,66175,Delhi,Covaxin
17834,4808,22642,15413,7229,Goa,Covaxin
8713,12587,21300,6003,15297,Gujarat,Covaxin
3861,4092,7953,6312,1641,Haryana,Covaxin
34875,40957,75832,61583,14249,Himachal Pradesh,Covaxin
25478,6083,31561,7471,24090,Jammu and Kashmir,Covaxin
7254,22479,29733,24448,5285,Jharkhand,Covaxin
12155,37161,49316,41075,8241,Karnataka,Covaxin
17175,9876,27051,9937,17114,Kerala,Covaxin
24012,23541,47553,29816,17737,Lakshadweep,Covaxin
18320,44047,62367,26373,35994,Ladakh,Covaxin
14513,3601,18114,6300,11814,Madhya Pradesh,Covaxin
40313,2391,42704,30258,12446,Maharashtra,Covaxin
31614,19705,51319,23066,28253,Manipur,Covaxin
2184,25472,27656,15669,11987,Meghalaya,Covaxin
28987,27765,56752,47142,9610,Mizoram,Covaxin
43494,9169,52663,24660,28003,Nagaland,Covaxin
19521,9920,29441,21454,7987,Odisha,Covaxin
46423,33949,80372,53938,26434,Puducherry,Covaxin
12848,37423,50271,40597,9674,Punjab,Covaxin
23139,15186,38325,6950,31375,Rajasthan,Covaxin
17894,23037,40931,8661,32270,Sikkim,Covaxin
42076,6054,48130,20115,28015,Tamil Nadu,Covaxin
28146,22806,50952,18441,32511,Telengana,Covaxin
40505,33617,74122,27184,46938,Tripura,Covaxin
13770,19701,33471,10301,23170,Uttarakhand,Covaxin
10864,38970,49834,38032,11802,Uttar Pradesh,Covaxin
27979,5862,33841,26265,7576,West Bengal,Covaxin
18048,48587,66635,30760,35875,Andhra Pradesh,Covaxin
9579,3386,12965,7808,5157,Andaman and Nicobar Islands,Covaxin
23673,45790,69463,58758,10705,Arunachal Pradesh,Covaxin
45298,44729,90027,22418,67609,Assam,Covaxin
13463,31466,44929,18230,26699,Bihar,Covaxin
17433,5452,22885,13471,9414,Chandigarh,Covaxin
24387,14045,38432,24703,13729,Chhattisgarh,Covaxin
43563,48686,92249,60752,31497,Dadra and Nagar Haveli and Daman and Diu,Covaxin
39960,21871,61831,50492,11339,Delhi,Covaxin
23557,4169,27726,26920,806,Goa,Covaxin
7141,44451,51592,29934,21658,Gujarat,Covaxin
22263,46001,68264,10713,57551,Haryana,Covaxin
46610,27233,73843,27426,46417,Himachal Pradesh,Covaxin
48370,33884,82254,11083,71171,Jammu and Kashmir,Covaxin
19091,38898,57989,17150,40839,Jharkhand,Covaxin
10917,49706,60623,43958,16665,Karnataka,Covaxin
18416,28194,46610,12018,34592,Kerala,Covaxin
34779,6365,41144,35139,6005,Lakshadweep,Covaxin
32111,9652,41763,26752,15011,Ladakh,Covaxin
31110,16911,48021,26475,21546,Madhya Pradesh,Covaxin
48160,15476,63636,39200,24436,Maharashtra,Covaxin
17769,25257,43026,11151,31875,Manipur,Covaxin
14530,19905,34435,15452,18983,Meghalaya,Covaxin
44312,1779,46091,40329,5762,Mizoram,Covaxin
15696,36657,52353,28656,23697,Nagaland,Covaxin
21729,40531,62260,28178,34082,Odisha,Covaxin
23240,42160,65400,35956,29444,Puducherry,Covaxin
34661,14051,48712,9209,39503,Punjab,Covaxin
8627,8943,17570,11614,5956,Rajasthan,Covaxin
14895,11975,26870,16153,10717,Sikkim,Covaxin
19962,8711,28673,26854,1819,Tamil Nadu,Covaxin
19871,34288,54159,27494,26665,Telengana,Covaxin
17245,45899,63144,9972,53172,Tripura,Covaxin
31031,5638,36669,25940,10729,Uttarakhand,Covaxin
10694,16767,27461,20640,6821,Uttar Pradesh,Covaxin
28366,30426,58792,28070,30722,West Bengal,Covaxin
34489,38055,72544,26862,45682,Andhra Pradesh,Covaxin
26920,21006,47926,31231,16695,Andaman and Nicobar Islands,Sputnik
43779,32911,76690,49219,27471,Arunachal Pradesh,Sputnik
4246,24582,28828,12400,16428,Assam,Sputnik
1947,40398,42345,12445,29900,Bihar,Sputnik
23120,22365,45485,27479,18006,Chandigarh,Sputnik
25596,29582,55178,39418,15760,Chhattisgarh,Sputnik
27509,46048,73557,12613,60944,Dadra and Nagar Haveli and Daman and Diu,Sputnik
6816,28136,34952,22585,12367,Delhi,Sputnik
32247,9080,41327,13268,28059,Goa,Sputnik
6550,45506,52056,36342,15714,Gujarat,Sputnik
5175,32753,37928,31234,6694,Haryana,Sputnik
23769,48693,72462,15343,57119,Himachal Pradesh,Sputnik
14009,1981,15990,7357,8633,Jammu and Kashmir,Sputnik
9660,19578,29238,10497,18741,Jharkhand,Sputnik
2996,14078,17074,11618,5456,Karnataka,Sputnik
44181,47099,91280,35982,55298,Kerala,Sputnik
2630,46776,49406,32164,17242,Lakshadweep,Sputnik
12798,49228,62026,36950,25076,Ladakh,Sputnik
37504,2511,40015,12987,27028,Madhya Pradesh,Sputnik
36294,24990,61284,45393,15891,Maharashtra,Sputnik
2539,9207,11746,11298,448,Manipur,Sputnik
23223,42519,65742,40750,24992,Meghalaya,Sputnik
6028,18268,24296,9588,14708,Mizoram,Sputnik
12054,20076,32130,24660,7470,Nagaland,Sputnik
26355,26753,53108,45340,7768,Odisha,Sputnik
47670,32819,80489,37824,42665,Puducherry,Sputnik
24798,38527,63325,62007,1318,Punjab,Sputnik
19191,29438,48629,26437,22192,Rajasthan,Sputnik
37525,18318,55843,9273,46570,Sikkim,Sputnik
45217,10716,55933,49049,6884,Tamil Nadu,Sputnik
23903,12718,36621,24668,11953,Telengana,Sputnik
18929,41627,60556,15861,44695,Tripura,Sputnik
4993,41690,46683,13161,33522,Uttarakhand,Sputnik
13712,38458,52170,14064,38106,Uttar Pradesh,Sputnik
49962,16540,66502,29272,37230,West Bengal,Sputnik
14242,42379,56621,29843,26778,Andhra Pradesh,Sputnik
2904,30854,33758,7704,26054,Andaman and Nicobar Islands,Sputnik
3703,30859,34562,27977,6585,Arunachal Pradesh,Sputnik
13134,5893,19027,8466,10561,Assam,Sputnik
14448,38717,53165,8541,44624,Bihar,Sputnik
27866,45618,73484,15397,58087,Chandigarh,Sputnik
47227,3043,50270,36752,13518,Chhattisgarh,Sputnik
32944,33487,66431,39441,26990,Dadra and Nagar Haveli and Daman and Diu,Sputnik
42629,17900,60529,18923,41606,Delhi,Sputnik
13984,33711,47695,17831,29864,Goa,Sputnik
49533,18388,67921,21026,46895,Gujarat,Sputnik
45779,45813,91592,38824,52768,Haryana,Sputnik
35625,13049,48674,21499,27175,Himachal Pradesh,Sputnik
49833,15164,64997,58786,6211,Jammu and Kashmir,Sputnik
49699,5347,55046,15660,39386,Jharkhand,Sputnik
11493,27058,38551,9083,29468,Karnataka,Sputnik
7085,24926,32011,30669,1342,Kerala,Sputnik
17138,17182,34320,12135,22185,Lakshadweep,Sputnik
3677,36246,39923,14241,25682,Ladakh,Sputnik
11699,16901,28600,5224,23376,Madhya Pradesh,Sputnik
41626,41731,83357,26744,56613,Maharashtra,Sputnik
41769,47388,89157,60360,28797,Manipur,Sputnik
4658,14903,19561,16277,3284,Meghalaya,Sputnik
37963,20784,58747,55714,3033,Mizoram,Sputnik
20304,2555,22859,18597,4262,Nagaland,Sputnik
26926,9064,35990,34672,1318,Odisha,Sputnik
16769,8565,25334,13632,11702,Puducherry,Sputnik
22988,5009,27997,25103,2894,Punjab,Sputnik
42433,22934,65367,54227,11140,Rajasthan,Sputnik
49530,11188,60718,27696,33022,Sikkim,Sputnik
16462,9518,25980,8231,17749,Tamil Nadu,Sputnik
18977,6697,25674,8825,16849,Telengana,Sputnik
2264,46953,49217,48568,649,Tripura,Sputnik
30178,12303,42481,14045,28436,Uttarakhand,Sputnik
21851,28725,50576,20250,30326,Uttar Pradesh,Sputnik
35732,18911,54643,46932,7711,West Bengal,Sputnik
49373,48894,98267,90309,7958,Andhra Pradesh,Sputnik
4443,33645,38088,17812,20276,Andaman and Nicobar Islands,Sputnik
25757,37980,63737,47654,16083,Arunachal Pradesh,Sputnik
19461,35646,55107,32740,22367,Assam,Sputnik
6876,2248,9124,8538,586,Bihar,Sputnik
6614,46998,53612,16282,37330,Chandigarh,Sputnik
4252,41707,45959,27437,18522,Chhattisgarh,Sputnik
15432,22462,37894,10331,27563,Dadra and Nagar Haveli and Daman and Diu,Sputnik
46429,9365,55794,13047,42747,Delhi,Sputnik
22463,27189,49652,26058,23594,Goa,Sputnik
42270,44552,86822,61409,25413,Gujarat,Sputnik
9613,43002,52615,38894,13721,Haryana,Sputnik
19837,36068,55905,27490,28415,Himachal Pradesh,Sputnik
4268,35230,39498,28997,10501,Jammu and Kashmir,Sputnik
49318,35547,84865,23444,61421,Jharkhand,Sputnik
13174,6323,19497,5069,14428,Karnataka,Sputnik
18918,30744,49662,32599,17063,Kerala,Sputnik
1829,3393,5222,5214,8,Lakshadweep,Sputnik
5196,26710,31906,24908,6998,Ladakh,Sputnik
26453,2249,28702,14401,14301,Madhya Pradesh,Sputnik
45350,17460,62810,7525,55285,Maharashtra,Sputnik
32841,4887,37728,13939,23789,Manipur,Sputnik
25573,42693,68266,42387,25879,Meghalaya,Sputnik
36096,45171,81267,21858,59409,Mizoram,Sputnik
5887,15930,21817,10233,11584,Nagaland,Sputnik
28791,23828,52619,31576,21043,Odisha,Sputnik
31134,35720,66854,33592,33262,Puducherry,Sputnik
20920,44238,65158,45012,20146,Punjab,Sputnik
17043,45535,62578,45991,16587,Rajasthan,Sputnik
4519,49504,54023,23373,30650,Sikkim,Sputnik
11048,48635,59683,21452,38231,Tamil Nadu,Sputnik
2905,36354,39259,21530,17729,Telengana,Sputnik
2603,27615,30218,7400,22818,Tripura,Sputnik
2638,38031,40669,27759,12910,Uttarakhand,Sputnik
30635,46677,77312,6692,70620,Uttar Pradesh,Sputnik
8564,26323,34887,20081,14806,West Bengal,Sputnik
4772,40251,45023,18431,26592,Andhra Pradesh,Sputnik
19641,36315,55956,19978,35978,Andaman and Nicobar Islands,Sputnik
30753,18743,49496,30183,19313,Arunachal Pradesh,Sputnik
28423,28721,57144,24559,32585,Assam,Sputnik
47738,3633,51371,26308,25063,Bihar,Sputnik
31902,33345,65247,27588,37659,Chandigarh,Sputnik
17708,18723,36431,9464,26967,Chhattisgarh,Sputnik
18983,7051,26034,12173,13861,Dadra and Nagar Haveli and Daman and Diu,Sputnik
46264,49007,95271,77027,18244,Delhi,Sputnik
38240,32401,70641,31818,38823,Goa,Sputnik
31298,40626,71924,65242,6682,Gujarat,Sputnik
15145,7639,22784,17882,4902,Haryana,Sputnik
1649,9704,11353,6378,4975,Himachal Pradesh,Sputnik
15645,48047,63692,38804,24888,Jammu and Kashmir,Sputnik
39730,34363,74093,56035,18058,Jharkhand,Sputnik
13503,38705,52208,23130,29078,Karnataka,Sputnik
12626,44071,56697,36878,19819,Kerala,Sputnik
7113,17101,24214,9008,15206,Lakshadweep,Sputnik
43910,10674,54584,34198,20386,Ladakh,Sputnik
39166,31680,70846,36071,34775,Madhya Pradesh,Sputnik
49193,23884,73077,33845,39232,Maharashtra,Sputnik
11050,30751,41801,13665,28136,Manipur,Sputnik
43396,2338,45734,15261,30473,Meghalaya,Sputnik
20350,34221,54571,9154,45417,Mizoram,Sputnik
1637,28461,30098,17320,12778,Nagaland,Sputnik
17861,29025,46886,42399,4487,Odisha,Sputnik
44562,25485,70047,58519,11528,Puducherry,Sputnik
24055,24898,48953,9856,39097,Punjab,Sputnik
1688,12879,14567,8167,6400,Rajasthan,Sputnik
31171,5384,36555,28935,7620,Sikkim,Sputnik
12407,18579,30986,27658,3328,Tamil Nadu,Sputnik
43162,30818,73980,54694,19286,Telengana,Sputnik
33056,34324,67380,5144,62236,Tripura,Sputnik
13326,22578,35904,25043,10861,Uttarakhand,Sputnik
34847,44218,79065,56389,22676,Uttar Pradesh,Sputnik
28765,17600,46365,29153,17212,West Bengal,Sputnik
26571,23151,49722,36616,13106,Andhra Pradesh,Sputnik
10790,32978,43768,42346,1422,Andaman and Nicobar Islands,Sputnik
2142,32106,34248,24561,9687,Arunachal Pradesh,Sputnik
10351,45287,55638,35547,20091,Assam,Sputnik
31993,39425,71418,56967,14451,Bihar,Sputnik
41970,11090,53060,31390,21670,Chandigarh,Sputnik
17581,15920,33501,28362,5139,Chhattisgarh,Sputnik
35368,49465,84833,61808,23025,Dadra and Nagar Haveli and Daman and Diu,Sputnik
32483,39590,72073,48763,23310,Delhi,Sputnik
11035,38740,49775,30321,19454,Goa,Sputnik
17122,25724,42846,8901,33945,Gujarat,Sputnik
37027,31402,68429,33178,35251,Haryana,Sputnik
30618,39058,69676,10982,58694,Himachal Pradesh,Sputnik
23911,26969,50880,20833,30047,Jammu and Kashmir,Sputnik
11147,7915,19062,5366,13696,Jharkhand,Sputnik
24406,9634,34040,22831,11209,Karnataka,Sputnik
25404,12118,37522,31763,5759,Kerala,Sputnik
41087,15569,56656,29264,27392,Lakshadweep,Sputnik
13707,40900,54607,43369,11238,Ladakh,Sputnik
17927,7964,25891,9965,15926,Madhya Pradesh,Sputnik
10956,31237,42193,33470,8723,Maharashtra,Sputnik
1958,15173,17131,15773,1358,Manipur,Sputnik
12334,6340,18674,18556,118,Meghalaya,Sputnik
7636,1768,9404,9154,250,Mizoram,Sputnik
42652,19821,62473,58678,3795,Nagaland,Sputnik
41609,17686,59295,12994,46301,Odisha,Sputnik
13637,45672,59309,59159,150,Puducherry,Sputnik
46162,26522,72684,34214,38470,Punjab,Sputnik
4500,18270,22770,14779,7991,Rajasthan,Sputnik
16404,32646,49050,23656,25394,Sikkim,Sputnik
22604,9415,32019,29530,2489,Tamil Nadu,Sputnik
17954,33483,51437,13193,38244,Telengana,Sputnik
36355,35826,72181,57637,14544,Tripura,Sputnik
26068,22911,48979,17658,31321,Uttarakhand,Sputnik
49810,9583,59393,55316,4077,Uttar Pradesh,Sputnik
21789,12427,34216,11218,22998,West Bengal,Sputnik
45732,43564,89296,84475,4821,Andhra Pradesh,Sputnik
39080,25088,64168,42199,21969,Andaman and Nicobar Islands,Sputnik
37407,33510,70917,27317,43600,Arunachal Pradesh,Sputnik
25422,22178,47600,47112,488,Assam,Sputnik
20453,44553,65006,5529,59477,Bihar,Sputnik
15680,37215,52895,36887,16008,Chandigarh,Sputnik
38453,8414,46867,46769,98,Chhattisgarh,Sputnik
42473,15290,57763,36633,21130,Dadra and Nagar Haveli and Daman and Diu,Sputnik
10204,15932,26136,18995,7141,Delhi,Sputnik
32274,34885,67159,66133,1026,Goa,Sputnik
12844,12091,24935,7642,17293,Gujarat,Sputnik
16824,16571,33395,24173,9222,Haryana,Sputnik
29554,18382,47936,18147,29789,Himachal Pradesh,Sputnik
9544,36006,45550,26420,19130,Jammu and Kashmir,Sputnik
34577,8487,43064,9503,33561,Jharkhand,Sputnik
36606,23736,60342,56207,4135,Karnataka,Sputnik
47860,46112,93972,59074,34898,Kerala,Sputnik
13168,27206,40374,35319,5055,Lakshadweep,Sputnik
23068,30983,54051,38750,15301,Ladakh,Sputnik
40649,22352,63001,23525,39476,Madhya Pradesh,Sputnik
6208,37262,43470,20390,23080,Maharashtra,Sputnik
12655,30933,43588,28425,15163,Manipur,Sputnik
35420,16260,51680,9447,42233,Meghalaya,Sputnik
48473,47038,95511,18812,76699,Mizoram,Sputnik
6576,22110,28686,6635,22051,Nagaland,Sputnik
13510,33561,47071,30247,16824,Odisha,Sputnik
33618,39417,73035,26942,46093,Puducherry,Sputnik
42292,12419,54711,41629,13082,Punjab,Sputnik
17840,18507,36347,15171,21176,Rajasthan,Sputnik
27060,40607,67667,10003,57664,Sikkim,Sputnik
47133,21098,68231,41189,27042,Tamil Nadu,Sputnik
46143,9522,55665,44225,11440,Telengana,Sputnik
28433,30041,58474,44583,13891,Tripura,Sputnik
15428,35105,50533,15189,35344,Uttarakhand,Sputnik
2757,45326,48083,15582,32501,Uttar Pradesh,Sputnik
45611,30901,76512,72649,3863,West Bengal,Sputnik
22131,32342,54473,40430,14043,Andhra Pradesh,Sputnik
14942,37559,52501,35854,16647,Andaman and Nicobar Islands,Sputnik
14080,19645,33725,19469,14256,Arunachal Pradesh,Sputnik
11131,4042,15173,7913,7260,Assam,Sputnik
46907,38034,84941,36960,47981,Bihar,Sputnik
35046,10700,45746,14184,31562,Chandigarh,Sputnik
46460,1992,48452,17744,30708,Chhattisgarh,Sputnik
11927,10564,22491,10948,11543,Dadra and Nagar Haveli and Daman and Diu,Sputnik
35429,42245,77674,36297,41377,Delhi,Sputnik
31997,45656,77653,59547,18106,Goa,Sputnik
9222,12604,21826,14499,7327,Gujarat,Sputnik
23714,38404,62118,26878,35240,Haryana,Sputnik
33674,35586,69260,34964,34296,Himachal Pradesh,Sputnik
21236,31895,53131,43838,9293,Jammu and Kashmir,Sputnik
28163,28682,56845,29913,26932,Jharkhand,Sputnik
22759,49454,72213,18905,53308,Karnataka,Sputnik
1949,39043,40992,22761,18231,Kerala,Sputnik
49214,40712,89926,28154,61772,Lakshadweep,Sputnik
29669,2422,32091,26783,5308,Ladakh,Sputnik
11217,47847,59064,17520,41544,Madhya Pradesh,Sputnik
32143,22746,54889,15008,39881,Maharashtra,Sputnik
31127,24554,55681,53861,1820,Manipur,Sputnik
22575,20569,43144,37766,5378,Meghalaya,Sputnik
32484,39944,72428,54868,17560,Mizoram,Sputnik
30367,8861,39228,13312,25916,Nagaland,Sputnik
35846,20205,56051,7333,48718,Odisha,Sputnik
8088,7772,15860,5377,10483,Puducherry,Sputnik
21645,8408,30053,14010,16043,Punjab,Sputnik
25953,13876,39829,39148,681,Rajasthan,Sputnik
45634,22001,67635,36615,31020,Sikkim,Sputnik
29319,30689,60008,31975,28033,Tamil Nadu,Sputnik
29806,45433,75239,64968,10271,Telengana,Sputnik
15387,18845,34232,5723,28509,Tripura,Sputnik
37818,1829,39647,26298,13349,Uttarakhand,Sputnik
24306,43873,68179,43020,25159,Uttar Pradesh,Sputnik
15584,17605,33189,17268,15921,West Bengal,Sputnik
35180,29512,64692,5343,59349,Andhra Pradesh,Sputnik
47240,45998,93238,24815,68423,Andaman and Nicobar Islands,Sputnik
49247,31727,80974,79301,1673,Arunachal Pradesh,Sputnik
27271,35503,62774,19525,43249,Assam,Sputnik
36586,6394,42980,13260,29720,Bihar,Sputnik
39582,40309,79891,49219,30672,Chandigarh,Sputnik
20128,47763,67891,37703,30188,Chhattisgarh,Sputnik
21781,7529,29310,21698,7612,Dadra and Nagar Haveli and Daman and Diu,Sputnik
28855,27337,56192,26800,29392,Delhi,Sputnik
49252,14794,64046,63745,301,Goa,Sputnik
21740,38205,59945,5456,54489,Gujarat,Sputnik
48677,32368,81045,36569,44476,Haryana,Sputnik
7562,2909,10471,6643,3828,Himachal Pradesh,Sputnik
13701,3207,16908,16537,371,Jammu and Kashmir,Sputnik
21864,13923,35787,28328,7459,Jharkhand,Sputnik
18073,47331,65404,29575,35829,Karnataka,Sputnik
36994,24112,61106,57970,3136,Kerala,Sputnik
45117,44632,89749,68422,21327,Lakshadweep,Sputnik
12804,24649,37453,17865,19588,Ladakh,Sputnik
16293,33051,49344,26500,22844,Madhya Pradesh,Sputnik
37259,21275,58534,27193,31341,Maharashtra,Sputnik
3016,11332,14348,6424,7924,Manipur,Sputnik
15797,7073,22870,15154,7716,Meghalaya,Sputnik
40251,39460,79711,10169,69542,Mizoram,Sputnik
44586,48848,93434,60106,33328,Nagaland,Sputnik
5871,34166,40037,29486,10551,Odisha,Sputnik
17783,47055,64838,27994,36844,Puducherry,Sputnik
11403,34826,46229,31976,14253,Punjab,Sputnik
29581,33446,63027,33554,29473,Rajasthan,Sputnik
10155,18238,28393,19346,9047,Sikkim,Sputnik
36003,11595,47598,34951,12647,Tamil Nadu,Sputnik
15531,5742,21273,11632,9641,Telengana,Sputnik
19591,22426,42017,16252,25765,Tripura,Sputnik
30795,41902,72697,51559,21138,Uttarakhand,Sputnik
23743,27158,50901,35713,15188,Uttar Pradesh,Sputnik
20458,8941,29399,20027,9372,West Bengal,Sputnik
36553,28285,64838,18703,46135,Andaman and Nicobar Islands,Sputnik
10467,24470,34937,28294,6643,Andhra Pradesh,Sputnik
41156,14421,55577,30523,25054,Arunachal Pradesh,Sputnik
21058,34294,55352,31545,23807,Assam,Sputnik
5143,19859,25002,13070,11932,Bihar,Sputnik
35613,3318,38931,7866,31065,Chandigarh,Sputnik
30929,8259,39188,20508,18680,Chhattisgarh,Sputnik
39641,46962,86603,77780,8823,Dadra and Nagar Haveli and Daman and Diu,Sputnik
1913,34474,36387,33439,2948,Delhi,Sputnik
34829,31944,66773,51622,15151,Goa,Sputnik
48784,45620,94404,78169,16235,Gujarat,Sputnik
4181,17655,21836,7006,14830,Haryana,Sputnik
32327,24357,56684,41202,15482,Himachal Pradesh,Sputnik
3298,22245,25543,18876,6667,Jammu and Kashmir,Sputnik
10402,4188,14590,6263,8327,Jharkhand,Sputnik
35863,47049,82912,82398,514,Karnataka,Sputnik
20309,5177,25486,17617,7869,Kerala,Sputnik
14569,18461,33030,13467,19563,Ladakh,Sputnik
11285,10340,21625,15296,6329,Lakshadweep,Sputnik
6676,31288,37964,12991,24973,Madhya Pradesh,Sputnik
39119,28010,67129,24220,42909,Maharashtra,Sputnik
26009,19105,45114,42650,2464,Manipur,Sputnik
23996,8353,32349,28402,3947,Meghalaya,Sputnik
5484,33684,39168,15071,24097,Mizoram,Sputnik
20945,27089,48034,12968,35066,Nagaland,Sputnik
22589,13319,35908,8106,27802,Odisha,Sputnik
7677,24724,32401,10322,22079,Puducherry,Sputnik
28393,42610,71003,39192,31811,Punjab,Sputnik
10054,35595,45649,21877,23772,Rajasthan,Sputnik
35367,42536,77903,61625,16278,Sikkim,Sputnik
40165,25616,65781,53097,12684,Tamil Nadu,Sputnik
35063,22112,57175,45742,11433,Telengana,Sputnik
34528,8206,42734,9986,32748,Tripura,Sputnik
7379,29450,36829,6471,30358,Uttarakhand,Sputnik
21955,3626,25581,22105,3476,Uttar Pradesh,Sputnik
8952,34752,43704,5403,38301,West Bengal,Sputnik
25379,2460,27839,21620,6219,Andaman and Nicobar Islands,Sputnik
14965,7992,22957,16426,6531,Andhra Pradesh,Sputnik
9248,38122,47370,5981,41389,Arunachal Pradesh,Sputnik
48823,9613,58436,12324,46112,Assam,Sputnik
5447,12095,17542,15622,1920,Bihar,Sputnik
33663,20259,53922,41578,12344,Chandigarh,Sputnik
7256,5469,12725,10062,2663,Chhattisgarh,Sputnik
6523,43986,50509,44917,5592,Dadra and Nagar Haveli and Daman and Diu,Sputnik
43101,46045,89146,71106,18040,Delhi,Sputnik
27488,17944,45432,17273,28159,Goa,Sputnik
5491,18528,24019,17594,6425,Gujarat,Sputnik
17866,1747,19613,11623,7990,Haryana,Sputnik
36065,11348,47413,27656,19757,Himachal Pradesh,Sputnik
31651,29257,60908,21148,39760,Jammu and Kashmir,Sputnik
23726,14942,38668,7120,31548,Jharkhand,Sputnik
4638,10515,15153,7952,7201,Karnataka,Sputnik
21184,25478,46662,28021,18641,Kerala,Sputnik
43108,32604,75712,26149,49563,Ladakh,Sputnik
42296,23001,65297,17710,47587,Lakshadweep,Sputnik
21063,31002,52065,11252,40813,Madhya Pradesh,Sputnik
2614,40876,43490,10332,33158,Maharashtra,Sputnik
26509,15454,41963,18869,23094,Manipur,Sputnik
10417,1598,12015,10332,1683,Meghalaya,Sputnik
26797,14218,41015,13197,27818,Mizoram,Sputnik
39351,35687,75038,46980,28058,Nagaland,Sputnik
3885,45059,48944,47747,1197,Odisha,Sputnik
45437,12804,58241,28822,29419,Puducherry,Sputnik
32934,23637,56571,11386,45185,Punjab,Sputnik
4662,7876,12538,10337,2201,Rajasthan,Sputnik
15975,47572,63547,11089,52458,Sikkim,Sputnik
34126,23299,57425,31939,25486,Tamil Nadu,Sputnik
7950,11374,19324,6237,13087,Telengana,Sputnik
45298,5654,50952,29979,20973,Tripura,Sputnik
2226,15162,17388,11637,5751,Uttarakhand,Sputnik
43230,36361,79591,19180,60411,Uttar Pradesh,Sputnik
21990,4138,26128,9370,16758,West Bengal,Sputnik
27523,20451,47974,25170,22804,Andaman and Nicobar Islands,Sputnik
16100,49575,65675,53864,11811,Andhra Pradesh,Sputnik
48380,39741,88121,81618,6503,Arunachal Pradesh,Sputnik
22263,9882,32145,6929,25216,Assam,Sputnik
29719,24030,53749,51788,1961,Bihar,Sputnik
11581,16716,28297,13558,14739,Chandigarh,Sputnik
3745,48150,51895,38181,13714,Chhattisgarh,Sputnik
36827,37940,74767,57749,17018,Dadra and Nagar Haveli and Daman and Diu,Sputnik
46855,32351,79206,74172,5034,Delhi,Sputnik
37376,11506,48882,22038,26844,Goa,Sputnik
13571,5208,18779,7189,11590,Gujarat,Sputnik
41638,4142,45780,22609,23171,Haryana,Sputnik
8324,18589,26913,8723,18190,Himachal Pradesh,Sputnik
48950,10917,59867,48351,11516,Jammu and Kashmir,Sputnik
25742,15349,41091,27077,14014,Jharkhand,Sputnik
14795,10997,25792,11896,13896,Karnataka,Sputnik
8838,26552,35390,7681,27709,Kerala,Sputnik
27924,19290,47214,37239,9975,Ladakh,Sputnik
9261,18432,27693,11654,16039,Lakshadweep,Sputnik
24583,14623,39206,35975,3231,Madhya Pradesh,Sputnik
43205,13678,56883,17381,39502,Maharashtra,Sputnik
48735,24432,73167,56523,16644,Manipur,Sputnik
49610,15843,65453,27680,37773,Meghalaya,Sputnik
24697,39187,63884,36891,26993,Mizoram,Sputnik
30392,30832,61224,40890,20334,Nagaland,Sputnik
49452,47331,96783,92668,4115,Odisha,Sputnik
30694,38375,69069,13533,55536,Puducherry,Sputnik
10799,6000,16799,11653,5146,Punjab,Sputnik
42604,29118,71722,34388,37334,Rajasthan,Sputnik
15376,2529,17905,10053,7852,Sikkim,Sputnik
21669,25780,47449,25350,22099,Tamil Nadu,Sputnik
32252,18611,50863,6509,44354,Telengana,Sputnik
11979,15451,27430,11402,16028,Tripura,Sputnik
11967,38819,50786,45475,5311,Uttarakhand,Sputnik
8490,44849,53339,29765,23574,Uttar Pradesh,Sputnik
43965,19246,63211,13690,49521,West Bengal,Sputnik
34778,28965,63743,15544,48199,Andaman and Nicobar Islands,Sputnik
24305,5190,29495,6718,22777,Andhra Pradesh,Sputnik
36514,45095,81609,25823,55786,Arunachal Pradesh,Sputnik
16403,49352,65755,58498,7257,Assam,Sputnik
25155,4595,29750,25956,3794,Bihar,Sputnik
3514,45128,48642,42833,5809,Chandigarh,Sputnik
35519,38831,74350,54192,20158,Chhattisgarh,Sputnik
9779,3481,13260,5592,7668,Dadra and Nagar Haveli and Daman and Diu,Sputnik
33299,10493,43792,37026,6766,Delhi,Sputnik
23410,28598,52008,35576,16432,Goa,Sputnik
12264,39978,52242,14494,37748,Gujarat,Sputnik
4579,25550,30129,12772,17357,Haryana,Sputnik
46907,37119,84026,22455,61571,Himachal Pradesh,Sputnik
12183,31146,43329,28230,15099,Jammu and Kashmir,Sputnik
27415,35403,62818,17071,45747,Jharkhand,Sputnik
31859,38831,70690,65984,4706,Karnataka,Sputnik
27978,49072,77050,42169,34881,Kerala,Sputnik
13821,48785,62606,40413,22193,Ladakh,Sputnik
48371,23202,71573,44868,26705,Lakshadweep,Sputnik
3515,9189,12704,11871,833,Madhya Pradesh,Sputnik
47532,27088,74620,20700,53920,Maharashtra,Sputnik
28231,23158,51389,25179,26210,Manipur,Sputnik
45700,16574,62274,48001,14273,Meghalaya,Sputnik
41669,31247,72916,44293,28623,Mizoram,Sputnik
41102,29785,70887,29387,41500,Nagaland,Sputnik
37998,32057,70055,19261,50794,Odisha,Sputnik
27004,6576,33580,6581,26999,Puducherry,Sputnik
31554,14477,46031,29852,16179,Punjab,Sputnik
17218,24466,41684,11861,29823,Rajasthan,Sputnik
44056,1813,45869,43580,2289,Sikkim,Sputnik
5019,2841,7860,6644,1216,Tamil Nadu,Sputnik
6539,22901,29440,5880,23560,Telengana,Sputnik
14952,5821,20773,7798,12975,Tripura,Sputnik
19971,15625,35596,14245,21351,Uttarakhand,Sputnik
3952,37055,41007,20954,20053,Uttar Pradesh,Sputnik
15079,18150,33229,5197,28032,West Bengal,Sputnik
3783,32224,36007,22159,13848,Andaman and Nicobar Islands,Sputnik
48180,28522,76702,48007,28695,Andhra Pradesh,Sputnik
41922,38291,80213,65005,15208,Arunachal Pradesh,Sputnik
15522,10873,26395,12826,13569,Assam,Sputnik
38560,44550,83110,6328,76782,Bihar,Sputnik
34265,45556,79821,37221,42600,Chandigarh,Sputnik
23437,18995,42432,9666,32766,Chhattisgarh,Sputnik
39498,47294,86792,12500,74292,Dadra and Nagar Haveli and Daman and Diu,Sputnik
12056,16983,29039,7088,21951,Delhi,Sputnik
15609,17924,33533,11940,21593,Goa,Sputnik
11992,45000,56992,47518,9474,Gujarat,Sputnik
45610,20169,65779,42985,22794,Haryana,Sputnik
13384,5193,18577,13121,5456,Himachal Pradesh,Sputnik
48475,24725,73200,69498,3702,Jammu and Kashmir,Sputnik
26210,1814,28024,27671,353,Jharkhand,Sputnik
4554,24493,29047,19076,9971,Karnataka,Sputnik
10151,17802,27953,12976,14977,Kerala,Sputnik
40146,33263,73409,51699,21710,Ladakh,Sputnik
3602,43866,47468,29472,17996,Lakshadweep,Sputnik
18779,41538,60317,5263,55054,Madhya Pradesh,Sputnik
43245,2854,46099,14729,31370,Maharashtra,Sputnik
13670,27881,41551,6275,35276,Manipur,Sputnik
36222,36422,72644,12474,60170,Meghalaya,Sputnik
12633,49616,62249,16908,45341,Mizoram,Sputnik
9893,1868,11761,8367,3394,Nagaland,Sputnik
45242,39568,84810,56671,28139,Odisha,Sputnik
47269,13493,60762,56594,4168,Puducherry,Sputnik
24633,14207,38840,10259,28581,Punjab,Sputnik
22935,29956,52891,37179,15712,Rajasthan,Sputnik
31714,31554,63268,36326,26942,Sikkim,Sputnik
24019,47007,71026,46152,24874,Tamil Nadu,Sputnik
13747,21711,35458,21377,14081,Telengana,Sputnik
32970,24983,57953,30437,27516,Tripura,Sputnik
19637,37768,57405,50896,6509,Uttarakhand,Sputnik
32645,34128,66773,60464,6309,Uttar Pradesh,Sputnik
17422,41768,59190,31135,28055,West Bengal,Sputnik
9421,29338,38759,9581,29178,Andaman and Nicobar Islands,Sputnik
26528,31700,58228,37278,20950,Andhra Pradesh,Sputnik
46480,38461,84941,15849,69092,Arunachal Pradesh,Sputnik
11578,3617,15195,6827,8368,Assam,Sputnik
27847,32907,60754,14365,46389,Bihar,Sputnik
37494,31505,68999,25320,43679,Chandigarh,Sputnik
21928,11704,33632,28015,5617,Chhattisgarh,Sputnik
40246,23014,63260,25075,38185,Dadra and Nagar Haveli and Daman and Diu,Sputnik
48100,40454,88554,47057,41497,Delhi,Sputnik
15411,26012,41423,13312,28111,Goa,Sputnik
5545,45193,50738,33144,17594,Gujarat,Sputnik
41810,15546,57356,50161,7195,Haryana,Sputnik
15583,32169,47752,9304,38448,Himachal Pradesh,Sputnik
24913,7084,31997,29746,2251,Jammu and Kashmir,Sputnik
47372,4964,52336,7764,44572,Jharkhand,Sputnik
10960,11784,22744,22407,337,Karnataka,Sputnik
10365,32807,43172,9746,33426,Kerala,Sputnik
40029,14155,54184,44201,9983,Ladakh,Sputnik
48706,32436,81142,77234,3908,Lakshadweep,Sputnik
6301,26783,33084,12319,20765,Madhya Pradesh,Sputnik
31427,21776,53203,40979,12224,Maharashtra,Sputnik
15742,8145,23887,23368,519,Manipur,Sputnik
2098,27086,29184,20900,8284,Meghalaya,Sputnik
33909,37731,71640,39940,31700,Mizoram,Sputnik
4940,23816,28756,19598,9158,Nagaland,Sputnik
42953,49541,92494,48714,43780,Odisha,Sputnik
30193,20474,50667,47096,3571,Puducherry,Sputnik
4068,20596,24664,7945,16719,Punjab,Sputnik
34595,36815,71410,56547,14863,Rajasthan,Sputnik
15197,9504,24701,13637,11064,Sikkim,Sputnik
15819,16926,32745,7610,25135,Tamil Nadu,Sputnik
4430,13783,18213,16111,2102,Telengana,Sputnik
23755,27713,51468,6648,44820,Tripura,Sputnik
16397,36208,52605,6192,46413,Uttarakhand,Sputnik
37861,7758,45619,18419,27200,Uttar Pradesh,Sputnik
5193,15088,20281,5593,14688,West Bengal,Sputnik
9602,34767,44369,24855,19514,Andaman and Nicobar Islands,Sputnik
31250,13559,44809,19789,25020,Andhra Pradesh,Sputnik
41856,26096,67952,14137,53815,Arunachal Pradesh,Sputnik
22961,12051,35012,32042,2970,Assam,Sputnik
27772,42041,69813,30346,39467,Bihar,Sputnik
1930,17331,19261,12474,6787,Chandigarh,Sputnik
18658,31355,50013,29891,20122,Chhattisgarh,Sputnik
2964,6600,9564,5458,4106,Dadra and Nagar Haveli and Daman and Diu,Sputnik
2202,27727,29929,12155,17774,Delhi,Sputnik
6410,32755,39165,23321,15844,Goa,Sputnik
44657,5415,50072,15689,34383,Gujarat,Sputnik
2371,3442,5813,5632,181,Haryana,Sputnik
34402,46609,81011,35534,45477,Himachal Pradesh,Sputnik
25594,33163,58757,5472,53285,Jammu and Kashmir,Sputnik
30806,17945,48751,14324,34427,Jharkhand,Sputnik
32951,5370,38321,21091,17230,Karnataka,Sputnik
5763,28372,34135,28721,5414,Kerala,Sputnik
19565,9702,29267,29057,210,Ladakh,Sputnik
29269,9911,39180,21866,17314,Lakshadweep,Sputnik
41293,17310,58603,58326,277,Madhya Pradesh,Sputnik
2296,12509,14805,5548,9257,Maharashtra,Sputnik
14444,14326,28770,12480,16290,Manipur,Sputnik
12477,26650,39127,11163,27964,Meghalaya,Sputnik
26859,28123,54982,39321,15661,Mizoram,Sputnik
49096,48144,97240,48905,48335,Nagaland,Sputnik
37254,38982,76236,39534,36702,Odisha,Sputnik
6026,7497,13523,5134,8389,Puducherry,Sputnik
21576,32651,54227,30606,23621,Punjab,Sputnik
3114,44814,47928,7835,40093,Rajasthan,Sputnik
15129,5224,20353,18783,1570,Sikkim,Sputnik
32188,5297,37485,16965,20520,Tamil Nadu,Sputnik
44279,18866,63145,32485,30660,Telengana,Sputnik
27127,45068,72195,71454,741,Tripura,Sputnik
48298,38888,87186,9210,77976,Uttarakhand,Sputnik
28370,44957,73327,62304,11023,Uttar Pradesh,Sputnik
35853,16089,51942,39870,12072,West Bengal,Sputnik
3893,39994,43887,18905,24982,Andaman and Nicobar Islands,Sputnik
5621,7130,12751,6800,5951,Andhra Pradesh,Sputnik
4262,42916,47178,18996,28182,Arunachal Pradesh,Sputnik
45389,34944,80333,8670,71663,Assam,Sputnik
26352,32297,58649,9253,49396,Bihar,Sputnik
47308,5318,52626,18814,33812,Chandigarh,Sputnik
14816,8476,23292,18419,4873,Chhattisgarh,Sputnik
46484,27053,73537,41084,32453,Dadra and Nagar Haveli and Daman and Diu,Sputnik
26567,26859,53426,42214,11212,Delhi,Sputnik
10870,9211,20081,19233,848,Goa,Sputnik
23636,36714,60350,27761,32589,Gujarat,Sputnik
3511,38308,41819,23547,18272,Haryana,Sputnik
43397,40781,84178,6162,78016,Himachal Pradesh,Sputnik
27090,22907,49997,33380,16617,Jammu and Kashmir,Sputnik
43976,16957,60933,22834,38099,Jharkhand,Sputnik
33889,14342,48231,7991,40240,Karnataka,Sputnik
36719,1975,38694,17882,20812,Kerala,Sputnik
15582,30943,46525,10252,36273,Ladakh,Sputnik
2131,42705,44836,22384,22452,Lakshadweep,Sputnik
45263,14276,59539,29539,30000,Madhya Pradesh,Sputnik
26867,12099,38966,26187,12779,Maharashtra,Sputnik
47754,15593,63347,46975,16372,Manipur,Sputnik
10776,16841,27617,15722,11895,Meghalaya,Sputnik
4089,8982,13071,12912,159,Mizoram,Sputnik
11940,32474,44414,23615,20799,Nagaland,Sputnik
7050,1883,8933,5443,3490,Odisha,Sputnik
33009,33426,66435,34921,31514,Puducherry,Sputnik
17811,43215,61026,53579,7447,Punjab,Sputnik
37440,37723,75163,47956,27207,Rajasthan,Sputnik
5155,9272,14427,6757,7670,Sikkim,Sputnik
43021,4421,47442,38690,8752,Tamil Nadu,Sputnik
18774,31814,50588,15974,34614,Telengana,Sputnik
39233,21515,60748,52258,8490,Tripura,Sputnik
37468,37505,74973,24603,50370,Uttarakhand,Sputnik
2270,41130,43400,11501,31899,Uttar Pradesh,Sputnik
42071,18845,60916,53713,7203,West Bengal,Sputnik
15774,36565,52339,13796,38543,Andaman and Nicobar Islands,Sputnik
19311,4060,23371,11014,12357,Andhra Pradesh,Sputnik
40130,37027,77157,19282,57875,Arunachal Pradesh,Sputnik
47748,26337,74085,19624,54461,Assam,Sputnik
44215,46368,90583,12437,78146,Bihar,Sputnik
14367,29743,44110,21263,22847,Chandigarh,Sputnik
34752,44694,79446,58464,20982,Chhattisgarh,Sputnik
20958,41560,62518,9819,52699,Dadra and Nagar Haveli and Daman and Diu,Sputnik
36085,11976,48061,12786,35275,Delhi,Sputnik
24548,29791,54339,29437,24902,Goa,Sputnik
4801,22441,27242,26959,283,Gujarat,Sputnik
40001,36366,76367,41980,34387,Haryana,Sputnik
28427,34575,63002,15927,47075,Himachal Pradesh,Sputnik
33614,23140,56754,21934,34820,Jammu and Kashmir,Sputnik
27427,5372,32799,26952,5847,Jharkhand,Sputnik
8621,31488,40109,39845,264,Karnataka,Sputnik
13148,34752,47900,45661,2239,Kerala,Sputnik
3110,46328,49438,22732,26706,Ladakh,Sputnik
5851,12171,18022,10418,7604,Lakshadweep,Sputnik
44402,11679,56081,55152,929,Madhya Pradesh,Sputnik
10880,45374,56254,5268,50986,Maharashtra,Sputnik
14621,11884,26505,9856,16649,Manipur,Sputnik
39191,39443,78634,36208,42426,Meghalaya,Sputnik
29662,11816,41478,7792,33686,Mizoram,Sputnik
43045,14057,57102,8942,48160,Nagaland,Sputnik
25834,5512,31346,8431,22915,Odisha,Sputnik
35495,29180,64675,35766,28909,Puducherry,Sputnik
38254,42225,80479,20965,59514,Punjab,Sputnik
42224,25610,67834,49073,18761,Rajasthan,Sputnik
39929,34643,74572,42985,31587,Sikkim,Sputnik
45033,13053,58086,22159,35927,Tamil Nadu,Sputnik
40122,46539,86661,48093,38568,Telengana,Sputnik
14117,12197,26314,6586,19728,Tripura,Sputnik
19889,47759,67648,66063,1585,Uttarakhand,Sputnik
32270,17273,49543,28708,20835,Uttar Pradesh,Sputnik
28091,23803,51894,34995,16899,West Bengal,Sputnik
46935,36739,83674,32893,50781,Andaman and Nicobar Islands,Sputnik
4809,20980,25789,17023,8766,Andhra Pradesh,Sputnik
36046,11065,47111,46507,604,Arunachal Pradesh,Sputnik
47270,17903,65173,8410,56763,Assam,Sputnik
21921,19881,41802,30712,11090,Bihar,Sputnik
19009,38692,57701,29679,28022,Chandigarh,Sputnik
35128,15571,50699,48912,1787,Chhattisgarh,Sputnik
27949,33605,61554,14856,46698,Dadra and Nagar Haveli and Daman and Diu,Sputnik
5848,38639,44487,31184,13303,Delhi,Sputnik
35535,12113,47648,7238,40410,Goa,Sputnik
16524,3282,19806,10939,8867,Gujarat,Sputnik
40830,24927,65757,43884,21873,Haryana,Sputnik
37119,29555,66674,15749,50925,Himachal Pradesh,Sputnik
7459,19603,27062,7644,19418,Jammu and Kashmir,Sputnik
14968,45718,60686,18492,42194,Jharkhand,Sputnik
39259,30717,69976,41989,27987,Karnataka,Sputnik
18269,25837,44106,23842,20264,Kerala,Sputnik
40702,32136,72838,56500,16338,Ladakh,Sputnik
35078,32546,67624,21442,46182,Lakshadweep,Sputnik
19310,11062,30372,28768,1604,Madhya Pradesh,Sputnik
38156,9507,47663,23225,24438,Maharashtra,Sputnik
6815,30493,37308,11734,25574,Manipur,Sputnik
15546,40107,55653,29250,26403,Meghalaya,Sputnik
47591,19533,67124,16057,51067,Mizoram,Sputnik
21911,44505,66416,55635,10781,Nagaland,Sputnik
37429,28375,65804,45021,20783,Odisha,Sputnik
5082,2633,7715,5560,2155,Puducherry,Sputnik
45168,22043,67211,64696,2515,Punjab,Sputnik
5754,25982,31736,20892,10844,Rajasthan,Sputnik
41298,32170,73468,23986,49482,Sikkim,Sputnik
33668,13870,47538,6138,41400,Tamil Nadu,Sputnik
48495,36381,84876,12047,72829,Telengana,Sputnik
9581,42022,51603,51104,499,Tripura,Sputnik
45060,24461,69521,54188,15333,Uttarakhand,Sputnik
45031,43252,88283,22971,65312,Uttar Pradesh,Sputnik
27711,7155,34866,22499,12367,West Bengal,Sputnik
33027,42377,75404,50940,24464,Andaman and Nicobar Islands,Sputnik
30033,46542,76575,49241,27334,Andhra Pradesh,Sputnik
18765,15262,34027,31146,2881,Arunachal Pradesh,Sputnik
33316,44133,77449,32312,45137,Assam,Sputnik
6215,47783,53998,40303,13695,Bihar,Sputnik
22929,40789,63718,52212,11506,Chandigarh,Sputnik
12470,45654,58124,37120,21004,Chhattisgarh,Sputnik
49153,41830,90983,83685,7298,Dadra and Nagar Haveli and Daman and Diu,Sputnik
20224,29464,49688,43020,6668,Delhi,Sputnik
11542,13648,25190,16448,8742,Goa,Sputnik
35757,42888,78645,29914,48731,Gujarat,Sputnik
28072,18092,46164,12742,33422,Haryana,Sputnik
33703,39521,73224,37851,35373,Himachal Pradesh,Sputnik
31608,3870,35478,25698,9780,Jammu and Kashmir,Sputnik
5923,39024,44947,37861,7086,Jharkhand,Sputnik
47057,14582,61639,40198,21441,Karnataka,Sputnik
27992,12528,40520,31992,8528,Kerala,Sputnik
3378,10922,14300,13870,430,Ladakh,Sputnik
49257,12860,62117,52632,9485,Lakshadweep,Sputnik
15582,19033,34615,14739,19876,Madhya Pradesh,Sputnik
2235,4420,6655,6132,523,Maharashtra,Sputnik
46359,41471,87830,10253,77577,Manipur,Sputnik
13928,47424,61352,56582,4770,Meghalaya,Sputnik
2928,15925,18853,6401,12452,Mizoram,Sputnik
27253,25973,53226,51168,2058,Nagaland,Sputnik
14316,37276,51592,16763,34829,Odisha,Sputnik
20201,28801,49002,25700,23302,Puducherry,Sputnik
3480,19731,23211,8964,14247,Punjab,Sputnik
13870,21345,35215,9968,25247,Rajasthan,Sputnik
11641,39374,51015,29085,21930,Sikkim,Sputnik
30849,11453,42302,37030,5272,Tamil Nadu,Sputnik
21606,33823,55429,41200,14229,Telengana,Sputnik
6272,18572,24844,21436,3408,Tripura,Sputnik
24063,41606,65669,51142,14527,Uttarakhand,Sputnik
15518,10676,26194,15735,10459,Uttar Pradesh,Sputnik
9651,19407,29058,22688,6370,West Bengal,Sputnik
21750,5994,27744,24099,3645,Andaman and Nicobar Islands,Sputnik
47753,33071,80824,45919,34905,Andhra Pradesh,Sputnik
12567,40812,53379,16064,37315,Arunachal Pradesh,Sputnik
49901,19364,69265,39583,29682,Assam,Sputnik
48853,23249,72102,52202,19900,Bihar,Sputnik
12546,47385,59931,27446,32485,Chandigarh,Sputnik
23459,48015,71474,41636,29838,Chhattisgarh,Sputnik
1731,43430,45161,36565,8596,Dadra and Nagar Haveli and Daman and Diu,Sputnik
38588,28340,66928,19325,47603,Delhi,Sputnik
9582,42628,52210,42287,9923,Goa,Sputnik
28260,2653,30913,13163,17750,Gujarat,Sputnik
13472,20310,33782,23512,10270,Haryana,Sputnik
28496,28401,56897,12117,44780,Himachal Pradesh,Sputnik
11203,22602,33805,5213,28592,Jammu and Kashmir,Sputnik
7409,13749,21158,20313,845,Jharkhand,Sputnik
16800,30235,47035,17520,29515,Karnataka,Sputnik
15032,2117,17149,8291,8858,Kerala,Sputnik
42245,13382,55627,24612,31015,Ladakh,Sputnik
40956,48549,89505,74472,15033,Lakshadweep,Sputnik
25220,34881,60101,11641,48460,Madhya Pradesh,Sputnik
17741,43856,61597,47260,14337,Maharashtra,Sputnik
14754,4023,18777,18463,314,Manipur,Sputnik
48032,47085,95117,29536,65581,Meghalaya,Sputnik
36265,44937,81202,43332,37870,Mizoram,Sputnik
29123,41228,70351,41647,28704,Nagaland,Sputnik
11069,32616,43685,29316,14369,Odisha,Sputnik
13132,18912,32044,30777,1267,Puducherry,Sputnik
44429,40622,85051,23099,61952,Punjab,Sputnik
30064,46629,76693,52080,24613,Rajasthan,Sputnik
21211,9996,31207,6619,24588,Sikkim,Sputnik
37518,44748,82266,25329,56937,Tamil Nadu,Sputnik
40920,19971,60891,11987,48904,Telengana,Sputnik
42139,43601,85740,43697,42043,Tripura,Sputnik
13677,46590,60267,41251,19016,Uttarakhand,Sputnik
14074,29138,43212,9768,33444,Uttar Pradesh,Sputnik
9136,9325,18461,16274,2187,West Bengal,Sputnik
20095,10779,30874,27707,3167,Andaman and Nicobar Islands,Sputnik
43841,14501,58342,33553,24789,Andhra Pradesh,Sputnik
34252,11523,45775,32047,13728,Arunachal Pradesh,Sputnik
4699,34185,38884,23212,15672,Assam,Sputnik
29751,38242,67993,6868,61125,Bihar,Sputnik
32336,13869,46205,26750,19455,Chandigarh,Sputnik
28561,20498,49059,34648,14411,Chhattisgarh,Sputnik
46224,30430,76654,68814,7840,Dadra and Nagar Haveli and Daman and Diu,Sputnik
27683,38333,66016,39055,26961,Delhi,Sputnik
4771,17938,22709,12636,10073,Goa,Sputnik
12636,11888,24524,21241,3283,Gujarat,Sputnik
21775,16896,38671,27623,11048,Haryana,Sputnik
32031,9194,41225,14685,26540,Himachal Pradesh,Sputnik
37817,16078,53895,19814,34081,Jammu and Kashmir,Sputnik
37811,17570,55381,11617,43764,Jharkhand,Sputnik
48914,21013,69927,21161,48766,Karnataka,Sputnik
15596,46095,61691,7646,54045,Kerala,Sputnik
44180,36654,80834,65672,15162,Ladakh,Sputnik
18760,48180,66940,15116,51824,Lakshadweep,Sputnik
34957,32674,67631,59190,8441,Madhya Pradesh,Sputnik
21734,6961,28695,25867,2828,Maharashtra,Sputnik
44753,44618,89371,57933,31438,Manipur,Sputnik
27227,12423,39650,32361,7289,Meghalaya,Sputnik
1854,17763,19617,6139,13478,Mizoram,Sputnik
15409,33330,48739,47309,1430,Nagaland,Sputnik
4217,38887,43104,38053,5051,Odisha,Sputnik
18364,27574,45938,11330,34608,Puducherry,Sputnik
43396,39010,82406,54571,27835,Punjab,Sputnik
16092,36107,52199,32571,19628,Rajasthan,Sputnik
36837,42975,79812,49417,30395,Sikkim,Sputnik
23258,42226,65484,52412,13072,Tamil Nadu,Sputnik
14306,17956,32262,26110,6152,Telangana,Sputnik
19214,13056,32270,8858,23412,Tripura,Sputnik
26546,5574,32120,19346,12774,Uttarakhand,Sputnik
41331,15961,57292,39266,18026,Uttar Pradesh,Sputnik
48127,20356,68483,19560,48923,West Bengal,Sputnik
41873,27077,68950,17545,51405,Andaman and Nicobar Islands,Sputnik
10663,20908,31571,9917,21654,Andhra Pradesh,Sputnik
36297,36877,73174,48361,24813,Arunachal Pradesh,Sputnik
4538,32971,37509,6673,30836,Assam,Sputnik
17977,20477,38454,29117,9337,Bihar,Sputnik
45471,43112,88583,83207,5376,Chandigarh,Sputnik
47631,17093,64724,36529,28195,Chhattisgarh,Sputnik
41978,5348,47326,25112,22214,Dadra and Nagar Haveli and Daman and Diu,Sputnik
17177,27827,45004,36485,8519,Delhi,Sputnik
31446,44479,75925,41889,34036,Goa,Sputnik
27880,1685,29565,19907,9658,Gujarat,Sputnik
29651,47707,77358,38781,38577,Haryana,Sputnik
19004,8803,27807,21468,6339,Himachal Pradesh,Sputnik
18778,32786,51564,15827,35737,Jammu and Kashmir,Sputnik
44576,24808,69384,47637,21747,Jharkhand,Sputnik
24932,44000,68932,33611,35321,Karnataka,Sputnik
19737,8376,28113,27531,582,Kerala,Sputnik
49407,24693,74100,38880,35220,Ladakh,Sputnik
33559,48245,81804,70898,10906,Lakshadweep,Sputnik
2358,28402,30760,10950,19810,Madhya Pradesh,Sputnik
16878,17042,33920,25438,8482,Maharashtra,Sputnik
22162,14482,36644,31082,5562,Manipur,Sputnik
42267,6425,48692,10247,38445,Meghalaya,Sputnik
23799,26596,50395,34966,15429,Mizoram,Sputnik
25780,3170,28950,11294,17656,Nagaland,Sputnik
38583,48229,86812,67738,19074,Odisha,Sputnik
21962,21518,43480,35691,7789,Puducherry,Sputnik
33785,8088,41873,14254,27619,Punjab,Sputnik
44110,35905,80015,11639,68376,Rajasthan,Sputnik
31264,29823,61087,21997,39090,Sikkim,Sputnik
47450,27959,75409,51195,24214,Tamil Nadu,Sputnik
45549,37291,82840,74133,8707,Telangana,Sputnik
23440,43389,66829,18931,47898,Tripura,Sputnik
47943,27130,75073,69523,5550,Uttarakhand,Sputnik
32359,41651,74010,24254,49756,Uttar Pradesh,Sputnik
46825,27197,74022,19661,54361,West Bengal,Sputnik
24289,41022,65311,53740,11571,Andaman and Nicobar Islands,Sputnik
20698,15861,36559,23353,13206,Andhra Pradesh,Sputnik
47360,23296,70656,9325,61331,Arunachal Pradesh,Sputnik
2177,45856,48033,18700,29333,Assam,Sputnik
43321,34032,77353,35688,41665,Bihar,Sputnik
11390,26125,37515,19307,18208,Chandigarh,Sputnik
16240,17459,33699,8350,25349,Chhattisgarh,Sputnik
23043,30143,53186,32798,20388,Dadra and Nagar Haveli and Daman and Diu,Sputnik
2191,38579,40770,30197,10573,Delhi,Sputnik
42068,23700,65768,52715,13053,Goa,Sputnik
29924,22649,52573,13929,38644,Gujarat,Sputnik
15422,9903,25325,21020,4305,Haryana,Sputnik
49447,40593,90040,71939,18101,Himachal Pradesh,Sputnik
16656,26744,43400,16509,26891,Jammu and Kashmir,Sputnik
5157,7460,12617,5914,6703,Jharkhand,Sputnik
47799,19246,67045,46922,20123,Karnataka,Sputnik
24143,6581,30724,28613,2111,Kerala,Sputnik
21992,21749,43741,12538,31203,Ladakh,Sputnik
22881,33539,56420,21456,34964,Lakshadweep,Sputnik
6760,38535,45295,43363,1932,Madhya Pradesh,Sputnik
13410,2347,15757,13015,2742,Maharashtra,Sputnik
1988,47651,49639,26212,23427,Manipur,Sputnik
42040,46712,88752,17639,71113,Meghalaya,Sputnik
10517,35777,46294,15294,31000,Mizoram,Sputnik
14116,48821,62937,51927,11010,Nagaland,Sputnik
12752,21284,34036,13684,20352,Odisha,Sputnik
41292,13660,54952,32099,22853,Puducherry,Sputnik
34639,31778,66417,28361,38056,Punjab,Sputnik
11074,3139,14213,12028,2185,Rajasthan,Sputnik
37458,40920,78378,42450,35928,Sikkim,Sputnik
31685,14292,45977,18225,27752,Tamil Nadu,Sputnik
45094,14236,59330,39338,19992,Telangana,Sputnik
7844,46616,54460,6507,47953,Tripura,Sputnik
43041,22198,65239,55389,9850,Uttarakhand,Sputnik
9180,31885,41065,34955,6110,Uttar Pradesh,Sputnik
26336,23450,49786,24527,25259,West Bengal,Sputnik
21849,4684,26533,23142,3391,Andaman and Nicobar Islands,Sputnik
32010,15342,47352,45861,1491,Andhra Pradesh,Sputnik
3085,42946,46031,6561,39470,Arunachal Pradesh,Sputnik
9640,37950,47590,13980,33610,Assam,Sputnik
39046,31157,70203,12835,57368,Bihar,Sputnik
43872,4046,47918,23399,24519,Chandigarh,Sputnik
45144,19139,64283,12386,51897,Chhattisgarh,Sputnik
12713,34496,47209,17394,29815,Dadra and Nagar Haveli and Daman and Diu,Sputnik
34540,15323,49863,41895,7968,Delhi,Sputnik
8466,38803,47269,5763,41506,Goa,Sputnik
37999,38986,76985,10877,66108,Gujarat,Sputnik
49224,27464,76688,20997,55691,Haryana,Sputnik
40224,43137,83361,19185,64176,Himachal Pradesh,Sputnik
2547,18599,21146,13032,8114,Jammu and Kashmir,Sputnik
11444,38057,49501,43349,6152,Jharkhand,Sputnik
21044,45547,66591,29270,37321,Karnataka,Sputnik
6945,16534,23479,8530,14949,Kerala,Sputnik
29530,7561,37091,17897,19194,Ladakh,Sputnik
5572,43042,48614,27657,20957,Lakshadweep,Sputnik
6254,28293,34547,5992,28555,Madhya Pradesh,Sputnik
13135,22464,35599,24785,10814,Maharashtra,Sputnik
32651,33595,66246,31787,34459,Manipur,Sputnik
44158,26239,70397,65811,4586,Meghalaya,Sputnik
49426,22287,71713,11657,60056,Mizoram,Sputnik
29825,34193,64018,34606,29412,Nagaland,Sputnik
17523,10737,28260,17270,10990,Odisha,Sputnik
25602,24978,50580,33287,17293,Puducherry,Sputnik
41293,12190,53483,29376,24107,Punjab,Sputnik
42458,39872,82330,75688,6642,Rajasthan,Sputnik
1919,31877,33796,18998,14798,Sikkim,Sputnik
10307,23061,33368,5727,27641,Tamil Nadu,Sputnik
12604,24661,37265,5240,32025,Telangana,Sputnik
6018,9203,15221,8832,6389,Tripura,Sputnik
13469,30577,44046,8516,35530,Uttarakhand,Sputnik
24482,40254,64736,17753,46983,Uttar Pradesh,Sputnik
48006,37825,85831,18619,67212,West Bengal,Sputnik
11279,16427,27706,21461,6245,Andaman and Nicobar Islands,Sputnik
18034,30272,48306,47627,679,Andhra Pradesh,Sputnik
24435,36699,61134,27693,33441,Arunachal Pradesh,Sputnik
21371,44876,66247,14359,51888,Assam,Sputnik
41963,41466,83429,21214,62215,Bihar,Sputnik
34359,27771,62130,6071,56059,Chandigarh,Sputnik
11369,30213,41582,21014,20568,Chhattisgarh,Sputnik
42220,33422,75642,62654,12988,Dadra and Nagar Haveli and Daman and Diu,Sputnik
3546,20954,24500,21606,2894,Delhi,Sputnik
8167,1893,10060,7817,2243,Goa,Sputnik
7330,28492,35822,21994,13828,Gujarat,Sputnik
47083,47251,94334,67485,26849,Haryana,Sputnik
36134,17179,53313,12070,41243,Himachal Pradesh,Sputnik
20121,28268,48389,16080,32309,Jammu and Kashmir,Sputnik
44593,46077,90670,87034,3636,Jharkhand,Sputnik
12660,4649,17309,16249,1060,Karnataka,Sputnik
9334,39026,48360,42598,5762,Kerala,Sputnik
36697,37332,74029,61588,12441,Ladakh,Sputnik
48477,20366,68843,21393,47450,Lakshadweep,Sputnik
46973,14838,61811,26110,35701,Madhya Pradesh,Sputnik
30479,13599,44078,31728,12350,Maharashtra,Sputnik
2649,39503,42152,40025,2127,Manipur,Sputnik
24755,19669,44424,36352,8072,Meghalaya,Sputnik
38438,14161,52599,12867,39732,Mizoram,Sputnik
2099,43888,45987,28133,17854,Nagaland,Sputnik
7115,13407,20522,8691,11831,Odisha,Sputnik
19620,18922,38542,36091,2451,Puducherry,Sputnik
47751,36936,84687,71910,12777,Punjab,Sputnik
46024,2787,48811,6228,42583,Rajasthan,Sputnik
19765,18884,38649,11428,27221,Sikkim,Sputnik
35670,44121,79791,71512,8279,Tamil Nadu,Sputnik
30878,34522,65400,50567,14833,Telangana,Sputnik
33927,2734,36661,12805,23856,Tripura,Sputnik
7029,6234,13263,7428,5835,Uttarakhand,Sputnik
6565,30483,37048,33407,3641,Uttar Pradesh,Sputnik
45862,3444,49306,26860,22446,West Bengal,Sputnik
44135,9989,54124,35184,18940,Andaman and Nicobar Islands,Sputnik
6775,3769,10544,6846,3698,Andhra Pradesh,Sputnik
40092,16896,56988,52869,4119,Arunachal Pradesh,Sputnik
5772,41173,46945,32371,14574,Assam,Sputnik
5690,10171,15861,5402,10459,Bihar,Sputnik
3003,9374,12377,5880,6497,Chandigarh,Sputnik
10426,28754,39180,29569,9611,Chhattisgarh,Sputnik
35441,25361,60802,57961,2841,Dadra and Nagar Haveli and Daman and Diu,Sputnik
31071,31065,62136,37814,24322,Delhi,Sputnik
6910,19700,26610,8041,18569,Goa,Sputnik
48258,6841,55099,32801,22298,Gujarat,Sputnik
44268,23670,67938,16880,51058,Haryana,Sputnik
37114,1875,38989,32038,6951,Himachal Pradesh,Sputnik
47894,20459,68353,13324,55029,Jammu and Kashmir,Sputnik
15871,10237,26108,17690,8418,Jharkhand,Sputnik
40190,33588,73778,60261,13517,Karnataka,Sputnik
44736,2616,47352,41793,5559,Kerala,Sputnik
31711,22605,54316,32578,21738,Ladakh,Sputnik
36217,12668,48885,43307,5578,Lakshadweep,Sputnik
26724,24206,50930,37628,13302,Madhya Pradesh,Sputnik
25698,38358,64056,10808,53248,Maharashtra,Sputnik
42100,32110,74210,27278,46932,Manipur,Sputnik
7431,26891,34322,8881,25441,Meghalaya,Sputnik
29880,16652,46532,12683,33849,Mizoram,Sputnik
11155,8937,20092,7512,12580,Nagaland,Sputnik
42157,5141,47298,21397,25901,Odisha,Sputnik
24223,20374,44597,29101,15496,Puducherry,Sputnik
45584,42152,87736,6843,80893,Punjab,Sputnik
43445,36594,80039,42919,37120,Rajasthan,Sputnik
14804,49770,64574,37468,27106,Sikkim,Sputnik
4435,43702,48137,35869,12268,Tamil Nadu,Sputnik
25886,15103,40989,17244,23745,Telangana,Sputnik
37713,44774,82487,68111,14376,Tripura,Sputnik
24893,10916,35809,13535,22274,Uttarakhand,Sputnik
8224,47147,55371,23530,31841,Uttar Pradesh,Sputnik
49855,15513,65368,60116,5252,West Bengal,Sputnik
2826,6749,9575,8770,805,Andaman and Nicobar Islands,Sputnik
6174,6212,12386,8808,3578,Andhra Pradesh,Sputnik
39029,17190,56219,51653,4566,Arunachal Pradesh,Sputnik
2301,31248,33549,28725,4824,Assam,Sputnik
9733,16313,26046,23476,2570,Bihar,Sputnik
23890,11662,35552,20079,15473,Chandigarh,Sputnik
17149,40027,57176,14426,42750,Chhattisgarh,Sputnik
16042,34825,50867,40309,10558,Dadra and Nagar Haveli and Daman and Diu,Sputnik
13924,31934,45858,24044,21814,Delhi,Sputnik
25753,4679,30432,15241,15191,Goa,Sputnik
48913,45028,93941,16046,77895,Gujarat,Sputnik
36093,32067,68160,46528,21632,Haryana,Sputnik
31617,42829,74446,72345,2101,Himachal Pradesh,Sputnik
5220,7649,12869,12279,590,Jammu and Kashmir,Sputnik
35735,26975,62710,24173,38537,Jharkhand,Sputnik
20627,18717,39344,38028,1316,Karnataka,Sputnik
43596,22835,66431,35452,30979,Kerala,Sputnik
42495,37880,80375,60487,19888,Ladakh,Sputnik
32191,31572,63763,55247,8516,Lakshadweep,Sputnik
39035,37272,76307,74392,1915,Madhya Pradesh,Sputnik
26736,18827,45563,22615,22948,Maharashtra,Sputnik
6337,9838,16175,7187,8988,Manipur,Sputnik
28358,25120,53478,48690,4788,Meghalaya,Sputnik
23404,5726,29130,21114,8016,Mizoram,Sputnik
19784,29896,49680,15829,33851,Nagaland,Sputnik
9340,18818,28158,12625,15533,Odisha,Sputnik
24476,14965,39441,7123,32318,Puducherry,Sputnik
16545,19224,35769,8966,26803,Punjab,Sputnik
28229,6366,34595,22527,12068,Rajasthan,Sputnik
24695,22659,47354,8629,38725,Sikkim,Sputnik
37848,40264,78112,52866,25246,Tamil Nadu,Sputnik
11573,34601,46174,34429,11745,Telangana,Sputnik
5100,39434,44534,32704,11830,Tripura,Sputnik
22109,44348,66457,62676,3781,Uttarakhand,Sputnik
38118,20723,58841,54886,3955,Uttar Pradesh,Sputnik
44986,30440,75426,39863,35563,West Bengal,Sputnik
41581,12570,54151,38386,15765,Andaman and Nicobar Islands,Sputnik
40507,48148,88655,64896,23759,Andhra Pradesh,Sputnik
21648,40010,61658,60586,1072,Arunachal Pradesh,Sputnik
43569,34535,78104,21317,56787,Assam,Sputnik
33388,2180,35568,26250,9318,Bihar,Sputnik
31505,20709,52214,22569,29645,Chandigarh,Sputnik
11947,14482,26429,15222,11207,Chhattisgarh,Sputnik
26471,14348,40819,10986,29833,Dadra and Nagar Haveli and Daman and Diu,Sputnik
8945,4380,13325,10228,3097,Delhi,Sputnik
41160,5227,46387,36038,10349,Goa,Sputnik
24051,7035,31086,24621,6465,Gujarat,Sputnik
37308,34503,71811,13874,57937,Haryana,Sputnik
3440,29147,32587,13464,19123,Himachal Pradesh,Sputnik
13245,29589,42834,24193,18641,Jammu and Kashmir,Sputnik
5373,17227,22600,13972,8628,Jharkhand,Sputnik
28900,31446,60346,49385,10961,Karnataka,Sputnik
28422,21820,50242,45842,4400,Kerala,Sputnik
11023,26794,37817,14639,23178,Ladakh,Sputnik
12253,30562,42815,38420,4395,Lakshadweep,Sputnik
31749,47730,79479,41944,37535,Madhya Pradesh,Sputnik
21666,40674,62340,46756,15584,Maharashtra,Sputnik
36107,4234,40341,31539,8802,Manipur,Sputnik
10560,5910,16470,12938,3532,Meghalaya,Sputnik
32601,34540,67141,54067,13074,Mizoram,Sputnik
22474,40823,63297,25042,38255,Nagaland,Sputnik
39586,48385,87971,14559,73412,Odisha,Sputnik
41300,46092,87392,75478,11914,Puducherry,Sputnik
42454,39807,82261,42191,40070,Punjab,Sputnik
40638,46010,86648,16109,70539,Rajasthan,Sputnik
49928,17905,67833,50176,17657,Sikkim,Sputnik
26848,3614,30462,13881,16581,Tamil Nadu,Sputnik
17550,28589,46139,23518,22621,Telangana,Sputnik
14051,33357,47408,17695,29713,Tripura,Sputnik
16187,48735,64922,39621,25301,Uttarakhand,Sputnik
2179,40482,42661,13582,29079,Uttar Pradesh,Sputnik
23768,2434,26202,19574,6628,West Bengal,Sputnik
30216,39368,69584,5746,63838,Andaman and Nicobar Islands,Sputnik
41035,18612,59647,34330,25317,Andhra Pradesh,Sputnik
44467,12213,56680,12141,44539,Arunachal Pradesh,Sputnik
25062,30614,55676,9747,45929,Assam,Sputnik
16081,40546,56627,32422,24205,Bihar,Sputnik
41202,13840,55042,11276,43766,Chandigarh,Sputnik
39883,31386,71269,19530,51739,Chhattisgarh,Sputnik
24199,20020,44219,8933,35286,Dadra and Nagar Haveli and Daman and Diu,Sputnik
27529,14943,42472,17346,25126,Delhi,Sputnik
25980,10895,36875,7956,28919,Goa,Sputnik
23600,28310,51910,40812,11098,Gujarat,Sputnik
29061,34626,63687,18646,45041,Haryana,Sputnik
22539,28118,50657,34479,16178,Himachal Pradesh,Sputnik
22267,12322,34589,33593,996,Jammu and Kashmir,Sputnik
34283,33927,68210,40543,27667,Jharkhand,Sputnik
19667,38979,58646,40312,18334,Karnataka,Sputnik
9962,38863,48825,33235,15590,Kerala,Sputnik
24096,37246,61342,24125,37217,Ladakh,Sputnik
16756,20928,37684,12114,25570,Lakshadweep,Sputnik
12244,12822,25066,8654,16412,Madhya Pradesh,Sputnik
26097,20180,46277,37056,9221,Maharashtra,Sputnik
11132,33635,44767,44001,766,Manipur,Sputnik
15481,12264,27745,16218,11527,Meghalaya,Sputnik
32711,31866,64577,26400,38177,Mizoram,Sputnik
10799,39516,50315,46470,3845,Nagaland,Sputnik
49285,7567,56852,13873,42979,Odisha,Sputnik
18764,11625,30389,26031,4358,Puducherry,Sputnik
28146,9007,37153,16909,20244,Punjab,Sputnik
44281,23330,67611,40566,27045,Rajasthan,Sputnik
30576,5473,36049,5771,30278,Sikkim,Sputnik
48312,23224,71536,55518,16018,Tamil Nadu,Sputnik
4820,9259,14079,8620,5459,Telangana,Sputnik
19180,45950,65130,58375,6755,Tripura,Sputnik
3785,26218,30003,11590,18413,Uttarakhand,Sputnik
3270,18109,21379,11764,9615,Uttar Pradesh,Sputnik
34577,31944,66521,9912,56609,West Bengal,Sputnik
34969,41143,76112,52653,23459,Andaman and Nicobar Islands,Sputnik
1876,8280,10156,7567,2589,Andhra Pradesh,Sputnik
18720,10369,29089,18453,10636,Arunachal Pradesh,Sputnik
17684,28495,46179,43817,2362,Assam,Sputnik
22305,26845,49150,32516,16634,Bihar,Sputnik
11886,49129,61015,11540,49475,Chandigarh,Sputnik
27607,33066,60673,15148,45525,Chhattisgarh,Sputnik
17086,37383,54469,52338,2131,Dadra and Nagar Haveli and Daman and Diu,Sputnik
30344,14289,44633,31848,12785,Delhi,Sputnik
21357,23906,45263,11420,33843,Goa,Sputnik
34757,28141,62898,23532,39366,Gujarat,Sputnik
30646,7868,38514,24795,13719,Haryana,Sputnik
43879,48852,92731,15307,77424,Himachal Pradesh,Sputnik
40476,34498,74974,23862,51112,Jammu and Kashmir,Sputnik
9376,11416,20792,6567,14225,Jharkhand,Sputnik
42070,30525,72595,34062,38533,Karnataka,Sputnik
7425,15534,22959,21494,1465,Kerala,Sputnik
13225,16669,29894,29258,636,Ladakh,Sputnik
47273,34844,82117,78128,3989,Lakshadweep,Sputnik
32392,2671,35063,27311,7752,Madhya Pradesh,Sputnik
8714,41663,50377,5058,45319,Maharashtra,Sputnik
4077,23301,27378,5882,21496,Manipur,Sputnik
23327,38381,61708,26181,35527,Meghalaya,Sputnik
3983,30347,34330,25214,9116,Mizoram,Sputnik
49611,22098,71709,59626,12083,Nagaland,Sputnik
37242,14660,51902,49994,1908,Odisha,Sputnik
14900,6849,21749,18397,3352,Puducherry,Sputnik
25511,47479,72990,27236,45754,Punjab,Sputnik
37818,33920,71738,6456,65282,Rajasthan,Sputnik
33727,35998,69725,5942,63783,Sikkim,Sputnik
32672,3554,36226,14461,21765,Tamil Nadu,Sputnik
45420,42114,87534,29792,57742,Telangana,Sputnik
4813,23201,28014,24597,3417,Tripura,Sputnik
25225,30556,55781,39785,15996,Uttarakhand,Sputnik
36954,17139,54093,42474,11619,Uttar Pradesh,Sputnik
41362,29437,70799,5677,65122,West Bengal,Sputnik
30954,2904,33858,9275,24583,Andaman and Nicobar Islands,Sputnik
41270,43377,84647,76151,8496,Andhra Pradesh,Sputnik
44684,2304,46988,36729,10259,Arunachal Pradesh,Sputnik
20792,7832,28624,8277,20347,Assam,Sputnik
36399,43049,79448,43942,35506,Bihar,Sputnik
48853,10358,59211,54116,5095,Chandigarh,Sputnik
10564,43109,53673,13898,39775,Chhattisgarh,Sputnik
26683,33144,59827,21940,37887,Dadra and Nagar Haveli and Daman and Diu,Sputnik
47686,45819,93505,40057,53448,Delhi,Sputnik
33068,45149,78217,8515,69702,Goa,Sputnik
11683,35531,47214,31767,15447,Gujarat,Sputnik
13463,45158,58621,50594,8027,Haryana,Sputnik
35875,30374,66249,10925,55324,Himachal Pradesh,Sputnik
35150,20136,55286,50206,5080,Jammu and Kashmir,Sputnik
49255,10309,59564,33898,25666,Jharkhand,Sputnik
23200,17771,40971,31046,9925,Karnataka,Sputnik
49094,46301,95395,41544,53851,Kerala,Sputnik
5007,4689,9696,8238,1458,Ladakh,Sputnik
28537,48665,77202,13359,63843,Lakshadweep,Sputnik
9839,45678,55517,48408,7109,Madhya Pradesh,Sputnik
40673,44321,84994,65231,19763,Maharashtra,Sputnik
31641,34089,65730,20590,45140,Manipur,Sputnik
24329,7800,32129,8454,23675,Meghalaya,Sputnik
17676,34877,52553,43264,9289,Mizoram,Sputnik
6787,6412,13199,5752,7447,Nagaland,Sputnik
2246,19068,21314,15191,6123,Odisha,Sputnik
19087,8751,27838,19199,8639,Puducherry,Sputnik
43897,22246,66143,56840,9303,Punjab,Sputnik
46019,40027,86046,21260,64786,Rajasthan,Sputnik
42067,40026,82093,40228,41865,Sikkim,Sputnik
39571,18118,57689,8179,49510,Tamil Nadu,Sputnik
19645,29232,48877,7769,41108,Telangana,Sputnik
15823,32592,48415,16362,32053,Tripura,Sputnik
49133,46425,95558,78931,16627,Uttarakhand,Sputnik
11212,15058,26270,13774,12496,Uttar Pradesh,Sputnik
17971,32429,50400,35802,14598,West Bengal,Sputnik
6656,13383,20039,6962,13077,Andaman and Nicobar Islands,Sputnik
39607,15140,54747,24209,30538,Andhra Pradesh,Sputnik
25603,36551,62154,31026,31128,Arunachal Pradesh,Sputnik
8517,27160,35677,25332,10345,Assam,Sputnik
15927,48950,64877,32251,32626,Bihar,Sputnik
15232,5871,21103,12835,8268,Chandigarh,Sputnik
25325,5492,30817,20218,10599,Chhattisgarh,Sputnik
21143,42374,63517,31142,32375,Dadra and Nagar Haveli and Daman and Diu,Sputnik
5334,27583,32917,15384,17533,Delhi,Sputnik
26203,29200,55403,46840,8563,Goa,Sputnik
39372,43161,82533,11350,71183,Gujarat,Sputnik
12554,17016,29570,29190,380,Haryana,Sputnik
40160,35142,75302,36945,38357,Himachal Pradesh,Sputnik
46318,47063,93381,5995,87386,Jammu and Kashmir,Sputnik
15026,25477,40503,10287,30216,Jharkhand,Sputnik
5818,7391,13209,6706,6503,Karnataka,Sputnik
6763,25462,32225,10805,21420,Kerala,Sputnik
46815,31215,78030,68726,9304,Ladakh,Sputnik
27729,28479,56208,47089,9119,Lakshadweep,Sputnik
44730,15764,60494,43824,16670,Madhya Pradesh,Sputnik
23969,2844,26813,22686,4127,Maharashtra,Sputnik
33754,12989,46743,25063,21680,Manipur,Sputnik
8858,22938,31796,9024,22772,Meghalaya,Sputnik
38352,33528,71880,67353,4527,Mizoram,Sputnik
9067,30345,39412,27071,12341,Nagaland,Sputnik
27453,40252,67705,39213,28492,Odisha,Sputnik
18075,22441,40516,26768,13748,Puducherry,Sputnik
8694,23827,32521,7013,25508,Punjab,Sputnik
22159,32528,54687,10578,44109,Rajasthan,Sputnik
15531,21278,36809,35116,1693,Sikkim,Sputnik
22872,14011,36883,36452,431,Tamil Nadu,Sputnik
49812,11704,61516,45368,16148,Telangana,Sputnik
33570,12360,45930,17954,27976,Tripura,Sputnik
45339,6283,51622,39911,11711,Uttarakhand,Sputnik
10311,26374,36685,19233,17452,Uttar Pradesh,Sputnik
11869,10169,22038,19380,2658,West Bengal,Sputnik
26337,6043,32380,32045,335,Andaman and Nicobar Islands,Sputnik
25376,40987,66363,17953,48410,Andhra Pradesh,Sputnik
44934,23450,68384,15352,53032,Arunachal Pradesh,Sputnik
21389,49957,71346,22132,49214,Assam,Sputnik
9636,23004,32640,11314,21326,Bihar,Sputnik
7992,34307,42299,40054,2245,Chandigarh,Sputnik
6883,42406,49289,22010,27279,Chhattisgarh,Sputnik
30399,4418,34817,19844,14973,Dadra and Nagar Haveli and Daman and Diu,Sputnik
26222,13049,39271,16683,22588,Delhi,Sputnik
34042,24935,58977,17306,41671,Goa,Sputnik
26567,42007,68574,52224,16350,Gujarat,Sputnik
34023,18871,52894,27938,24956,Haryana,Sputnik
27697,36804,64501,41131,23370,Himachal Pradesh,Sputnik
35284,41182,76466,53407,23059,Jammu and Kashmir,Sputnik
28996,33377,62373,60881,1492,Jharkhand,Sputnik
6898,5202,12100,9402,2698,Karnataka,Sputnik
16628,10045,26673,24943,1730,Kerala,Sputnik
21659,31731,53390,45493,7897,Ladakh,Sputnik
26245,9323,35568,9795,25773,Lakshadweep,Sputnik
11238,11371,22609,19469,3140,Madhya Pradesh,Sputnik
26412,36677,63089,58175,4914,Maharashtra,Sputnik
32715,23828,56543,10491,46052,Manipur,Sputnik
48480,18589,67069,43184,23885,Meghalaya,Sputnik
16165,6074,22239,5046,17193,Mizoram,Sputnik
40062,32820,72882,16782,56100,Nagaland,Sputnik
19318,36804,56122,5618,50504,Odisha,Sputnik
7562,39352,46914,30077,16837,Puducherry,Sputnik
49550,5100,54650,14532,40118,Punjab,Sputnik
20350,41436,61786,51928,9858,Rajasthan,Sputnik
35845,8823,44668,26855,17813,Sikkim,Sputnik
48092,49361,97453,22432,75021,Tamil Nadu,Sputnik
43787,21039,64826,33513,31313,Telangana,Sputnik
34028,15046,49074,39254,9820,Tripura,Sputnik
17774,25847,43621,8117,35504,Uttarakhand,Sputnik
16258,39103,55361,51799,3562,Uttar Pradesh,Sputnik
14264,36743,51007,6811,44196,West Bengal,Sputnik
47884,31858,79742,59446,20296,Andaman and Nicobar Islands,Sputnik
42456,11418,53874,51917,1957,Andhra Pradesh,Sputnik
23991,39009,63000,52455,10545,Arunachal Pradesh,Sputnik
33976,40359,74335,21834,52501,Assam,Sputnik
20333,34524,54857,31509,23348,Bihar,Sputnik
5738,43667,49405,48696,709,Chandigarh,Sputnik
2701,3436,6137,5450,687,Chhattisgarh,Sputnik
22335,4483,26818,20425,6393,Dadra and Nagar Haveli and Daman and Diu,Sputnik
10430,38457,48887,17516,31371,Delhi,Sputnik
40299,41110,81409,55316,26093,Goa,Sputnik
10681,22837,33518,8834,24684,Gujarat,Sputnik
20034,20132,40166,20394,19772,Haryana,Sputnik
42966,25486,68452,16883,51569,Himachal Pradesh,Sputnik
25724,34294,60018,6355,53663,Jammu and Kashmir,Sputnik
36779,16897,53676,8212,45464,Jharkhand,Sputnik
43862,27841,71703,34940,36763,Karnataka,Sputnik
35692,18643,54335,27445,26890,Kerala,Sputnik
18140,9328,27468,15590,11878,Ladakh,Sputnik
1795,45600,47395,26397,20998,Lakshadweep,Sputnik
25521,32184,57705,20572,37133,Madhya Pradesh,Sputnik
29390,47665,77055,53716,23339,Maharashtra,Sputnik
14837,29102,43939,14857,29082,Manipur,Sputnik
12419,36342,48761,41322,7439,Meghalaya,Sputnik
12668,39950,52618,11145,41473,Mizoram,Sputnik
31711,14571,46282,41840,4442,Nagaland,Sputnik
35716,30608,66324,54103,12221,Odisha,Sputnik
27861,14544,42405,19321,23084,Puducherry,Sputnik
46487,20963,67450,20204,47246,Punjab,Sputnik
13158,46094,59252,42566,16686,Rajasthan,Sputnik
33429,14444,47873,35568,12305,Sikkim,Sputnik
30948,12126,43074,15490,27584,Tamil Nadu,Sputnik
14093,48152,62245,20135,42110,Telangana,Sputnik
38294,22448,60742,5268,55474,Tripura,Sputnik
35233,12623,47856,41000,6856,Uttarakhand,Sputnik
12887,28975,41862,41198,664,Uttar Pradesh,Sputnik
29920,33515,63435,24685,38750,West Bengal,Sputnik
11776,29644,41420,28023,13397,Andaman and Nicobar Islands,Sputnik
16517,14042,30559,13860,16699,Andhra Pradesh,Sputnik
3460,47351,50811,31195,19616,Arunachal Pradesh,Sputnik
42160,35718,77878,64036,13842,Assam,Sputnik
33443,12085,45528,30034,15494,Bihar,Sputnik
10356,32471,42827,22103,20724,Chandigarh,Sputnik
13685,6786,20471,14358,6113,Chhattisgarh,Sputnik
32204,35172,67376,49178,18198,Dadra and Nagar Haveli and Daman and Diu,Sputnik
32392,21325,53717,44272,9445,Delhi,Sputnik
32733,10914,43647,39498,4149,Goa,Sputnik
47297,6763,54060,31179,22881,Gujarat,Sputnik
35708,33052,68760,59128,9632,Haryana,Sputnik
36972,25460,62432,27897,34535,Himachal Pradesh,Sputnik
45642,18918,64560,20145,44415,Jammu and Kashmir,Sputnik
47880,3432,51312,10708,40604,Jharkhand,Sputnik
20647,45897,66544,43960,22584,Karnataka,Sputnik
31463,20520,51983,33032,18951,Kerala,Sputnik
36428,2522,38950,15067,23883,Ladakh,Sputnik
10764,41266,52030,13513,38517,Lakshadweep,Sputnik
6358,39836,46194,19223,26971,Madhya Pradesh,Sputnik
20528,34795,55323,12852,42471,Maharashtra,Sputnik
35057,2013,37070,26191,10879,Manipur,Sputnik
28381,24791,53172,18482,34690,Meghalaya,Sputnik
6649,24122,30771,11596,19175,Mizoram,Sputnik
35523,37511,73034,10018,63016,Nagaland,Sputnik
23815,16897,40712,37996,2716,Odisha,Sputnik
24874,3636,28510,25010,3500,Puducherry,Sputnik
41259,11516,52775,42024,10751,Punjab,Sputnik
28351,42344,70695,49877,20818,Rajasthan,Sputnik
34603,25641,60244,6700,53544,Sikkim,Sputnik
28836,31701,60537,29168,31369,Tamil Nadu,Sputnik
22672,33971,56643,30849,25794,Telangana,Sputnik
6333,47176,53509,44611,8898,Tripura,Sputnik
1689,34389,36078,7794,28284,Uttarakhand,Sputnik
23039,22525,45564,8136,37428,Uttar Pradesh,Sputnik
49096,41913,91009,70677,20332,West Bengal,Sputnik
11340,31203,42543,19367,23176,Andaman and Nicobar Islands,Sputnik
30958,27408,58366,5168,53198,Andhra Pradesh,Sputnik
43011,22377,65388,41342,24046,Arunachal Pradesh,Sputnik
4758,3012,7770,6518,1252,Assam,Sputnik
34636,2246,36882,10372,26510,Bihar,Sputnik
31761,2294,34055,28285,5770,Chandigarh,Sputnik
13387,5835,19222,15781,3441,Chhattisgarh,Sputnik
19058,22735,41793,10730,31063,Dadra and Nagar Haveli and Daman and Diu,Sputnik
18594,41984,60578,53090,7488,Delhi,Sputnik
20881,10545,31426,22225,9201,Goa,Sputnik
23408,49119,72527,70834,1693,Gujarat,Sputnik
18443,44755,63198,21048,42150,Haryana,Sputnik
23694,4611,28305,25805,2500,Himachal Pradesh,Sputnik
45762,39270,85032,35936,49096,Jammu and Kashmir,Sputnik
49744,38933,88677,82424,6253,Jharkhand,Sputnik
17149,39577,56726,33018,23708,Karnataka,Sputnik
43002,11141,54143,28921,25222,Kerala,Sputnik
45093,19367,64460,36098,28362,Ladakh,Sputnik
3687,18636,22323,20894,1429,Lakshadweep,Sputnik
21439,2703,24142,16225,7917,Madhya Pradesh,Sputnik
1705,6913,8618,5132,3486,Maharashtra,Sputnik
33179,21317,54496,25613,28883,Manipur,Sputnik
45377,18965,64342,16044,48298,Meghalaya,Sputnik
1700,34883,36583,11737,24846,Mizoram,Sputnik
31974,44377,76351,65593,10758,Nagaland,Sputnik
7917,3042,10959,5835,5124,Odisha,Sputnik
37483,28284,65767,27732,38035,Puducherry,Sputnik
27495,2484,29979,9326,20653,Punjab,Sputnik
24262,29020,53282,27492,25790,Rajasthan,Sputnik
5355,15590,20945,6443,14502,Sikkim,Sputnik
21082,3980,25062,11944,13118,Tamil Nadu,Sputnik
26298,12786,39084,31799,7285,Telangana,Sputnik
43060,35349,78409,26195,52214,Tripura,Sputnik
13845,6262,20107,12332,7775,Uttarakhand,Sputnik
40478,41674,82152,22018,60134,Uttar Pradesh,Sputnik
43745,28988,72733,31602,41131,West Bengal,Sputnik
24874,14389,39263,24400,14863,Andaman and Nicobar Islands,Sputnik
37137,26585,63722,6290,57432,Andhra Pradesh,Sputnik
26378,23329,49707,35409,14298,Arunachal Pradesh,Sputnik
35990,28576,64566,43169,21397,Assam,Sputnik
22886,1684,24570,19228,5342,Bihar,Sputnik
18731,25866,44597,37939,6658,Chandigarh,Sputnik
7760,8869,16629,9007,7622,Chhattisgarh,Sputnik
45879,49638,95517,17427,78090,Dadra and Nagar Haveli and Daman and Diu,Sputnik
22389,49305,71694,42430,29264,Delhi,Sputnik
12870,3680,16550,7316,9234,Goa,Sputnik
35870,17295,53165,21372,31793,Gujarat,Sputnik
16684,21666,38350,11449,26901,Haryana,Sputnik
47619,30181,77800,69378,8422,Himachal Pradesh,Sputnik
11983,40617,52600,12802,39798,Jammu and Kashmir,Sputnik
12248,36364,48612,35396,13216,Jharkhand,Sputnik
21961,48085,70046,8075,61971,Karnataka,Sputnik
25576,37471,63047,28578,34469,Kerala,Sputnik
41348,32384,73732,7477,66255,Ladakh,Sputnik
40753,48050,88803,78222,10581,Lakshadweep,Sputnik
13952,4452,18404,14738,3666,Madhya Pradesh,Sputnik
5722,11368,17090,12694,4396,Maharashtra,Sputnik
9535,32991,42526,11973,30553,Manipur,Sputnik
22602,32562,55164,35840,19324,Meghalaya,Sputnik
1784,3094,4878,#NUM!,#NUM!,Mizoram,Sputnik
34424,3675,38099,23176,14923,Nagaland,Sputnik
45536,19743,65279,29352,35927,Odisha,Sputnik
7352,8223,15575,7568,8007,Puducherry,Sputnik
9790,4218,14008,7849,6159,Punjab,Sputnik
47475,1977,49452,21745,27707,Rajasthan,Sputnik
44583,10288,54871,46202,8669,Sikkim,Sputnik
29202,1707,30909,15042,15867,Tamil Nadu,Sputnik
22290,41257,63547,17291,46256,Telangana,Sputnik
37078,22568,59646,9437,50209,Tripura,Sputnik
25111,37193,62304,53023,9281,Uttarakhand,Sputnik
2401,18773,21174,11054,10120,Uttar Pradesh,Sputnik
26060,2089,28149,22711,5438,West Bengal,Sputnik
40936,27587,68523,12423,56100,Andaman and Nicobar Islands,Sputnik
13417,38034,51451,16164,35287,Andhra Pradesh,Sputnik
16556,17520,34076,5396,28680,Arunachal Pradesh,Sputnik
19864,43118,62982,6904,56078,Assam,Sputnik
21637,22847,44484,26234,18250,Bihar,Sputnik
4192,46448,50640,43394,7246,Chandigarh,Sputnik
43273,36310,79583,78343,1240,Chhattisgarh,Sputnik
23185,30276,53461,17028,36433,Dadra and Nagar Haveli and Daman and Diu,Sputnik
33742,41190,74932,26434,48498,Delhi,Sputnik
23437,29993,53430,31639,21791,Goa,Sputnik
16635,17249,33884,7759,26125,Gujarat,Sputnik
8171,19579,27750,12129,15621,Haryana,Sputnik
9261,42052,51313,45484,5829,Himachal Pradesh,Sputnik
2707,27012,29719,28667,1052,Jammu and Kashmir,Sputnik
37386,12807,50193,12005,38188,Jharkhand,Sputnik
12227,12108,24335,13456,10879,Karnataka,Sputnik
13287,31491,44778,9864,34914,Kerala,Sputnik
12320,11920,24240,15993,8247,Ladakh,Sputnik
15996,11462,27458,27354,104,Lakshadweep,Sputnik
2163,30506,32669,14855,17814,Madhya Pradesh,Sputnik
39090,40175,79265,71943,7322,Maharashtra,Sputnik
22548,47493,70041,22824,47217,Manipur,Sputnik
2974,40585,43559,20757,22802,Meghalaya,Sputnik
35914,17007,52921,9463,43458,Mizoram,Sputnik
49764,7315,57079,47845,9234,Nagaland,Sputnik
18804,34478,53282,18311,34971,Odisha,Sputnik
6478,20724,27202,18715,8487,Puducherry,Sputnik
7293,28593,35886,20680,15206,Punjab,Sputnik
42105,47450,89555,72619,16936,Rajasthan,Sputnik
21481,22530,44011,43254,757,Sikkim,Sputnik
12485,31738,44223,43512,711,Tamil Nadu,Sputnik
35163,42614,77777,17497,60280,Telangana,Sputnik
12965,25024,37989,16500,21489,Tripura,Sputnik
40260,19289,59549,46739,12810,Uttarakhand,Sputnik
25201,7151,32352,29555,2797,Uttar Pradesh,Sputnik
49371,13176,62547,53803,8744,West Bengal,Sputnik
36505,16003,52508,16216,36292,Andaman and Nicobar Islands,Sputnik
40104,46517,86621,41549,45072,Andhra Pradesh,Sputnik
47649,21096,68745,47872,20873,Arunachal Pradesh,Sputnik
31130,1733,32863,24847,8016,Assam,Sputnik
47082,19543,66625,23597,43028,Bihar,Sputnik
23185,21062,44247,34584,9663,Chandigarh,Sputnik
22185,26484,48669,25002,23667,Chhattisgarh,Sputnik
8099,15629,23728,9894,13834,Dadra and Nagar Haveli and Daman and Diu,Sputnik
18315,25715,44030,37091,6939,Delhi,Sputnik
9051,32145,41196,29152,12044,Goa,Sputnik
38838,13351,52189,30494,21695,Gujarat,Sputnik
17610,45179,62789,24340,38449,Haryana,Sputnik
19260,26718,45978,39246,6732,Himachal Pradesh,Sputnik
35279,28688,63967,51220,12747,Jammu and Kashmir,Sputnik
27564,37960,65524,46099,19425,Jharkhand,Sputnik
28455,45892,74347,14655,59692,Karnataka,Sputnik
6125,6604,12729,8210,4519,Kerala,Sputnik
3920,9326,13246,5332,7914,Ladakh,Sputnik
22775,13877,36652,33613,3039,Lakshadweep,Sputnik
15487,19257,34744,8061,26683,Madhya Pradesh,Sputnik
47943,26267,74210,49324,24886,Maharashtra,Sputnik
26180,6078,32258,6240,26018,Manipur,Sputnik
5453,9382,14835,8586,6249,Meghalaya,Sputnik
3136,2714,5850,5790,60,Mizoram,Sputnik
8721,41350,50071,14037,36034,Nagaland,Sputnik
44196,33989,78185,41385,36800,Odisha,Sputnik
23535,39376,62911,40533,22378,Puducherry,Sputnik
8260,42783,51043,13030,38013,Punjab,Sputnik
43022,3165,46187,35504,10683,Rajasthan,Sputnik
13914,13417,27331,14450,12881,Sikkim,Sputnik
35918,12578,48496,21620,26876,Tamil Nadu,Sputnik
34247,21550,55797,15916,39881,Telangana,Sputnik
35333,27213,62546,46857,15689,Tripura,Sputnik
14851,49586,64437,30513,33924,Uttarakhand,Sputnik
47546,13296,60842,48844,11998,Uttar Pradesh,Sputnik
40057,12900,52957,23237,29720,West Bengal,Sputnik
27500,17103,44603,25561,19042,Andaman and Nicobar Islands,Sputnik
15573,3943,19516,10490,9026,Andhra Pradesh,Sputnik
2257,38530,40787,21808,18979,Arunachal Pradesh,Sputnik
45617,47848,93465,86349,7116,Assam,Sputnik
22265,19958,42223,28428,13795,Bihar,Sputnik
37347,13194,50541,36809,13732,Chandigarh,Sputnik
14272,43219,57491,47648,9843,Chhattisgarh,Sputnik
20470,40686,61156,23345,37811,Dadra and Nagar Haveli and Daman and Diu,Sputnik
49296,41235,90531,70974,19557,Delhi,Sputnik
47998,27961,75959,15738,60221,Goa,Sputnik
40759,38548,79307,42527,36780,Gujarat,Sputnik
1643,45231,46874,29205,17669,Haryana,Sputnik
14516,29498,44014,43329,685,Himachal Pradesh,Sputnik
7629,22191,29820,18493,11327,Jammu and Kashmir,Sputnik
34259,16475,50734,25380,25354,Jharkhand,Sputnik
49922,33166,83088,38581,44507,Karnataka,Sputnik
42567,12571,55138,33412,21726,Kerala,Sputnik
31907,33236,65143,10237,54906,Ladakh,Sputnik
44026,16819,60845,6046,54799,Lakshadweep,Sputnik
30585,27670,58255,26036,32219,Madhya Pradesh,Sputnik
29943,4920,34863,7597,27266,Maharashtra,Sputnik
34602,3502,38104,29157,8947,Manipur,Sputnik
13430,9774,23204,10885,12319,Meghalaya,Sputnik
7741,35839,43580,40926,2654,Mizoram,Sputnik
42676,26341,69017,68685,332,Nagaland,Sputnik
25385,48571,73956,18178,55778,Odisha,Sputnik
33654,41520,75174,16107,59067,Puducherry,Sputnik
12032,7853,19885,15293,4592,Punjab,Sputnik
35341,35970,71311,14234,57077,Rajasthan,Sputnik
46468,38019,84487,58600,25887,Sikkim,Sputnik
49719,44743,94462,61051,33411,Tamil Nadu,Sputnik
13694,31776,45470,8321,37149,Telangana,Sputnik
27040,2886,29926,6018,23908,Tripura,Sputnik
42376,7074,49450,47297,2153,Uttarakhand,Sputnik
26608,31414,58022,8665,49357,Uttar Pradesh,Sputnik
27195,5378,32573,18745,13828,West Bengal,Sputnik
44065,22470,66535,27729,38806,Andaman and Nicobar Islands,Sputnik
42329,15998,58327,56153,2174,Andhra Pradesh,Sputnik
13852,11175,25027,10011,15016,Arunachal Pradesh,Sputnik
33446,19502,52948,48522,4426,Assam,Sputnik
40204,30769,70973,11545,59428,Bihar,Sputnik
29325,17047,46372,11179,35193,Chandigarh,Sputnik
15619,43317,58936,35187,23749,Chhattisgarh,Sputnik
23609,37778,61387,8187,53200,Dadra and Nagar Haveli and Daman and Diu,Sputnik
33424,28850,62274,58269,4005,Delhi,Sputnik
46967,34714,81681,67406,14275,Goa,Sputnik
45774,16249,62023,35170,26853,Gujarat,Sputnik
36000,24807,60807,16089,44718,Haryana,Sputnik
43863,28002,71865,55614,16251,Himachal Pradesh,Sputnik
8199,45385,53584,17861,35723,Jammu and Kashmir,Sputnik
17764,49780,67544,12704,54840,Jharkhand,Sputnik
17980,21129,39109,30252,8857,Karnataka,Sputnik
49589,7496,57085,40734,16351,Kerala,Sputnik
29225,9057,38282,33924,4358,Ladakh,Sputnik
8048,41141,49189,14444,34745,Lakshadweep,Sputnik
20489,47541,68030,53575,14455,Madhya Pradesh,Sputnik
43879,38853,82732,26869,55863,Maharashtra,Sputnik
15350,41969,57319,31413,25906,Manipur,Sputnik
47105,26550,73655,25945,47710,Meghalaya,Sputnik
27235,30882,58117,38247,19870,Mizoram,Sputnik
45175,18629,63804,11770,52034,Nagaland,Sputnik
21624,37030,58654,14189,44465,Odisha,Sputnik
45211,27868,73079,18920,54159,Puducherry,Sputnik
15248,39902,55150,44191,10959,Punjab,Sputnik
34723,37721,72444,65153,7291,Rajasthan,Sputnik
8840,43300,52140,45014,7126,Sikkim,Sputnik
24089,14260,38349,17731,20618,Tamil Nadu,Sputnik
43426,12596,56022,12477,43545,Telangana,Sputnik
7576,29588,37164,9604,27560,Tripura,Sputnik
27885,27239,55124,45421,9703,Uttarakhand,Sputnik
37067,17788,54855,51631,3224,Uttar Pradesh,Sputnik
2802,38843,41645,23119,18526,West Bengal,Sputnik
28704,38365,67069,52980,14089,Andaman and Nicobar Islands,Sputnik
37870,32144,70014,18701,51313,Andhra Pradesh,Sputnik
37770,27749,65519,53281,12238,Arunachal Pradesh,Sputnik
41073,13169,54242,29057,25185,Assam,Sputnik
38496,1849,40345,32757,7588,Bihar,Sputnik
5558,46837,52395,36410,15985,Chandigarh,Sputnik
39025,5556,44581,12268,32313,Chhattisgarh,Sputnik
38534,49449,87983,29789,58194,Dadra and Nagar Haveli and Daman and Diu,Sputnik
39538,34166,73704,45959,27745,Delhi,Sputnik
22115,15698,37813,27245,10568,Goa,Sputnik
3758,3927,7685,7155,530,Gujarat,Sputnik
24901,46841,71742,44575,27167,Haryana,Sputnik
33631,41941,75572,22687,52885,Himachal Pradesh,Sputnik
43842,14738,58580,35315,23265,Jammu and Kashmir,Sputnik
45242,8366,53608,11465,42143,Jharkhand,Sputnik
6257,44832,51089,47853,3236,Karnataka,Sputnik
47512,25760,73272,61800,11472,Kerala,Sputnik
41654,28817,70471,65621,4850,Ladakh,Sputnik
28400,27818,56218,44606,11612,Lakshadweep,Sputnik
46670,27664,74334,23069,51265,Madhya Pradesh,Sputnik
24343,17441,41784,6869,34915,Maharashtra,Sputnik
37474,18665,56139,8877,47262,Manipur,Sputnik
16877,26082,42959,20182,22777,Meghalaya,Sputnik
47264,42085,89349,13777,75572,Mizoram,Sputnik
12434,7384,19818,17755,2063,Nagaland,Sputnik
6818,13386,20204,15860,4344,Odisha,Sputnik
33401,19357,52758,25781,26977,Puducherry,Sputnik
13361,42960,56321,15099,41222,Punjab,Sputnik
28831,14658,43489,22343,21146,Rajasthan,Sputnik
19669,8415,28084,26444,1640,Sikkim,Sputnik
32865,10739,43604,17942,25662,Tamil Nadu,Sputnik
26780,37966,64746,25926,38820,Telangana,Sputnik
35072,26154,61226,54895,6331,Tripura,Sputnik
46977,40342,87319,22692,64627,Uttarakhand,Sputnik
49604,23630,73234,27268,45966,Uttar Pradesh,Sputnik
47791,19712,67503,66502,1001,West Bengal,Sputnik
7979,35386,43365,9824,33541,Andaman and Nicobar Islands,Sputnik
7459,12793,20252,6731,13521,Andhra Pradesh,Sputnik
5829,5808,11637,9338,2299,Arunachal Pradesh,Sputnik
3414,49235,52649,36386,16263,Assam,Sputnik
29177,13630,42807,15193,27614,Bihar,Sputnik
19269,28639,47908,42060,5848,Chandigarh,Sputnik
25534,23064,48598,11271,37327,Chhattisgarh,Sputnik
37723,8331,46054,25415,20639,Dadra and Nagar Haveli and Daman and Diu,Sputnik
47350,36084,83434,7874,75560,Delhi,Sputnik
1617,12953,14570,8333,6237,Goa,Sputnik
31140,5557,36697,27812,8885,Gujarat,Sputnik
14312,18326,32638,31913,725,Haryana,Sputnik
16638,18019,34657,17290,17367,Himachal Pradesh,Sputnik
14008,18781,32789,6318,26471,Jammu and Kashmir,Sputnik
13324,48635,61959,55732,6227,Jharkhand,Sputnik
19160,9809,28969,12484,16485,Karnataka,Sputnik
38634,15925,54559,37479,17080,Kerala,Sputnik
18825,11285,30110,15402,14708,Ladakh,Sputnik
14485,4897,19382,10023,9359,Lakshadweep,Sputnik
12672,21863,34535,19147,15388,Madhya Pradesh,Sputnik
12320,39967,52287,21676,30611,Maharashtra,Sputnik
18063,35917,53980,22794,31186,Manipur,Sputnik
30163,7563,37726,27797,9929,Meghalaya,Sputnik
7519,15255,22774,19638,3136,Mizoram,Sputnik
31717,4631,36348,15685,20663,Nagaland,Sputnik
39892,32689,72581,65519,7062,Odisha,Sputnik
44530,27708,72238,49484,22754,Puducherry,Sputnik
34340,39243,73583,62806,10777,Punjab,Sputnik
16014,5552,21566,18685,2881,Rajasthan,Sputnik
16207,26756,42963,11475,31488,Sikkim,Sputnik
24467,48230,72697,46534,26163,Tamil Nadu,Sputnik
46985,36570,83555,25295,58260,Telangana,Sputnik
17603,3598,21201,13750,7451,Tripura,Sputnik
2122,38899,41021,14800,26221,Uttarakhand,Sputnik
7624,35639,43263,36818,6445,Uttar Pradesh,Sputnik
19094,33254,52348,27955,24393,West Bengal,Sputnik
7953,16364,24317,11202,13115,Andaman and Nicobar Islands,Sputnik
45502,5533,51035,43184,7851,Andhra Pradesh,Sputnik
36679,44987,81666,16332,65334,Arunachal Pradesh,Sputnik
14148,14224,28372,19086,9286,Assam,Sputnik
46258,43713,89971,88328,1643,Bihar,Sputnik
24990,1521,26511,5435,21076,Chandigarh,Sputnik
4278,32526,36804,26343,10461,Chhattisgarh,Sputnik
13945,41107,55052,54295,757,Dadra and Nagar Haveli and Daman and Diu,Sputnik
32105,10117,42222,26820,15402,Delhi,Sputnik
7569,33406,40975,27254,13721,Goa,Sputnik
38613,20409,59022,36620,22402,Gujarat,Sputnik
42825,15523,58348,5010,53338,Haryana,Sputnik
42005,33744,75749,7192,68557,Himachal Pradesh,Sputnik
23262,29109,52371,6206,46165,Jammu and Kashmir,Sputnik
13472,20858,34330,19348,14982,Jharkhand,Sputnik
26764,32034,58798,20859,37939,Karnataka,Sputnik
10719,35650,46369,8151,38218,Kerala,Sputnik
7587,31517,39104,12629,26475,Ladakh,Sputnik
4627,13108,17735,12879,4856,Lakshadweep,Sputnik
40429,44496,84925,75013,9912,Madhya Pradesh,Sputnik
49960,21928,71888,69271,2617,Maharashtra,Sputnik
23239,22397,45636,7089,38547,Manipur,Sputnik
48187,37307,85494,8459,77035,Meghalaya,Sputnik
15664,46763,62427,52176,10251,Mizoram,Sputnik
48551,46428,94979,26507,68472,Nagaland,Sputnik
37617,29788,67405,31708,35697,Odisha,Sputnik
23618,14936,38554,5236,33318,Puducherry,Sputnik
19851,16756,36607,31338,5269,Punjab,Sputnik
49617,23384,73001,50648,22353,Rajasthan,Sputnik
9469,15259,24728,18089,6639,Sikkim,Sputnik
5639,20600,26239,25708,531,Tamil Nadu,Sputnik
36885,21394,58279,33007,25272,Telangana,Sputnik
23081,30779,53860,13222,40638,Tripura,Sputnik
39068,43070,82138,5416,76722,Uttarakhand,Sputnik
37556,35591,73147,41124,32023,Uttar Pradesh,Sputnik
4602,35562,40164,27542,12622,West Bengal,Sputnik
36240,42334,78574,20952,57622,Andaman and Nicobar Islands,Sputnik
33189,43261,76450,17334,59116,Andhra Pradesh,Sputnik
6296,16861,23157,22441,716,Arunachal Pradesh,Sputnik
12328,18919,31247,17905,13342,Assam,Sputnik
15199,45693,60892,44577,16315,Bihar,Sputnik
20855,38342,59197,21996,37201,Chandigarh,Sputnik
2027,30167,32194,31722,472,Chhattisgarh,Sputnik
13233,2609,15842,14707,1135,Dadra and Nagar Haveli and Daman and Diu,Sputnik
34492,11401,45893,5311,40582,Delhi,Sputnik
44328,30390,74718,70924,3794,Goa,Sputnik
20479,42537,63016,35204,27812,Gujarat,Sputnik
23995,38414,62409,25244,37165,Haryana,Sputnik
13413,30349,43762,6373,37389,Himachal Pradesh,Sputnik
41896,32295,74191,22180,52011,Jammu and Kashmir,Sputnik
37901,12261,50162,37739,12423,Jharkhand,Sputnik
34224,43701,77925,11786,66139,Karnataka,Sputnik
13253,22220,35473,12136,23337,Kerala,Sputnik
2410,44046,46456,33393,13063,Ladakh,Sputnik
14134,22845,36979,32365,4614,Lakshadweep,Sputnik
42031,16449,58480,32446,26034,Madhya Pradesh,Sputnik
22312,47847,70159,63492,6667,Maharashtra,Sputnik
35626,6521,42147,40063,2084,Manipur,Sputnik
42326,28575,70901,49259,21642,Meghalaya,Sputnik
46625,16096,62721,15993,46728,Mizoram,Sputnik
27825,31575,59400,18213,41187,Nagaland,Sputnik
39151,6037,45188,28498,16690,Odisha,Sputnik
14495,29762,44257,35143,9114,Puducherry,Sputnik
45341,7777,53118,43802,9316,Punjab,Sputnik
21514,6628,28142,7506,20636,Rajasthan,Sputnik
35834,3264,39098,35666,3432,Sikkim,Sputnik
2969,20983,23952,18046,5906,Tamil Nadu,Sputnik
30467,12264,42731,9664,33067,Telangana,Sputnik
5739,39890,45629,23139,22490,Tripura,Sputnik
45320,13857,59177,40502,18675,Uttarakhand,Sputnik
43541,42326,85867,61607,24260,Uttar Pradesh,Sputnik
26953,48338,75291,74689,602,West Bengal,Sputnik
23291,11703,34994,30907,4087,Andaman and Nicobar Islands,Sputnik
31433,13820,45253,29722,15531,Andhra Pradesh,Sputnik
36183,36075,72258,20504,51754,Arunachal Pradesh,Sputnik
26274,17222,43496,31976,11520,Assam,Sputnik
44697,9957,54654,46064,8590,Bihar,Sputnik
17734,8829,26563,23560,3003,Chandigarh,Sputnik
26050,33626,59676,22881,36795,Chhattisgarh,Sputnik
32301,10340,42641,20459,22182,Dadra and Nagar Haveli and Daman and Diu,Sputnik
8032,19628,27660,11381,16279,Delhi,Sputnik
9423,20509,29932,20392,9540,Goa,Sputnik
33340,32605,65945,7632,58313,Gujarat,Sputnik
31889,19680,51569,13151,38418,Haryana,Sputnik
18361,46861,65222,40926,24296,Himachal Pradesh,Sputnik
43545,19787,63332,59876,3456,Jammu and Kashmir,Sputnik
36385,31997,68382,26651,41731,Jharkhand,Sputnik
11789,37573,49362,8683,40679,Karnataka,Sputnik
4624,28961,33585,19361,14224,Kerala,Sputnik
43055,39179,82234,50587,31647,Ladakh,Sputnik
20763,21765,42528,32596,9932,Lakshadweep,Sputnik
22600,38390,60990,33396,27594,Madhya Pradesh,Sputnik
24765,14919,39684,10320,29364,Maharashtra,Sputnik
21516,41489,63005,28979,34026,Manipur,Sputnik
15895,5250,21145,15759,5386,Meghalaya,Sputnik
35200,47483,82683,59478,23205,Mizoram,Sputnik
44400,23847,68247,27410,40837,Nagaland,Sputnik
2384,26155,28539,9749,18790,Odisha,Sputnik
29571,37000,66571,38001,28570,Puducherry,Sputnik
13660,35872,49532,23453,26079,Punjab,Sputnik
15081,14515,29596,24606,4990,Rajasthan,Sputnik
40309,27483,67792,17616,50176,Sikkim,Sputnik
46343,20694,67037,51851,15186,Tamil Nadu,Sputnik
47251,40655,87906,34685,53221,Telangana,Sputnik
47917,25733,73650,71152,2498,Tripura,Sputnik
47401,35006,82407,69987,12420,Uttarakhand,Sputnik
40547,12308,52855,28933,23922,Uttar Pradesh,Sputnik
32319,37425,69744,25545,44199,West Bengal,Sputnik
30359,11752,42111,7784,34327,Andaman and Nicobar Islands,Sputnik
8793,13123,21916,16808,5108,Andhra Pradesh,Sputnik
15548,25551,41099,28727,12372,Arunachal Pradesh,Sputnik
11964,29368,41332,40757,575,Assam,Sputnik
41135,17839,58974,53595,5379,Bihar,Sputnik
28068,37134,65202,61337,3865,Chandigarh,Sputnik
37872,29406,67278,16257,51021,Chhattisgarh,Sputnik
7109,10219,17328,9274,8054,Dadra and Nagar Haveli and Daman and Diu,Sputnik
2001,20102,22103,19936,2167,Delhi,Sputnik
19396,20276,39672,14194,25478,Goa,Sputnik
12564,19014,31578,9897,21681,Gujarat,Sputnik
32099,2566,34665,22993,11672,Haryana,Sputnik
44867,16642,61509,60519,990,Himachal Pradesh,Sputnik
27373,26156,53529,44711,8818,Jammu and Kashmir,Sputnik
33114,33301,66415,58511,7904,Jharkhand,Sputnik
4900,21545,26445,8070,18375,Karnataka,Sputnik
12966,5736,18702,12830,5872,Kerala,Sputnik
38157,35674,73831,19194,54637,Ladakh,Sputnik
22551,18068,40619,21921,18698,Lakshadweep,Sputnik
42093,3255,45348,5849,39499,Madhya Pradesh,Sputnik
26364,27534,53898,14420,39478,Maharashtra,Sputnik
27518,17765,45283,37208,8075,Manipur,Sputnik
43204,46115,89319,28152,61167,Meghalaya,Sputnik
29988,41426,71414,52852,18562,Mizoram,Sputnik
49754,22410,72164,47518,24646,Nagaland,Sputnik
29844,48540,78384,28599,49785,Odisha,Sputnik
24781,47645,72426,71353,1073,Puducherry,Sputnik
34025,12663,46688,45248,1440,Punjab,Sputnik
10519,48143,58662,6203,52459,Rajasthan,Sputnik
7204,35729,42933,9364,33569,Sikkim,Sputnik
41444,34193,75637,13135,62502,Tamil Nadu,Sputnik
5582,10310,15892,12498,3394,Telangana,Sputnik
49480,5391,54871,14953,39918,Tripura,Sputnik
49930,7417,57347,40445,16902,Uttarakhand,Sputnik
35201,31225,66426,65501,925,Uttar Pradesh,Sputnik
44331,7690,52021,49798,2223,West Bengal,Sputnik
15720,25431,41151,21762,19389,Andaman and Nicobar Islands,Sputnik
33423,20528,53951,20642,33309,Andhra Pradesh,Sputnik
41913,44637,86550,66654,19896,Arunachal Pradesh,Sputnik
18127,13836,31963,15102,16861,Assam,Sputnik
33417,17689,51106,45353,5753,Bihar,Sputnik
18086,40315,58401,31115,27286,Chandigarh,Sputnik
42349,35202,77551,51833,25718,Chhattisgarh,Sputnik
19112,12573,31685,30849,836,Dadra and Nagar Haveli and Daman and Diu,Sputnik
46604,6420,53024,11023,42001,Delhi,Sputnik
16290,30206,46496,26016,20480,Goa,Sputnik
43378,26168,69546,50135,19411,Gujarat,Sputnik
15733,27734,43467,9037,34430,Haryana,Sputnik
41515,32904,74419,52527,21892,Himachal Pradesh,Sputnik
17949,14884,32833,18258,14575,Jammu and Kashmir,Sputnik
27324,12557,39881,16762,23119,Jharkhand,Sputnik
48738,28415,77153,41442,35711,Karnataka,Sputnik
44805,5828,50633,15286,35347,Kerala,Sputnik
32090,48530,80620,25769,54851,Ladakh,Sputnik
30134,15118,45252,17937,27315,Lakshadweep,Sputnik
39203,4011,43214,10252,32962,Madhya Pradesh,Sputnik
1714,24055,25769,19825,5944,Maharashtra,Sputnik
6142,43942,50084,5867,44217,Manipur,Sputnik
48120,37631,85751,37573,48178,Meghalaya,Sputnik
24734,22023,46757,11423,35334,Mizoram,Sputnik
28383,26784,55167,25349,29818,Nagaland,Sputnik
31487,1914,33401,25527,7874,Odisha,Sputnik
22303,34723,57026,35698,21328,Puducherry,Sputnik
18321,19935,38256,31624,6632,Punjab,Sputnik
2603,15388,17991,5936,12055,Rajasthan,Sputnik
15112,6286,21398,17369,4029,Sikkim,Sputnik
12750,22893,35643,19233,16410,Tamil Nadu,Sputnik
22142,15933,38075,8214,29861,Telangana,Sputnik
33069,45872,78941,12088,66853,Tripura,Sputnik
3624,11675,15299,7722,7577,Uttarakhand,Sputnik
34294,25300,59594,39032,20562,Uttar Pradesh,Sputnik
24244,4905,29149,21824,7325,West Bengal,Sputnik
20935,44202,65137,46493,18644,Andaman and Nicobar Islands,Sputnik
42842,20466,63308,48866,14442,Andhra Pradesh,Sputnik
22782,27919,50701,38862,11839,Arunachal Pradesh,Sputnik
33437,4456,37893,12423,25470,Assam,Sputnik
16679,47495,64174,60631,3543,Bihar,Sputnik
39413,21803,61216,51730,9486,Chandigarh,Sputnik
34888,35010,69898,45297,24601,Chhattisgarh,Sputnik
33048,40217,73265,25155,48110,Dadra and Nagar Haveli and Daman and Diu,Sputnik
10030,33814,43844,34225,9619,Delhi,Sputnik
48922,20234,69156,63251,5905,Goa,Sputnik
5136,14254,19390,9222,10168,Gujarat,Sputnik
34524,31180,65704,47008,18696,Haryana,Sputnik
11441,13678,25119,24483,636,Himachal Pradesh,Sputnik
18508,33840,52348,12152,40196,Jammu and Kashmir,Sputnik
31076,34904,65980,45162,20818,Jharkhand,Sputnik
27883,16103,43986,16018,27968,Karnataka,Sputnik
12566,49847,62413,9570,52843,Kerala,Sputnik
10859,33675,44534,41919,2615,Ladakh,Sputnik
39475,16672,56147,14745,41402,Lakshadweep,Sputnik
18788,12268,31056,6053,25003,Madhya Pradesh,Sputnik
5832,33437,39269,6461,32808,Maharashtra,Sputnik
46592,1528,48120,35334,12786,Manipur,Sputnik
15259,15561,30820,6791,24029,Meghalaya,Sputnik
9691,2236,11927,7535,4392,Mizoram,Sputnik
21912,22868,44780,10391,34389,Nagaland,Sputnik
16559,14928,31487,18183,13304,Odisha,Sputnik
9382,20428,29810,26147,3663,Puducherry,Sputnik
4997,7298,12295,9380,2915,Punjab,Sputnik
22124,39319,61443,54644,6799,Rajasthan,Sputnik
46376,35414,81790,24538,57252,Sikkim,Sputnik
43525,6922,50447,30599,19848,Tamil Nadu,Sputnik
8957,45765,54722,28921,25801,Telangana,Sputnik
24960,5427,30387,20856,9531,Tripura,Sputnik
28043,48338,76381,5811,70570,Uttarakhand,Sputnik
43358,33658,77016,60069,16947,Uttar Pradesh,Sputnik
43509,38126,81635,45443,36192,West Bengal,Sputnik
7002,44344,51346,35912,15434,Andaman and Nicobar Islands,Sputnik
23007,7480,30487,18078,12409,Andhra Pradesh,Sputnik
4925,31696,36621,26412,10209,Arunachal Pradesh,Sputnik
12053,24614,36667,17201,19466,Assam,Sputnik
46385,38488,84873,52832,32041,Bihar,Sputnik
37488,26276,63764,63702,62,Chandigarh,Sputnik
40801,43816,84617,52498,32119,Chhattisgarh,Sputnik
12273,35954,48227,29890,18337,Dadra and Nagar Haveli and Daman and Diu,Sputnik
23478,2202,25680,6223,19457,Delhi,Sputnik
48060,37321,85381,65597,19784,Goa,Sputnik
34521,40323,74844,49094,25750,Gujarat,Sputnik
43109,22130,65239,51923,13316,Haryana,Sputnik
31425,7265,38690,23049,15641,Himachal Pradesh,Sputnik
9111,31676,40787,34862,5925,Jammu and Kashmir,Sputnik
14138,4523,18661,12045,6616,Jharkhand,Sputnik
26730,26110,52840,48809,4031,Karnataka,Sputnik
8845,15968,24813,21121,3692,Kerala,Sputnik
5056,7141,12197,7402,4795,Ladakh,Sputnik
21309,20167,41476,32285,9191,Lakshadweep,Sputnik
38308,13891,52199,46545,5654,Madhya Pradesh,Sputnik
37023,7915,44938,6997,37941,Maharashtra,Sputnik
21374,36699,58073,27799,30274,Manipur,Sputnik
5188,34820,40008,11033,28975,Meghalaya,Sputnik
24375,29061,53436,9862,43574,Mizoram,Sputnik
10181,13925,24106,6162,17944,Nagaland,Sputnik
42829,48207,91036,74616,16420,Odisha,Sputnik
21971,13638,35609,19584,16025,Puducherry,Sputnik
12690,37187,49877,49027,850,Punjab,Sputnik
12732,19713,32445,31953,492,Rajasthan,Sputnik
34469,16575,51044,41742,9302,Sikkim,Sputnik
49845,42541,92386,25299,67087,Tamil Nadu,Sputnik
49109,38713,87822,7959,79863,Telangana,Sputnik
23769,6405,30174,19462,10712,Tripura,Sputnik
47768,46927,94695,70372,24323,Uttarakhand,Sputnik
11752,22528,34280,17395,16885,Uttar Pradesh,Sputnik
19484,15546,35030,31769,3261,West Bengal,Sputnik
18299,27268,45567,31962,13605,Andaman and Nicobar Islands,Sputnik
30924,40197,71121,17607,53514,Andhra Pradesh,Sputnik
6574,36372,42946,18966,23980,Arunachal Pradesh,Sputnik
45489,36250,81739,73153,8586,Assam,Sputnik
32325,22675,55000,30018,24982,Bihar,Sputnik
45223,39932,85155,9397,75758,Chandigarh,Sputnik
16515,2338,18853,8376,10477,Chhattisgarh,Sputnik
33268,38436,71704,16670,55034,Dadra and Nagar Haveli and Daman and Diu,Sputnik
20654,44729,65383,24055,41328,Delhi,Sputnik
44343,42745,87088,58027,29061,Goa,Sputnik
9764,36144,45908,30222,15686,Gujarat,Sputnik
26345,24724,51069,40596,10473,Haryana,Sputnik
16929,44147,61076,29777,31299,Himachal Pradesh,Sputnik
15134,34232,49366,33093,16273,Jammu and Kashmir,Sputnik
24634,31132,55766,41638,14128,Jharkhand,Sputnik
39673,18725,58398,42856,15542,Karnataka,Sputnik
6793,10658,17451,11059,6392,Kerala,Sputnik
21763,49348,71111,9138,61973,Ladakh,Sputnik
13992,24566,38558,33306,5252,Lakshadweep,Sputnik
6122,19860,25982,12635,13347,Madhya Pradesh,Sputnik
37037,35001,72038,40253,31785,Maharashtra,Sputnik
34582,12347,46929,14687,32242,Manipur,Sputnik
46636,6637,53273,29524,23749,Meghalaya,Sputnik
13930,16480,30410,23063,7347,Mizoram,Sputnik
11695,25415,37110,37109,1,Nagaland,Sputnik
16233,13848,30081,25929,4152,Odisha,Sputnik
7339,15809,23148,9733,13415,Puducherry,Sputnik
46715,45178,91893,56964,34929,Punjab,Sputnik
10423,19541,29964,13638,16326,Rajasthan,Sputnik
46676,45626,92302,84046,8256,Sikkim,Sputnik
46061,11450,57511,36636,20875,Tamil Nadu,Sputnik
16807,6864,23671,17492,6179,Telangana,Sputnik
38092,35478,73570,48258,25312,Tripura,Sputnik
47343,34961,82304,68837,13467,Uttarakhand,Sputnik
39007,35971,74978,48746,26232,Uttar Pradesh,Sputnik
23590,33078,56668,27767,28901,West Bengal,Sputnik
44125,44050,88175,64086,24089,Andaman and Nicobar Islands,Sputnik
34806,27512,62318,9172,53146,Andhra Pradesh,Sputnik
20415,38711,59126,9606,49520,Arunachal Pradesh,Sputnik
8261,3347,11608,8501,3107,Assam,Sputnik
25399,33546,58945,23438,35507,Bihar,Sputnik
27584,33373,60957,54290,6667,Chandigarh,Sputnik
38590,49686,88276,40325,47951,Chhattisgarh,Sputnik
38369,31475,69844,20430,49414,Dadra and Nagar Haveli and Daman and Diu,Sputnik
11522,16817,28339,14146,14193,Delhi,Sputnik
11853,5176,17029,8997,8032,Goa,Sputnik
30372,28250,58622,8755,49867,Gujarat,Sputnik
27075,12166,39241,36378,2863,Haryana,Sputnik
49179,26925,76104,59710,16394,Himachal Pradesh,Sputnik
1775,5466,7241,5402,1839,Jammu and Kashmir,Sputnik
19445,35124,54569,7523,47046,Jharkhand,Sputnik
39562,29373,68935,42663,26272,Karnataka,Sputnik
30773,34301,65074,55064,10010,Kerala,Sputnik
27108,11019,38127,12165,25962,Ladakh,Sputnik
47163,37265,84428,14412,70016,Lakshadweep,Sputnik
9689,37059,46748,41192,5556,Madhya Pradesh,Sputnik
16888,13224,30112,21725,8387,Maharashtra,Sputnik
9130,4179,13309,13197,112,Manipur,Sputnik
9655,20071,29726,29591,135,Meghalaya,Sputnik
14948,12185,27133,9306,17827,Mizoram,Sputnik
14813,35322,50135,34031,16104,Nagaland,Sputnik
37334,14791,52125,20554,31571,Odisha,Sputnik
31863,34741,66604,39120,27484,Puducherry,Sputnik
39385,17979,57364,48404,8960,Punjab,Sputnik
47469,49430,96899,84632,12267,Rajasthan,Sputnik
26355,10151,36506,7020,29486,Sikkim,Sputnik
20083,28521,48604,44663,3941,Tamil Nadu,Sputnik
23639,10393,34032,21903,12129,Telangana,Sputnik
30411,26726,57137,48167,8970,Tripura,Sputnik
14375,32615,46990,7418,39572,Uttarakhand,Sputnik
11098,15942,27040,21155,5885,Uttar Pradesh,Sputnik
17425,34163,51588,5239,46349,West Bengal,Sputnik
15616,31489,47105,22567,24538,Andaman and Nicobar Islands,Sputnik
7607,11218,18825,5905,12920,Andhra Pradesh,Sputnik
19114,36686,55800,21188,34612,Arunachal Pradesh,Sputnik
9122,43978,53100,16864,36236,Assam,Sputnik
21126,48704,69830,43258,26572,Bihar,Sputnik
5531,48843,54374,12968,41406,Chandigarh,Sputnik
46330,16743,63073,42956,20117,Chhattisgarh,Sputnik
6014,40626,46640,18248,28392,Dadra and Nagar Haveli and Daman and Diu,Sputnik
36451,13015,49466,36174,13292,Delhi,Sputnik
15940,12175,28115,8277,19838,Goa,Sputnik
3676,18548,22224,17591,4633,Gujarat,Sputnik
2165,11128,13293,13053,240,Haryana,Sputnik
25236,7745,32981,32808,173,Himachal Pradesh,Sputnik
30554,6139,36693,12556,24137,Jammu and Kashmir,Sputnik
14752,6314,21066,7534,13532,Jharkhand,Sputnik
25891,46531,72422,57342,15080,Karnataka,Sputnik
23273,31132,54405,42288,12117,Kerala,Sputnik
2878,24819,27697,18644,9053,Ladakh,Sputnik
2572,29699,32271,26485,5786,Lakshadweep,Sputnik
17686,19146,36832,26748,10084,Madhya Pradesh,Sputnik
38273,3030,41303,13528,27775,Maharashtra,Sputnik
12284,16411,28695,12638,16057,Manipur,Sputnik
23511,27178,50689,7093,43596,Meghalaya,Sputnik
31015,46505,77520,9276,68244,Mizoram,Sputnik
8052,7078,15130,8031,7099,Nagaland,Sputnik
43868,38823,82691,51284,31407,Odisha,Sputnik
35883,5481,41364,35749,5615,Puducherry,Sputnik
11132,30362,41494,25356,16138,Punjab,Sputnik
29980,32899,62879,59496,3383,Rajasthan,Sputnik
9874,43349,53223,17040,36183,Sikkim,Sputnik
27202,43300,70502,44782,25720,Tamil Nadu,Sputnik
46674,38595,85269,10940,74329,Telangana,Sputnik
7324,21533,28857,24230,4627,Tripura,Sputnik
39892,19376,59268,34282,24986,Uttarakhand,Sputnik
2184,45860,48044,31072,16972,Uttar Pradesh,Sputnik
14864,49444,64308,48913,15395,West Bengal,Sputnik
45344,4698,50042,6130,43912,Andhra Pradesh,Sputnik
42819,41091,83910,46621,37289,Andaman and Nicobar Islands,Sputnik
19620,23553,43173,26128,17045,Arunachal Pradesh,Sputnik
40128,20738,60866,40471,20395,Assam,Sputnik
48997,17404,66401,11679,54722,Bihar,Sputnik
46191,32228,78419,26540,51879,Chandigarh,Sputnik
39518,21344,60862,10689,50173,Chhattisgarh,Sputnik
25999,3793,29792,10361,19431,Dadra and Nagar Haveli,Sputnik
3197,44314,47511,36048,11463,Delhi,Sputnik
32962,8543,41505,41463,42,Goa,Sputnik
17748,16440,34188,10204,23984,Gujarat,Sputnik
6969,26728,33697,33546,151,Haryana,Sputnik
41861,30512,72373,20096,52277,Himachal Pradesh,Sputnik
29882,2429,32311,14695,17616,Jammu and Kashmir,Sputnik
27479,39560,67039,39727,27312,Jharkhand,Sputnik
30159,8004,38163,23779,14384,Karnataka,Sputnik
36877,32929,69806,9372,60434,Kerala,Sputnik
29257,3924,33181,10309,22872,Lakshadweep,Sputnik
49445,31079,80524,33428,47096,Ladakh,Sputnik
21470,49294,70764,35687,35077,Madhya Pradesh,Sputnik
23730,41081,64811,17474,47337,Maharashtra,Sputnik
17765,39939,57704,40054,17650,Manipur,Sputnik
35645,41536,77181,20072,57109,Meghalaya,Sputnik
22892,11024,33916,21958,11958,Mizoram,Sputnik
35322,9031,44353,41511,2842,Nagaland,Sputnik
49940,4332,54272,50991,3281,Odisha,Sputnik
38778,43617,82395,9274,73121,Puducherry,Sputnik
32103,18204,50307,19749,30558,Punjab,Sputnik
21931,23478,45409,17596,27813,Rajasthan,Sputnik
9402,23505,32907,18603,14304,Sikkim,Sputnik
31683,34678,66361,29923,36438,Tamil Nadu,Sputnik
46411,27510,73921,19083,54838,Telangana,Sputnik
33431,30252,63683,9695,53988,Tripura,Sputnik
10980,2563,13543,11254,2289,Uttarakhand,Sputnik
42009,20933,62942,39862,23080,Uttar Pradesh,Sputnik
29251,3504,32755,23422,9333,West Bengal,Sputnik
16939,35849,52788,36171,16617,Andhra Pradesh,Sputnik
33829,30687,64516,6814,57702,Andaman and Nicobar Islands,Sputnik
5513,42791,48304,24816,23488,Arunachal Pradesh,Sputnik
28256,25080,53336,6012,47324,Assam,Sputnik
22732,38995,61727,46454,15273,Bihar,Sputnik
43030,20095,63125,36429,26696,Chandigarh,Sputnik
23663,30237,53900,19362,34538,Chhattisgarh,Sputnik
26300,20274,46574,14688,31886,Dadra and Nagar Haveli,Sputnik
22815,42513,65328,7864,57464,Delhi,Sputnik
32941,49737,82678,62246,20432,Goa,Sputnik
15161,4236,19397,12264,7133,Gujarat,Sputnik
22103,42356,64459,59750,4709,Haryana,Sputnik
47686,21428,69114,11037,58077,Himachal Pradesh,Sputnik
10966,4271,15237,15191,46,Jammu and Kashmir,Sputnik
28099,39875,67974,25481,42493,Jharkhand,Sputnik
37668,36300,73968,46184,27784,Karnataka,Sputnik
22641,14472,37113,19661,17452,Kerala,Sputnik
40835,38818,79653,39520,40133,Lakshadweep,Sputnik
6123,34858,40981,15927,25054,Ladakh,Sputnik
38954,42061,81015,69050,11965,Madhya Pradesh,Sputnik
8606,44807,53413,32334,21079,Maharashtra,Sputnik
17057,13623,30680,10513,20167,Manipur,Sputnik
19778,10650,30428,11549,18879,Meghalaya,Sputnik
6026,16735,22761,17770,4991,Mizoram,Sputnik
22707,12005,34712,6892,27820,Nagaland,Sputnik
45119,25877,70996,61652,9344,Odisha,Sputnik
43534,6394,49928,8855,41073,Puducherry,Sputnik
47739,15528,63267,8428,54839,Punjab,Sputnik
29218,15772,44990,16000,28990,Rajasthan,Sputnik
40246,9472,49718,48125,1593,Sikkim,Sputnik
35930,38749,74679,10065,64614,Tamil Nadu,Sputnik
4739,30642,35381,7965,27416,Telangana,Sputnik
12353,28835,41188,13008,28180,Tripura,Sputnik
34778,37218,71996,25037,46959,Uttarakhand,Sputnik
14905,16589,31494,16271,15223,Uttar Pradesh,Sputnik
21674,40838,62512,6915,55597,West Bengal,Sputnik
28222,47481,75703,56014,19689,Andaman and Nicobar Islands,Sputnik
17794,13485,31279,30354,925,Andhra Pradesh,Sputnik
8251,39808,48059,35774,12285,Arunachal Pradesh,Sputnik
27582,26055,53637,30177,23460,Assam,Sputnik
29990,23705,53695,18732,34963,Bihar,Sputnik
29970,48506,78476,62965,15511,Chandigarh,Sputnik
28766,19972,48738,10440,38298,Chhattisgarh,Sputnik
8577,37634,46211,24310,21901,Dadra and Nagar Haveli and Daman and Diu,Sputnik
19618,8195,27813,10600,17213,Delhi,Sputnik
10592,30984,41576,6886,34690,Goa,Sputnik
5497,42721,48218,7417,40801,Gujarat,Sputnik
26859,36971,63830,59697,4133,Haryana,Sputnik
18312,38828,57140,54612,2528,Himachal Pradesh,Sputnik
48082,32939,81021,11113,69908,Jammu and Kashmir,Sputnik
3378,31708,35086,27626,7460,Jharkhand,Sputnik
41243,37896,79139,68249,10890,Karnataka,Sputnik
27709,19278,46987,36855,10132,Kerala,Sputnik
18050,49271,67321,49064,18257,Ladakh,Sputnik
18929,9083,28012,23243,4769,Lakshadweep,Sputnik
31393,34631,66024,17838,48186,Madhya Pradesh,Sputnik
11014,16372,27386,27136,250,Maharashtra,Sputnik
32027,18973,51000,19011,31989,Manipur,Sputnik
41123,23935,65058,40399,24659,Meghalaya,Sputnik
8477,21142,29619,7372,22247,Mizoram,Sputnik
35626,18088,53714,19519,34195,Nagaland,Sputnik
32994,15467,48461,32418,16043,Odisha,Sputnik
45781,38138,83919,28344,55575,Puducherry,Sputnik
13234,18563,31797,27139,4658,Punjab,Sputnik
24034,38846,62880,5074,57806,Rajasthan,Sputnik
10769,4993,15762,11028,4734,Sikkim,Sputnik
17106,8679,25785,6122,19663,Tamil Nadu,Sputnik
43557,42678,86235,74698,11537,Telangana,Sputnik
46463,13960,60423,33222,27201,Tripura,Sputnik
24766,30663,55429,46531,8898,Uttarakhand,Sputnik
33715,17586,51301,5168,46133,Uttar Pradesh,Sputnik
30479,47513,77992,5571,72421,West Bengal,Sputnik
29687,44839,74526,58849,15677,Andaman and Nicobar Islands,Sputnik
42447,6935,49382,11160,38222,Andhra Pradesh,Sputnik
25371,28077,53448,16820,36628,Arunachal Pradesh,Sputnik
25555,32008,57563,15380,42183,Assam,Sputnik
31348,18168,49516,26747,22769,Bihar,Sputnik
19099,21229,40328,7649,32679,Chandigarh,Sputnik
26556,37041,63597,48197,15400,Chhattisgarh,Sputnik
44981,49354,94335,43325,51010,Dadra and Nagar Haveli and Daman and Diu,Sputnik
41876,16942,58818,17177,41641,Delhi,Sputnik
10409,42217,52626,50723,1903,Goa,Sputnik
26718,2597,29315,7604,21711,Gujarat,Sputnik
8874,49776,58650,26570,32080,Haryana,Sputnik
7544,31544,39088,17727,21361,Himachal Pradesh,Sputnik
31575,30479,62054,26436,35618,Jammu and Kashmir,Sputnik
23239,2853,26092,23558,2534,Jharkhand,Sputnik
9946,29799,39745,5049,34696,Karnataka,Sputnik
36437,2975,39412,24706,14706,Kerala,Sputnik
17125,21807,38932,6450,32482,Ladakh,Sputnik
47277,40030,87307,38134,49173,Lakshadweep,Sputnik
13101,2796,15897,7364,8533,Madhya Pradesh,Sputnik
36569,9514,46083,13235,32848,Maharashtra,Sputnik
38583,9821,48404,22164,26240,Manipur,Sputnik
20943,9290,30233,18965,11268,Meghalaya,Sputnik
28849,39130,67979,63036,4943,Mizoram,Sputnik
10005,10865,20870,8083,12787,Nagaland,Sputnik
39344,11583,50927,44648,6279,Odisha,Sputnik
37742,23808,61550,40911,20639,Puducherry,Sputnik
34238,2987,37225,19075,18150,Punjab,Sputnik
37498,33005,70503,67187,3316,Rajasthan,Sputnik
29066,36844,65910,49733,16177,Sikkim,Sputnik
42551,30070,72621,24127,48494,Tamil Nadu,Sputnik
5499,17402,22901,19143,3758,Telangana,Sputnik
28215,10888,39103,7942,31161,Tripura,Sputnik
14972,10295,25267,16827,8440,Uttarakhand,Sputnik
19383,4690,24073,16347,7726,Uttar Pradesh,Sputnik
10764,35523,46287,37479,8808,West Bengal,Sputnik
11588,15193,26781,12685,14096,Andaman and Nicobar Islands,Sputnik
47041,32018,79059,10792,68267,Andhra Pradesh,Sputnik
44948,26171,71119,20025,51094,Arunachal Pradesh,Sputnik
29673,22926,52599,44067,8532,Assam,Sputnik
7126,22645,29771,23301,6470,Bihar,Sputnik
28301,16126,44427,17737,26690,Chandigarh,Sputnik
3503,13314,16817,14474,2343,Chhattisgarh,Sputnik
36528,38209,74737,27831,46906,Dadra and Nagar Haveli and Daman and Diu,Sputnik
1635,9194,10829,10198,631,Delhi,Sputnik
41564,43786,85350,24535,60815,Goa,Sputnik
48088,44942,93030,27220,65810,Gujarat,Sputnik
15546,19305,34851,13328,21523,Haryana,Sputnik
43115,49505,92620,25513,67107,Himachal Pradesh,Sputnik
2788,36387,39175,37526,1649,Jammu and Kashmir,Sputnik
6032,32260,38292,28751,9541,Jharkhand,Sputnik
46377,38702,85079,60509,24570,Karnataka,Sputnik
44954,37873,82827,75818,7009,Kerala,Sputnik
18223,32689,50912,33924,16988,Ladakh,Sputnik
15931,3896,19827,11191,8636,Lakshadweep,Sputnik
27644,24994,52638,18906,33732,Madhya Pradesh,Sputnik
8451,20203,28654,12381,16273,Maharashtra,Sputnik
48383,38035,86418,25000,61418,Manipur,Sputnik
11236,19739,30975,24188,6787,Meghalaya,Sputnik
32753,19065,51818,40890,10928,Mizoram,Sputnik
47469,19827,67296,29842,37454,Nagaland,Sputnik
13762,10035,23797,5872,17925,Odisha,Sputnik
6135,35499,41634,31703,9931,Puducherry,Sputnik
33942,1530,35472,18701,16771,Punjab,Sputnik
4645,27018,31663,19915,11748,Rajasthan,Sputnik
29722,17050,46772,46568,204,Sikkim,Sputnik
17997,21686,39683,37459,2224,Tamil Nadu,Sputnik
29071,7597,36668,6354,30314,Telangana,Sputnik
35750,14233,49983,8801,41182,Tripura,Sputnik
39896,12406,52302,31663,20639,Uttarakhand,Sputnik
24913,49892,74805,73795,1010,Uttar Pradesh,Sputnik
32890,3161,36051,32489,3562,West Bengal,Sputnik
2373,37238,39611,25426,14185,Andaman and Nicobar Islands,Sputnik
14235,47792,62027,29115,32912,Andhra Pradesh,Sputnik
7003,5633,12636,7287,5349,Arunachal Pradesh,Sputnik
1896,39950,41846,41251,595,Assam,Sputnik
37882,22460,60342,12938,47404,Bihar,Sputnik
2066,41084,43150,35175,7975,Chandigarh,Sputnik
24014,45479,69493,55626,13867,Chhattisgarh,Sputnik
15559,28899,44458,25055,19403,Dadra and Nagar Haveli and Daman and Diu,Sputnik
34932,16109,51041,18888,32153,Delhi,Sputnik
44301,9871,54172,21171,33001,Goa,Sputnik
15981,14737,30718,6480,24238,Gujarat,Sputnik
3489,16581,20070,14387,5683,Haryana,Sputnik
20680,27862,48542,36173,12369,Himachal Pradesh,Sputnik
45151,37859,83010,38818,44192,Jammu and Kashmir,Sputnik
4449,34148,38597,38169,428,Jharkhand,Sputnik
22072,42256,64328,21012,43316,Karnataka,Sputnik
32277,13422,45699,23938,21761,Kerala,Sputnik
30590,28356,58946,41315,17631,Ladakh,Sputnik
24924,10718,35642,17781,17861,Lakshadweep,Sputnik
4593,9881,14474,14362,112,Madhya Pradesh,Sputnik
14297,45826,60123,48011,12112,Maharashtra,Sputnik
8357,6809,15166,10479,4687,Manipur,Sputnik
12688,4413,17101,11273,5828,Meghalaya,Sputnik
31761,13953,45714,8491,37223,Mizoram,Sputnik
14210,6496,20706,10060,10646,Nagaland,Sputnik
28462,14641,43103,11164,31939,Odisha,Sputnik
36453,24630,61083,31459,29624,Puducherry,Sputnik
37440,30257,67697,43099,24598,Punjab,Sputnik
12885,10221,23106,11800,11306,Rajasthan,Sputnik
20490,14175,34665,7441,27224,Sikkim,Sputnik
29872,43039,72911,45705,27206,Tamil Nadu,Sputnik
3409,14062,17471,15465,2006,Telangana,Sputnik
11907,32586,44493,32419,12074,Tripura,Sputnik
49122,17450,66572,15718,50854,Uttarakhand,Sputnik
39284,37822,77106,37719,39387,Uttar Pradesh,Sputnik
43435,10011,53446,37751,15695,West Bengal,Sputnik
48121,34761,82882,11173,71709,Andaman and Nicobar Islands,Sputnik
3962,32760,36722,15175,21547,Andhra Pradesh,Sputnik
13384,47851,61235,6406,54829,Arunachal Pradesh,Sputnik
13030,20589,33619,14644,18975,Assam,Sputnik
18472,48869,67341,17350,49991,Bihar****,Sputnik
11897,33921,45818,40676,5142,Chandigarh,Sputnik
26163,42514,68677,20998,47679,Chhattisgarh,Sputnik
6270,3012,9282,5815,3467,Dadra and Nagar Haveli and Daman and Diu,Sputnik
13527,29927,43454,39091,4363,Delhi,Sputnik
8085,22470,30555,19514,11041,Goa,Sputnik
33521,24388,57909,32925,24984,Gujarat,Sputnik
19063,41175,60238,18208,42030,Haryana,Sputnik
3734,21495,25229,8999,16230,Himachal Pradesh,Sputnik
4460,6898,11358,8640,2718,Jammu and Kashmir,Sputnik
6848,22451,29299,16267,13032,Jharkhand,Sputnik
7622,7203,14825,14116,709,Karnataka,Sputnik
44940,26941,71881,58565,13316,Kerala,Sputnik
20634,46286,66920,5885,61035,Ladakh,Sputnik
40000,16456,56456,14085,42371,Lakshadweep,Sputnik
17157,33927,51084,34586,16498,Madhya Pradesh,Sputnik
18971,36004,54975,42046,12929,Maharashtra,Sputnik
4739,17414,22153,7544,14609,Manipur,Sputnik
4115,30066,34181,7291,26890,Meghalaya,Sputnik
11687,10663,22350,19229,3121,Mizoram,Sputnik
4727,33591,38318,22938,15380,Nagaland,Sputnik
17768,16814,34582,19449,15133,Odisha,Sputnik
32757,43783,76540,18978,57562,Puducherry,Sputnik
27816,14620,42436,14277,28159,Punjab,Sputnik
13610,33433,47043,22789,24254,Rajasthan,Sputnik
27527,2224,29751,22008,7743,Sikkim,Sputnik
4175,20756,24931,7564,17367,Tamil Nadu,Sputnik
39314,10715,50029,10835,39194,Telangana,Sputnik
7589,12663,20252,15245,5007,Tripura,Sputnik
41144,41574,82718,56583,26135,Uttarakhand,Sputnik
6893,8827,15720,9609,6111,Uttar Pradesh,Sputnik
19940,25021,44961,40799,4162,West Bengal,Sputnik
35548,31832,67380,22201,45179,Andaman and Nicobar Islands,Sputnik
31745,26059,57804,50527,7277,Andhra Pradesh,Sputnik
33312,19937,53249,6515,46734,Arunachal Pradesh,Sputnik
42363,9777,52140,29893,22247,Assam,Sputnik
17286,45029,62315,43983,18332,Bihar****,Sputnik
42268,12694,54962,22919,32043,Chandigarh,Sputnik
1879,24008,25887,5178,20709,Chhattisgarh,Sputnik
26727,25886,52613,46537,6076,Dadra and Nagar Haveli and Daman and Diu,Sputnik
39591,1945,41536,35571,5965,Delhi,Sputnik
29603,6927,36530,22144,14386,Goa,Sputnik
44415,12559,56974,11590,45384,Gujarat,Sputnik
12675,27157,39832,28621,11211,Haryana,Sputnik
2107,25502,27609,11238,16371,Himachal Pradesh,Sputnik
14818,4484,19302,5787,13515,Jammu and Kashmir,Sputnik
36869,2207,39076,26337,12739,Jharkhand,Sputnik
22615,38776,61391,21654,39737,Karnataka,Sputnik
6520,25078,31598,29494,2104,Kerala,Sputnik
39377,27015,66392,13807,52585,Ladakh,Sputnik
14585,48605,63190,32369,30821,Lakshadweep,Sputnik
3563,37837,41400,13658,27742,Madhya Pradesh,Sputnik
48106,23138,71244,16490,54754,Maharashtra,Sputnik
23798,38640,62438,31355,31083,Manipur,Sputnik
45755,26180,71935,36367,35568,Meghalaya,Sputnik
25713,40380,66093,17184,48909,Mizoram,Sputnik
49238,29047,78285,43375,34910,Nagaland,Sputnik
43138,48756,91894,62491,29403,Odisha,Sputnik
12213,47997,60210,50616,9594,Puducherry,Sputnik
26336,49945,76281,64996,11285,Punjab,Sputnik
35014,9633,44647,21091,23556,Rajasthan,Sputnik
11658,22374,34032,32007,2025,Sikkim,Sputnik
22134,13562,35696,11405,24291,Tamil Nadu,Sputnik
26294,25672,51966,29635,22331,Telangana,Sputnik
36393,22939,59332,9651,49681,Tripura,Sputnik
35045,41163,76208,44492,31716,Uttarakhand,Sputnik
12385,40269,52654,5212,47442,Uttar Pradesh,Sputnik
39869,4890,44759,15533,29226,West Bengal,Sputnik
30424,47335,77759,41515,36244,Andaman and Nicobar Islands,Sputnik
33871,31802,65673,7777,57896,Andhra Pradesh,Sputnik
27948,30679,58627,19755,38872,Arunachal Pradesh,Sputnik
41673,22148,63821,54291,9530,Assam,Sputnik
2685,43663,46348,10133,36215,Bihar,Sputnik
7379,3102,10481,5960,4521,Chandigarh,Sputnik
25673,31925,57598,56088,1510,Chhattisgarh,Sputnik
47777,15031,62808,27272,35536,Dadra and Nagar Haveli and Daman and Diu,Sputnik
33263,13754,47017,14463,32554,Delhi,Sputnik
45683,8739,54422,34229,20193,Goa,Sputnik
30994,6338,37332,10568,26764,Gujarat,Sputnik
45614,14119,59733,34605,25128,Haryana,Sputnik
46445,2924,49369,42619,6750,Himachal Pradesh,Sputnik
28167,22231,50398,36092,14306,Jammu and Kashmir,Sputnik
11212,9919,21131,15068,6063,Jharkhand,Sputnik
39228,40247,79475,7353,72122,Karnataka,Sputnik
21424,31173,52597,48906,3691,Kerala,Sputnik
16272,18433,34705,26837,7868,Ladakh,Sputnik
28466,27218,55684,22710,32974,Lakshadweep,Sputnik
24804,22682,47486,36154,11332,Madhya Pradesh,Sputnik
10141,25154,35295,31835,3460,Maharashtra,Sputnik
19515,23213,42728,21056,21672,Manipur,Sputnik
45152,3639,48791,30857,17934,Meghalaya,Sputnik
23738,21191,44929,25121,19808,Mizoram,Sputnik
36868,5945,42813,5332,37481,Nagaland,Sputnik
34344,40978,75322,50445,24877,Odisha,Sputnik
29656,43951,73607,27443,46164,Puducherry,Sputnik
31267,13940,45207,40857,4350,Punjab,Sputnik
19814,7483,27297,6591,20706,Rajasthan,Sputnik
1903,38818,40721,25138,15583,Sikkim,Sputnik
43035,49680,92715,17745,74970,Tamil Nadu,Sputnik
6774,25480,32254,30082,2172,Telangana,Sputnik
18821,3810,22631,21928,703,Tripura,Sputnik
5513,21531,27044,23207,3837,Uttarakhand,Sputnik
48107,10987,59094,54703,4391,Uttar Pradesh,Sputnik
31653,20360,52013,34914,17099,West Bengal,Sputnik
16773,8711,25484,7688,17796,Andaman and Nicobar Islands,Sputnik
18813,45954,64767,7082,57685,Andhra Pradesh,Sputnik
43176,7693,50869,43987,6882,Arunachal Pradesh,Sputnik
39906,4475,44381,25923,18458,Assam,Sputnik
18937,43401,62338,18090,44248,Bihar,Sputnik
48553,47299,95852,92890,2962,Chandigarh,Sputnik
28672,26137,54809,20682,34127,Chhattisgarh,Sputnik
44040,21930,65970,25950,40020,Dadra and Nagar Haveli and Daman and Diu,Sputnik
29620,34521,64141,25804,38337,Delhi,Sputnik
34686,7891,42577,5243,37334,Goa,Sputnik
10657,1536,12193,9885,2308,Gujarat,Sputnik
14094,4843,18937,15523,3414,Haryana,Sputnik
7833,4495,12328,6923,5405,Himachal Pradesh,Sputnik
2404,1959,4363,#NUM!,#NUM!,Jammu and Kashmir,Sputnik
42961,47364,90325,70638,19687,Jharkhand,Sputnik
27934,16145,44079,16416,27663,Karnataka,Sputnik
38777,11155,49932,15661,34271,Kerala,Sputnik
46686,34261,80947,48539,32408,Ladakh,Sputnik
19783,27163,46946,5946,41000,Lakshadweep,Sputnik
40399,32941,73340,61336,12004,Madhya Pradesh,Sputnik
31637,29490,61127,12827,48300,Maharashtra,Sputnik
22507,10789,33296,13506,19790,Manipur,Sputnik
4273,8906,13179,8061,5118,Meghalaya,Sputnik
43064,28492,71556,32909,38647,Mizoram,Sputnik
20791,44149,64940,20423,44517,Nagaland,Sputnik
30111,14541,44652,40870,3782,Odisha,Sputnik
29597,17326,46923,8790,38133,Puducherry,Sputnik
17111,22122,39233,16562,22671,Punjab,Sputnik
32794,36531,69325,68276,1049,Rajasthan,Sputnik
2470,15797,18267,6892,11375,Sikkim,Sputnik
32596,9660,42256,10602,31654,Tamil Nadu,Sputnik
47842,9741,57583,47360,10223,Telangana,Sputnik
18203,37614,55817,36285,19532,Tripura,Sputnik
13096,47858,60954,5167,55787,Uttarakhand,Sputnik
33819,3877,37696,9285,28411,Uttar Pradesh,Sputnik
7609,29225,36834,10860,25974,West Bengal,Sputnik
14108,16228,30336,16305,14031,Andaman and Nicobar Islands,Sputnik
49818,42129,91947,45552,46395,Andhra Pradesh,Sputnik
44133,17179,61312,25038,36274,Arunachal Pradesh,Sputnik
5205,19931,25136,12787,12349,Assam,Sputnik
47127,49869,96996,73970,23026,Bihar,Sputnik
12490,3295,15785,10138,5647,Chandigarh,Sputnik
25451,18875,44326,24089,20237,Chhattisgarh,Sputnik
13089,40262,53351,48406,4945,Dadra and Nagar Haveli and Daman and Diu,Sputnik
38683,24422,63105,34289,28816,Delhi,Sputnik
37461,27774,65235,50305,14930,Goa,Sputnik
27986,31121,59107,20679,38428,Gujarat,Sputnik
41080,39388,80468,34141,46327,Haryana,Sputnik
47537,25674,73211,50577,22634,Himachal Pradesh,Sputnik
15372,27578,42950,24392,18558,Jammu and Kashmir,Sputnik
28210,12819,41029,13834,27195,Jharkhand,Sputnik
22544,2260,24804,5669,19135,Karnataka,Sputnik
29226,32042,61268,60743,525,Kerala,Sputnik
43525,46266,89791,19172,70619,Ladakh,Sputnik
28322,41126,69448,55888,13560,Lakshadweep,Sputnik
47738,40998,88736,63580,25156,Madhya Pradesh,Sputnik
28363,13321,41684,26523,15161,Maharashtra,Sputnik
34326,43367,77693,76656,1037,Manipur,Sputnik
37119,45527,82646,47198,35448,Meghalaya,Sputnik
13127,49465,62592,15649,46943,Mizoram,Sputnik
4327,30899,35226,16468,18758,Nagaland,Sputnik
43889,13863,57752,16532,41220,Odisha,Sputnik
42564,27377,69941,57951,11990,Puducherry,Sputnik
33464,46816,80280,17823,62457,Punjab,Sputnik
44736,41907,86643,56404,30239,Rajasthan,Sputnik
23228,19150,42378,22384,19994,Sikkim,Sputnik
40396,6090,46486,40033,6453,Tamil Nadu,Sputnik
34761,32967,67728,60542,7186,Telangana,Sputnik
14092,40581,54673,26027,28646,Tripura,Sputnik
19518,31747,51265,21991,29274,Uttarakhand,Sputnik
44644,31850,76494,38606,37888,Uttar Pradesh,Sputnik
29177,25291,54468,53878,590,West Bengal,Sputnik
20862,47875,68737,59432,9305,Andaman and Nicobar Islands,Sputnik
12714,12718,25432,12280,13152,Andhra Pradesh,Sputnik
15736,6307,22043,10301,11742,Arunachal Pradesh,Sputnik
25017,21225,46242,8420,37822,Assam,Sputnik
26140,28485,54625,9692,44933,Bihar,Sputnik
38846,10459,49305,44195,5110,Chandigarh,Sputnik
16118,3800,19918,12340,7578,Chhattisgarh,Sputnik
37606,5506,43112,16210,26902,Dadra and Nagar Haveli and Daman and Diu,Sputnik
4125,34037,38162,18483,19679,Delhi,Sputnik
49034,28410,77444,13388,64056,Goa,Sputnik
44689,48239,92928,24942,67986,Gujarat,Sputnik
43668,32273,75941,50288,25653,Haryana,Sputnik
9998,7026,17024,12304,4720,Himachal Pradesh,Sputnik
26419,11369,37788,20854,16934,Jammu and Kashmir,Sputnik
19469,28052,47521,18630,28891,Jharkhand,Sputnik
24776,43967,68743,25370,43373,Karnataka,Sputnik
45950,9106,55056,53222,1834,Kerala,Sputnik
23376,7100,30476,8732,21744,Ladakh,Sputnik
40356,14520,54876,34252,20624,Lakshadweep,Sputnik
40921,7785,48706,37349,11357,Madhya Pradesh,Sputnik
42372,44165,86537,75225,11312,Maharashtra,Sputnik
24534,26661,51195,16019,35176,Manipur,Sputnik
1820,5312,7132,6153,979,Meghalaya,Sputnik
16170,23558,39728,34927,4801,Mizoram,Sputnik
18145,31104,49249,31459,17790,Nagaland,Sputnik
28598,46036,74634,54400,20234,Odisha,Sputnik
2978,37414,40392,25225,15167,Puducherry,Sputnik
13679,34699,48378,19957,28421,Punjab,Sputnik
24486,27305,51791,48780,3011,Rajasthan,Sputnik
48137,9093,57230,27188,30042,Sikkim,Sputnik
14672,12638,27310,15147,12163,Tamil Nadu,Sputnik
15527,46894,62421,45617,16804,Telangana,Sputnik
46199,3165,49364,42689,6675,Tripura,Sputnik
42086,5288,47374,10709,36665,Uttarakhand,Sputnik
19813,22952,42765,20396,22369,Uttar Pradesh,Sputnik
34598,49328,83926,60270,23656,West Bengal,Sputnik
9737,2376,12113,7179,4934,Andaman and Nicobar Islands,Sputnik
22324,8784,31108,19892,11216,Andhra Pradesh,Sputnik
2851,6665,9516,9457,59,Arunachal Pradesh,Sputnik
31706,10952,42658,27504,15154,Assam,Sputnik
46109,9741,55850,35661,20189,Bihar,Sputnik
11248,9283,20531,9951,10580,Chandigarh,Sputnik
39971,22555,62526,52397,10129,Chhattisgarh,Sputnik
25080,2923,28003,10949,17054,Dadra and Nagar Haveli and Daman and Diu,Sputnik
7028,41510,48538,16963,31575,Delhi,Sputnik
12523,34250,46773,9721,37052,Goa,Sputnik
27138,9042,36180,26893,9287,Gujarat,Sputnik
19065,40669,59734,8365,51369,Haryana,Sputnik
32630,31720,64350,62489,1861,Himachal Pradesh,Sputnik
39413,46269,85682,6563,79119,Jammu and Kashmir,Sputnik
7585,45521,53106,24695,28411,Jharkhand,Sputnik
35997,46146,82143,69831,12312,Karnataka,Sputnik
34897,28402,63299,50852,12447,Kerala,Sputnik
33116,46980,80096,8604,71492,Ladakh,Sputnik
8485,25715,34200,19870,14330,Lakshadweep,Sputnik
5756,8689,14445,5531,8914,Madhya Pradesh,Sputnik
4081,5589,9670,8783,887,Maharashtra,Sputnik
35730,48665,84395,10802,73593,Manipur,Sputnik
38230,12681,50911,37261,13650,Meghalaya,Sputnik
9506,35035,44541,38596,5945,Mizoram,Sputnik
21506,25606,47112,33070,14042,Nagaland,Sputnik
38470,10189,48659,16047,32612,Odisha,Sputnik
24308,32933,57241,49735,7506,Puducherry,Sputnik
30158,1896,32054,11396,20658,Punjab,Sputnik
44723,41732,86455,22129,64326,Rajasthan,Sputnik
12203,3839,16042,11572,4470,Sikkim,Sputnik
36900,43993,80893,42240,38653,Tamil Nadu,Sputnik
25497,19794,45291,17600,27691,Telangana,Sputnik
5427,16736,22163,10977,11186,Tripura,Sputnik
6363,15504,21867,21682,185,Uttarakhand,Sputnik
7494,12238,19732,6862,12870,Uttar Pradesh,Sputnik
9094,23087,32181,25837,6344,West Bengal,Sputnik
48377,13252,61629,20888,40741,Andaman and Nicobar Islands,Sputnik
30976,16377,47353,29453,17900,Andhra Pradesh,Sputnik
6695,42607,49302,17228,32074,Arunachal Pradesh,Sputnik
20789,34333,55122,9137,45985,Assam,Sputnik
15450,31855,47305,10226,37079,Bihar,Sputnik
36819,21732,58551,32783,25768,Chandigarh,Sputnik
46634,10298,56932,31203,25729,Chhattisgarh,Sputnik
30856,29982,60838,27394,33444,Dadra and Nagar Haveli and Daman and Diu,Sputnik
40061,31300,71361,68875,2486,Delhi,Sputnik
45022,19704,64726,36567,28159,Goa,Sputnik
21779,25759,47538,34943,12595,Gujarat,Sputnik
35675,46600,82275,80198,2077,Haryana,Sputnik
18297,9553,27850,8510,19340,Himachal Pradesh,Sputnik
13125,25946,39071,7794,31277,Jammu and Kashmir,Sputnik
28888,44526,73414,34399,39015,Jharkhand,Sputnik
30517,25904,56421,34747,21674,Karnataka,Sputnik
24624,4881,29505,13783,15722,Kerala,Sputnik
33026,27606,60632,23324,37308,Ladakh,Sputnik
30933,21759,52692,23214,29478,Lakshadweep,Sputnik
2235,11008,13243,5745,7498,Madhya Pradesh,Sputnik
47242,9451,56693,18728,37965,Maharashtra,Sputnik
3826,47860,51686,23066,28620,Manipur,Sputnik
40373,8569,48942,33183,15759,Meghalaya,Sputnik
16981,11857,28838,11383,17455,Mizoram,Sputnik
7654,41965,49619,30718,18901,Nagaland,Sputnik
18077,15957,34034,8771,25263,Odisha,Sputnik
1770,5539,7309,6013,1296,Puducherry,Sputnik
23109,27972,51081,41552,9529,Punjab,Sputnik
8918,27430,36348,35791,557,Rajasthan,Sputnik
3468,2588,6056,5788,268,Sikkim,Sputnik
39254,4496,43750,20920,22830,Tamil Nadu,Sputnik
49318,44039,93357,87552,5805,Telangana,Sputnik
17311,17467,34778,9980,24798,Tripura,Sputnik
24765,36216,60981,41018,19963,Uttarakhand,Sputnik
27185,19713,46898,35005,11893,Uttar Pradesh,Sputnik
48473,17635,66108,29261,36847,West Bengal,Sputnik
28412,41237,69649,64629,5020,Andaman and Nicobar Islands,Sputnik
49733,24875,74608,74583,25,Andhra Pradesh,Sputnik
9334,32974,42308,33953,8355,Arunachal Pradesh,Sputnik
35034,40045,75079,42856,32223,Assam,Sputnik
17696,16327,34023,25617,8406,Bihar,Sputnik
1800,32262,34062,10014,24048,Chandigarh,Sputnik
24347,20982,45329,12906,32423,Chhattisgarh,Sputnik
35723,2926,38649,25972,12677,Dadra and Nagar Haveli and Daman and Diu,Sputnik
37075,47914,84989,32465,52524,Delhi,Sputnik
37507,3558,41065,13016,28049,Goa,Sputnik
33012,48507,81519,29474,52045,Gujarat,Sputnik
17429,19224,36653,5925,30728,Haryana,Sputnik
30117,24432,54549,52560,1989,Himachal Pradesh,Sputnik
32875,19786,52661,36819,15842,Jammu and Kashmir,Sputnik
44301,41394,85695,44653,41042,Jharkhand,Sputnik
32233,7593,39826,21186,18640,Karnataka,Sputnik
2978,39765,42743,40727,2016,Kerala,Sputnik
12281,15953,28234,8787,19447,Ladakh,Sputnik
33954,28749,62703,40911,21792,Lakshadweep,Sputnik
38176,47026,85202,37075,48127,Madhya Pradesh,Sputnik
18444,46216,64660,16598,48062,Maharashtra,Sputnik
20919,36277,57196,32349,24847,Manipur,Sputnik
4714,33279,37993,14247,23746,Meghalaya,Sputnik
12306,7558,19864,19049,815,Mizoram,Sputnik
47362,43772,91134,45783,45351,Nagaland,Sputnik
14425,33493,47918,15362,32556,Odisha,Sputnik
32439,24716,57155,19103,38052,Puducherry,Sputnik
45611,44524,90135,11252,78883,Punjab,Sputnik
25533,47367,72900,37986,34914,Rajasthan,Sputnik
19841,28343,48184,29261,18923,Sikkim,Sputnik
34949,32523,67472,35369,32103,Tamil Nadu,Sputnik
42096,13730,55826,11886,43940,Telangana,Sputnik
38701,17053,55754,12344,43410,Tripura,Sputnik
40209,24116,64325,53446,10879,Uttarakhand,Sputnik
26718,31348,58066,22595,35471,Uttar Pradesh,Sputnik
2155,44452,46607,11056,35551,West Bengal,Sputnik
46203,7081,53284,36146,17138,Andaman and Nicobar Islands,Sputnik
11452,13039,24491,6229,18262,Andhra Pradesh,Sputnik
19833,18672,38505,9351,29154,Arunachal Pradesh,Sputnik
16221,38079,54300,32040,22260,Assam,Sputnik
33953,11245,45198,15292,29906,Bihar,Sputnik
12452,40432,52884,28422,24462,Chandigarh,Sputnik
45993,25767,71760,46009,25751,Chhattisgarh,Sputnik
34662,26144,60806,11933,48873,Dadra and Nagar Haveli and Daman and Diu,Sputnik
35928,48144,84072,26206,57866,Delhi,Sputnik
26122,17621,43743,29720,14023,Goa,Sputnik
34659,23067,57726,23975,33751,Gujarat,Sputnik
11359,14586,25945,16971,8974,Haryana,Sputnik
30549,31904,62453,59441,3012,Himachal Pradesh,Sputnik
23069,15165,38234,25826,12408,Jammu and Kashmir,Sputnik
37721,29761,67482,10166,57316,Jharkhand,Sputnik
8909,12815,21724,6527,15197,Karnataka,Sputnik
13619,7063,20682,20330,352,Kerala,Sputnik
16562,41051,57613,38590,19023,Ladakh,Sputnik
6210,19282,25492,25387,105,Lakshadweep,Sputnik
41208,13324,54532,26320,28212,Madhya Pradesh,Sputnik
23674,17877,41551,12051,29500,Maharashtra,Sputnik
5106,3609,8715,7312,1403,Manipur,Sputnik
17183,41821,59004,8281,50723,Meghalaya,Sputnik
23476,15634,39110,18621,20489,Mizoram,Sputnik
44891,14691,59582,26682,32900,Nagaland,Sputnik
6392,45920,52312,27023,25289,Odisha,Sputnik
17133,2207,19340,13064,6276,Puducherry,Sputnik
14606,19132,33738,31795,1943,Punjab,Sputnik
37454,23184,60638,15289,45349,Rajasthan,Sputnik
40258,24471,64729,47026,17703,Sikkim,Sputnik
27193,24884,52077,25519,26558,Tamil Nadu,Sputnik
34486,5495,39981,15817,24164,Telangana,Sputnik
24946,40447,65393,59603,5790,Tripura,Sputnik
30372,41969,72341,32048,40293,Uttarakhand,Sputnik
31125,48569,79694,73470,6224,Uttar Pradesh,Sputnik
47186,39887,87073,66440,20633,West Bengal,Sputnik
15716,43403,59119,37080,22039,Andaman and Nicobar Islands,Sputnik
46839,43663,90502,85355,5147,Andhra Pradesh,Sputnik
27872,35287,63159,23956,39203,Arunachal Pradesh,Sputnik
34347,5817,40164,9511,30653,Assam,Sputnik
14567,34167,48734,17126,31608,Bihar,Sputnik
21251,21624,42875,23515,19360,Chandigarh,Sputnik
35098,5195,40293,19837,20456,Chhattisgarh,Sputnik
47592,45436,93028,33606,59422,Dadra and Nagar Haveli and Daman and Diu,Sputnik
35873,48070,83943,37156,46787,Delhi,Sputnik
15977,25096,41073,40823,250,Goa,Sputnik
13455,6547,20002,8539,11463,Gujarat,Sputnik
28697,28548,57245,26936,30309,Haryana,Sputnik
18703,1995,20698,12630,8068,Himachal Pradesh,Sputnik
22152,2227,24379,21379,3000,Jammu and Kashmir,Sputnik
36901,22509,59410,9568,49842,Jharkhand,Sputnik
16929,11179,28108,6508,21600,Karnataka,Sputnik
6687,38262,44949,11683,33266,Kerala,Sputnik
25982,33225,59207,7189,52018,Ladakh,Sputnik
49358,24600,73958,64018,9940,Lakshadweep,Sputnik
25424,8548,33972,16700,17272,Madhya Pradesh,Sputnik
37350,48165,85515,19970,65545,Maharashtra,Sputnik
41731,10472,52203,51891,312,Manipur,Sputnik
15432,1581,17013,14378,2635,Meghalaya,Sputnik
49091,34085,83176,72757,10419,Mizoram,Sputnik
45591,48392,93983,83687,10296,Nagaland,Sputnik
22212,28119,50331,34712,15619,Odisha,Sputnik
13443,47415,60858,40554,20304,Puducherry,Sputnik
24516,47219,71735,30174,41561,Punjab,Sputnik
1619,37750,39369,19947,19422,Rajasthan,Sputnik
35747,8468,44215,39946,4269,Sikkim,Sputnik
29278,47810,77088,56731,20357,Tamil Nadu,Sputnik
23695,17299,40994,6480,34514,Telangana,Sputnik
44505,24610,69115,32760,36355,Tripura,Sputnik
8829,23985,32814,26556,6258,Uttarakhand,Sputnik
31202,14881,46083,5206,40877,Uttar Pradesh,Sputnik
37142,30068,67210,58247,8963,West Bengal,Sputnik
29467,30668,60135,57967,2168,Andaman and Nicobar Islands,Sputnik
47296,20703,67999,5675,62324,Andhra Pradesh,Sputnik
7516,14133,21649,11341,10308,Arunachal Pradesh,Sputnik
25213,11058,36271,23360,12911,Assam,Sputnik
17332,44083,61415,7835,53580,Bihar,Sputnik
9190,27342,36532,15453,21079,Chandigarh,Sputnik
38829,36808,75637,43644,31993,Chhattisgarh,Sputnik
13128,16224,29352,22332,7020,Dadra and Nagar Haveli and Daman and Diu,Sputnik
46057,40102,86159,30085,56074,Delhi,Sputnik
14199,45045,59244,48170,11074,Goa,Sputnik
11304,34766,46070,34871,11199,Gujarat,Sputnik
25091,22717,47808,39497,8311,Haryana,Sputnik
49046,20713,69759,15681,54078,Himachal Pradesh,Sputnik
37894,11590,49484,37452,12032,Jammu and Kashmir,Sputnik
17032,30296,47328,41474,5854,Jharkhand,Sputnik
31767,19754,51521,48229,3292,Karnataka,Sputnik
17966,15747,33713,13475,20238,Kerala,Sputnik
14804,27100,41904,40310,1594,Ladakh,Sputnik
4276,24258,28534,12007,16527,Lakshadweep,Sputnik
23372,21456,44828,42558,2270,Madhya Pradesh,Sputnik
38433,39109,77542,16866,60676,Maharashtra,Sputnik
30754,30774,61528,17848,43680,Manipur,Sputnik
18382,18391,36773,33366,3407,Meghalaya,Sputnik
32887,11003,43890,10575,33315,Mizoram,Sputnik
14102,37941,52043,48429,3614,Nagaland,Sputnik
41348,31350,72698,68818,3880,Odisha,Sputnik
36942,13123,50065,31953,18112,Puducherry,Sputnik
43867,25733,69600,48163,21437,Punjab,Sputnik
37167,36773,73940,69784,4156,Rajasthan,Sputnik
14709,36943,51652,19188,32464,Sikkim,Sputnik
28155,49778,77933,60852,17081,Tamil Nadu,Sputnik
8245,40452,48697,17929,30768,Telangana,Sputnik
41094,18946,60040,35882,24158,Tripura,Sputnik
25015,4483,29498,12054,17444,Uttarakhand,Sputnik
45207,27162,72369,66366,6003,Uttar Pradesh,Sputnik
32448,42707,75155,43235,31920,West Bengal,Sputnik
41428,16881,58309,41480,16829,Andaman and Nicobar Islands,Sputnik
22621,12819,35440,28864,6576,Andhra Pradesh,Sputnik
16385,44768,61153,11491,49662,Arunachal Pradesh,Sputnik
40891,46585,87476,60730,26746,Assam,Sputnik
45617,24344,69961,21495,48466,Bihar,Sputnik
10105,7096,17201,10432,6769,Chandigarh,Sputnik
33520,20571,54091,17507,36584,Chhattisgarh,Sputnik
29525,12776,42301,23006,19295,Dadra and Nagar Haveli and Daman and Diu,Sputnik
5639,13056,18695,6615,12080,Delhi,Sputnik
16688,12357,29045,27780,1265,Goa,Sputnik
17559,47930,65489,64590,899,Gujarat,Sputnik
32341,5747,38088,23890,14198,Haryana,Sputnik
42696,39771,82467,68159,14308,Himachal Pradesh,Sputnik
16285,30457,46742,18038,28704,Jammu and Kashmir,Sputnik
32019,40210,72229,65485,6744,Jharkhand,Sputnik
34107,25974,60081,58401,1680,Karnataka,Sputnik
38788,5740,44528,43850,678,Kerala,Sputnik
17611,24763,42374,5918,36456,Ladakh,Sputnik
3118,14439,17557,14853,2704,Lakshadweep,Sputnik
41603,23345,64948,59510,5438,Madhya Pradesh,Sputnik
18122,31690,49812,18338,31474,Maharashtra,Sputnik
31760,47288,79048,58382,20666,Manipur,Sputnik
22049,25259,47308,33151,14157,Meghalaya,Sputnik
48170,4453,52623,41523,11100,Mizoram,Sputnik
28850,42481,71331,39105,32226,Nagaland,Sputnik
30012,33919,63931,9488,54443,Odisha,Sputnik
16252,36461,52713,27053,25660,Puducherry,Sputnik
14994,19285,34279,6310,27969,Punjab,Sputnik
48585,18840,67425,33370,34055,Rajasthan,Sputnik
1555,40500,42055,41938,117,Sikkim,Sputnik
33328,10633,43961,34747,9214,Tamil Nadu,Sputnik
6509,39249,45758,31775,13983,Telangana,Sputnik
29837,39198,69035,51480,17555,Tripura,Sputnik
31789,15654,47443,26818,20625,Uttarakhand,Sputnik
8610,29484,38094,15851,22243,Uttar Pradesh,Sputnik
43863,40274,84137,70566,13571,West Bengal,Sputnik
47631,13158,60789,14470,46319,Andaman and Nicobar Islands,Sputnik
6806,39698,46504,18275,28229,Andhra Pradesh,Sputnik
45980,45665,91645,13246,78399,Arunachal Pradesh,Sputnik
24272,44358,68630,28391,40239,Assam,Sputnik
30196,6463,36659,28507,8152,Bihar,Sputnik
8075,40857,48932,17115,31817,Chandigarh,Sputnik
26953,49451,76404,47196,29208,Chhattisgarh,Sputnik
21810,25482,47292,15492,31800,Dadra and Nagar Haveli and Daman and Diu,Sputnik
19489,41218,60707,51918,8789,Delhi,Sputnik
42482,31491,73973,40229,33744,Goa,Sputnik
24380,40591,64971,22146,42825,Gujarat,Sputnik
8479,4689,13168,5064,8104,Haryana,Sputnik
20460,27481,47941,44587,3354,Himachal Pradesh,Sputnik
7818,47754,55572,44944,10628,Jammu and Kashmir,Sputnik
1974,10606,12580,5612,6968,Jharkhand,Sputnik
41954,30996,72950,14982,57968,Karnataka,Sputnik
38755,39983,78738,64379,14359,Kerala,Sputnik
22578,25715,48293,32840,15453,Ladakh,Sputnik
39243,2391,41634,40307,1327,Lakshadweep,Sputnik
25081,40483,65564,49286,16278,Madhya Pradesh,Sputnik
34910,18610,53520,30174,23346,Maharashtra,Sputnik
24107,6344,30451,7117,23334,Manipur,Sputnik
13369,31894,45263,32092,13171,Meghalaya,Sputnik
4392,39424,43816,7786,36030,Mizoram,Sputnik
37219,14691,51910,36814,15096,Nagaland,Sputnik
38791,41428,80219,39137,41082,Odisha,Sputnik
14118,6079,20197,6211,13986,Puducherry,Sputnik
34469,14127,48596,44970,3626,Punjab,Sputnik
22976,10459,33435,27781,5654,Rajasthan,Sputnik
7871,46604,54475,34093,20382,Sikkim,Sputnik
39897,46191,86088,12034,74054,Tamil Nadu,Sputnik
20578,7460,28038,6299,21739,Telangana,Sputnik
41479,28496,69975,38963,31012,Tripura,Sputnik
12941,34926,47867,14778,33089,Uttarakhand,Sputnik
12948,29566,42514,35631,6883,Uttar Pradesh,Sputnik
18626,35869,54495,36880,17615,West Bengal,Sputnik
42806,17605,60411,6918,53493,Andaman and Nicobar Islands,Sputnik
33583,4067,37650,29130,8520,Andhra Pradesh,Sputnik
7828,23029,30857,22981,7876,Arunachal Pradesh,Sputnik
24520,24609,49129,13480,35649,Assam,Sputnik
37405,47571,84976,35277,49699,Bihar,Sputnik
24482,46835,71317,19388,51929,Chandigarh,Sputnik
12179,20519,32698,14070,18628,Chhattisgarh,Sputnik
20439,17749,38188,23743,14445,Dadra and Nagar Haveli and Daman and Diu,Sputnik
3513,44144,47657,29736,17921,Delhi,Sputnik
33086,41234,74320,14597,59723,Goa,Sputnik
49796,6686,56482,7781,48701,Gujarat,Sputnik
18901,26836,45737,11265,34472,Haryana,Sputnik
24930,15999,40929,17057,23872,Himachal Pradesh,Sputnik
32723,23996,56719,45242,11477,Jammu and Kashmir,Sputnik
10092,20019,30111,5486,24625,Jharkhand,Sputnik
39982,41576,81558,53879,27679,Karnataka,Sputnik
38951,15318,54269,24091,30178,Kerala,Sputnik
5625,24756,30381,17964,12417,Ladakh,Sputnik
39063,15607,54670,34699,19971,Lakshadweep,Sputnik
42359,13918,56277,51529,4748,Madhya Pradesh,Sputnik
7192,34240,41432,15182,26250,Maharashtra,Sputnik
7390,48923,56313,34757,21556,Manipur,Sputnik
28210,48726,76936,76084,852,Meghalaya,Sputnik
47533,27646,75179,60563,14616,Mizoram,Sputnik
43413,11628,55041,9130,45911,Nagaland,Sputnik
14100,48658,62758,38846,23912,Odisha,Sputnik
46001,16654,62655,18382,44273,Puducherry,Sputnik
18934,15752,34686,22955,11731,Punjab,Sputnik
39309,48664,87973,36643,51330,Rajasthan,Sputnik
36496,32333,68829,32240,36589,Sikkim,Sputnik
18999,2767,21766,21177,589,Tamil Nadu,Sputnik
42100,8501,50601,24142,26459,Telangana,Sputnik
18533,38401,56934,10498,46436,Tripura,Sputnik
49384,7542,56926,54440,2486,Uttarakhand,Sputnik
28936,25202,54138,12576,41562,Uttar Pradesh,Sputnik
48255,42673,90928,31470,59458,West Bengal,Sputnik
1719,5052,6771,6287,484,Andaman and Nicobar Islands,Sputnik
41708,26188,67896,11509,56387,Andhra Pradesh,Sputnik
32612,41810,74422,9241,65181,Arunachal Pradesh,Sputnik
6054,34713,40767,39059,1708,Assam,Sputnik
44109,41367,85476,5896,79580,Bihar,Sputnik
24485,28652,53137,46325,6812,Chandigarh,Sputnik
6753,9530,16283,11898,4385,Chhattisgarh,Sputnik
32497,29400,61897,7340,54557,Dadra and Nagar Haveli and Daman and Diu,Sputnik
7705,17396,25101,6099,19002,Delhi,Sputnik
18598,38769,57367,36275,21092,Goa,Sputnik
11982,13781,25763,9119,16644,Gujarat,Sputnik
21384,20633,42017,7033,34984,Haryana,Sputnik
23746,29316,53062,49321,3741,Himachal Pradesh,Sputnik
41586,44021,85607,78436,7171,Jammu and Kashmir,Sputnik
20335,49603,69938,9719,60219,Jharkhand,Sputnik
34101,38603,72704,66502,6202,Karnataka,Sputnik
2044,5224,7268,7239,29,Kerala,Sputnik
33731,40807,74538,57586,16952,Ladakh,Sputnik
39142,39016,78158,69896,8262,Lakshadweep,Sputnik
45926,8042,53968,47007,6961,Madhya Pradesh,Sputnik
32748,20718,53466,11728,41738,Maharashtra,Sputnik
32069,34651,66720,31543,35177,Manipur,Sputnik
20769,18488,39257,31525,7732,Meghalaya,Sputnik
8156,31076,39232,26563,12669,Mizoram,Sputnik
3989,19722,23711,6630,17081,Nagaland,Sputnik
17201,21821,39022,11937,27085,Odisha,Sputnik
13714,36528,50242,20611,29631,Puducherry,Sputnik
48280,42044,90324,74574,15750,Punjab,Sputnik
35189,19192,54381,16271,38110,Rajasthan,Sputnik
6896,32991,39887,38123,1764,Sikkim,Sputnik
12121,9060,21181,8258,12923,Tamil Nadu,Sputnik
45680,11574,57254,37086,20168,Telangana,Sputnik
8087,2349,10436,5856,4580,Tripura,Sputnik
39597,47306,86903,79852,7051,Uttarakhand,Sputnik
38734,19889,58623,10250,48373,Uttar Pradesh,Sputnik
32746,42935,75681,67259,8422,West Bengal,Sputnik
45242,43111,88353,47526,40827,Andaman and Nicobar Islands,Sputnik
26010,2279,28289,11610,16679,Andhra Pradesh,Sputnik
19801,27769,47570,15785,31785,Arunachal Pradesh,Sputnik
35151,15922,51073,19137,31936,Assam,Sputnik
31155,15061,46216,41189,5027,Bihar,Sputnik
46680,35751,82431,67809,14622,Chandigarh,Sputnik
46945,11444,58389,34671,23718,Chhattisgarh,Sputnik
18470,9506,27976,21329,6647,Dadra and Nagar Haveli and Daman and Diu,Sputnik
37572,20741,58313,9819,48494,Delhi,Sputnik
4612,2578,7190,5842,1348,Goa,Sputnik
17287,41239,58526,51890,6636,Gujarat,Sputnik
34011,45360,79371,70969,8402,Haryana,Sputnik
3868,32851,36719,6860,29859,Himachal Pradesh,Sputnik
30987,7165,38152,20031,18121,Jammu and Kashmir,Sputnik
19471,34514,53985,53263,722,Jharkhand,Sputnik
14705,11050,25755,24604,1151,Karnataka,Sputnik
43062,42235,85297,43277,42020,Kerala,Sputnik
4666,45611,50277,46601,3676,Ladakh,Sputnik
18920,11132,30052,18441,11611,Lakshadweep,Sputnik
19177,28565,47742,30193,17549,Madhya Pradesh,Sputnik
29069,37103,66172,21166,45006,Maharashtra,Sputnik
46482,22513,68995,40462,28533,Manipur,Sputnik
47573,14148,61721,58955,2766,Meghalaya,Sputnik
10774,3538,14312,7734,6578,Mizoram,Sputnik
41783,2671,44454,25440,19014,Nagaland,Sputnik
3682,36221,39903,13233,26670,Odisha,Sputnik
41487,48017,89504,29808,59696,Puducherry,Sputnik
36864,32646,69510,59477,10033,Punjab,Sputnik
18271,13007,31278,24061,7217,Rajasthan,Sputnik
43870,6287,50157,40487,9670,Sikkim,Sputnik
7196,11085,18281,12027,6254,Tamil Nadu,Sputnik
47309,8973,56282,37993,18289,Telangana,Sputnik
21117,3446,24563,17266,7297,Tripura,Sputnik
3021,29927,32948,32028,920,Uttarakhand,Sputnik
26828,31053,57881,46321,11560,Uttar Pradesh,Sputnik
37240,37158,74398,8776,65622,West Bengal,Sputnik
19711,31447,51158,26910,24248,Andaman and Nicobar Islands,Sputnik
10520,3108,13628,5397,8231,Andhra Pradesh,Sputnik
31194,22060,53254,45605,7649,Arunachal Pradesh,Sputnik
8769,31119,39888,16524,23364,Assam,Sputnik
25742,22832,48574,29559,19015,Bihar,Sputnik
27961,25306,53267,6446,46821,Chandigarh,Sputnik
15269,48617,63886,38957,24929,Chhattisgarh,Sputnik
25597,24796,50393,15535,34858,Dadra and Nagar Haveli and Daman and Diu,Sputnik
37669,39128,76797,37845,38952,Delhi,Sputnik
47803,24483,72286,37581,34705,Goa,Sputnik
22564,16359,38923,37377,1546,Gujarat,Sputnik
17969,17674,35643,28897,6746,Haryana,Sputnik
15101,24833,39934,33324,6610,Himachal Pradesh,Sputnik
2081,6878,8959,8796,163,Jammu and Kashmir,Sputnik
11823,6246,18069,10803,7266,Jharkhand,Sputnik
42656,36352,79008,34272,44736,Karnataka,Sputnik
14681,26964,41645,10813,30832,Kerala,Sputnik
29779,13678,43457,15970,27487,Ladakh,Sputnik
36422,49806,86228,13105,73123,Lakshadweep,Sputnik
25818,1560,27378,5861,21517,Madhya Pradesh,Sputnik
43302,35911,79213,74511,4702,Maharashtra,Sputnik
13053,43002,56055,31810,24245,Manipur,Sputnik
5978,43096,49074,24124,24950,Meghalaya,Sputnik
21163,40496,61659,16616,45043,Mizoram,Sputnik
31902,13225,45127,17335,27792,Nagaland,Sputnik
22337,20120,42457,24415,18042,Odisha,Sputnik
27499,48793,76292,12945,63347,Puducherry,Sputnik
7422,25556,32978,27783,5195,Punjab,Sputnik
49230,47911,97141,39291,57850,Rajasthan,Sputnik
48527,46370,94897,10296,84601,Sikkim,Sputnik
42605,34482,77087,7332,69755,Tamil Nadu,Sputnik
39372,4267,43639,18233,25406,Telangana,Sputnik
12721,18775,31496,11661,19835,Tripura,Sputnik
48304,41855,90159,69245,20914,Uttarakhand,Sputnik
43750,9828,53578,47512,6066,Uttar Pradesh,Sputnik
21046,6908,27954,15581,12373,West Bengal,Sputnik
37191,35134,72325,59038,13287,Andaman and Nicobar Islands,Sputnik
25225,2213,27438,11325,16113,Andhra Pradesh,Sputnik
6289,1917,8206,5218,2988,Arunachal Pradesh,Sputnik
32997,22535,55532,16053,39479,Assam,Sputnik
17060,1841,18901,16335,2566,Bihar,Sputnik
23794,49048,72842,45101,27741,Chandigarh,Sputnik
45356,49734,95090,94993,97,Chhattisgarh,Sputnik
27991,35562,63553,15237,48316,Dadra and Nagar Haveli and Daman and Diu,Sputnik
2324,17815,20139,14059,6080,Delhi,Sputnik
39844,13237,53081,13479,39602,Goa,Sputnik
6416,32196,38612,6581,32031,Gujarat,Sputnik
12812,43117,55929,14487,41442,Haryana,Sputnik
4959,24798,29757,6451,23306,Himachal Pradesh,Sputnik
25511,14487,39998,27892,12106,Jammu and Kashmir,Sputnik
19933,38254,58187,9994,48193,Jharkhand,Sputnik
46249,34991,81240,73014,8226,Karnataka,Sputnik
4922,25425,30347,26276,4071,Kerala,Sputnik
15854,4880,20734,13873,6861,Ladakh,Sputnik
39462,43249,82711,19984,62727,Lakshadweep,Sputnik
17873,6831,24704,19639,5065,Madhya Pradesh,Sputnik
15674,15745,31419,12607,18812,Maharashtra,Sputnik
35442,6191,41633,20863,20770,Manipur,Sputnik
16460,47523,63983,34291,29692,Meghalaya,Sputnik
9897,22578,32475,7072,25403,Mizoram,Sputnik
2190,2224,4414,#NUM!,#NUM!,Nagaland,Sputnik
10945,28394,39339,11033,28306,Odisha,Sputnik
49005,14602,63607,9660,53947,Puducherry,Sputnik
40368,9647,50015,15283,34732,Punjab,Sputnik
33968,31270,65238,46424,18814,Rajasthan,Sputnik
38593,45292,83885,70803,13082,Sikkim,Sputnik
34824,27728,62552,22020,40532,Tamil Nadu,Sputnik
23918,39750,63668,10122,53546,Telangana,Sputnik
1940,31373,33313,16418,16895,Tripura,Sputnik
33183,10988,44171,20415,23756,Uttarakhand,Sputnik
10487,13921,24408,21949,2459,Uttar Pradesh,Sputnik
42754,30453,73207,68024,5183,West Bengal,Sputnik
10085,15484,25569,15386,10183,Andaman and Nicobar Islands,Sputnik
19760,16368,36128,15232,20896,Andhra Pradesh,Sputnik
14825,18016,32841,11511,21330,Arunachal Pradesh,Sputnik
24366,18238,42604,9168,33436,Assam,Sputnik
40400,40561,80961,8767,72194,Bihar,Sputnik
12213,11033,23246,13803,9443,Chandigarh,Sputnik
6196,18659,24855,8907,15948,Chhattisgarh,Sputnik
43606,22844,66450,25578,40872,Dadra and Nagar Haveli and Daman and Diu,Sputnik
49034,37442,86476,8549,77927,Delhi,Sputnik
2133,3642,5775,5652,123,Goa,Sputnik
24505,2866,27371,7274,20097,Gujarat,Sputnik
21565,16089,37654,31498,6156,Haryana,Sputnik
25364,35263,60627,5776,54851,Himachal Pradesh,Sputnik
33859,5206,39065,27275,11790,Jammu and Kashmir,Sputnik
49728,15696,65424,40078,25346,Jharkhand,Sputnik
18764,23606,42370,14120,28250,Karnataka,Sputnik
45166,7881,53047,24260,28787,Kerala,Sputnik
42775,45235,88010,30535,57475,Ladakh,Sputnik
18396,46760,65156,14219,50937,Lakshadweep,Sputnik
26096,14825,40921,18891,22030,Madhya Pradesh,Sputnik
23510,10046,33556,31853,1703,Maharashtra,Sputnik
33563,42146,75709,20752,54957,Manipur,Sputnik
1579,30537,32116,12446,19670,Meghalaya,Sputnik
26167,21371,47538,22792,24746,Mizoram,Sputnik
9154,5132,14286,5049,9237,Nagaland,Sputnik
44725,15888,60613,22553,38060,Odisha,Sputnik
35222,13946,49168,27016,22152,Puducherry,Sputnik
48805,11796,60601,33001,27600,Punjab,Sputnik
30178,22010,52188,47662,4526,Rajasthan,Sputnik
37673,48752,86425,10924,75501,Sikkim,Sputnik
23178,25053,48231,32632,15599,Tamil Nadu,Sputnik
39486,17748,57234,7739,49495,Telangana,Sputnik
24551,31973,56524,20339,36185,Tripura,Sputnik
31141,14059,45200,40118,5082,Uttarakhand,Sputnik
4781,11373,16154,8712,7442,Uttar Pradesh,Sputnik
39237,46931,86168,42321,43847,West Bengal,Sputnik
31260,12851,44111,7323,36788,Andaman and Nicobar Islands,Sputnik
22339,38657,60996,21715,39281,Andhra Pradesh,Sputnik
12057,34886,46943,18847,28096,Arunachal Pradesh,Sputnik
16440,47125,63565,8856,54709,Assam,Sputnik
38238,13401,51639,29540,22099,Bihar,Sputnik
2583,40657,43240,20918,22322,Chandigarh,Sputnik
48079,18425,66504,61865,4639,Chhattisgarh,Sputnik
7230,3762,10992,5777,5215,Dadra and Nagar Haveli and Daman and Diu,Sputnik
20864,28414,49278,39492,9786,Delhi,Sputnik
11990,8135,20125,17238,2887,Goa,Sputnik
43087,37084,80171,11951,68220,Gujarat,Sputnik
42030,28946,70976,22802,48174,Haryana,Sputnik
11918,5766,17684,9947,7737,Himachal Pradesh,Sputnik
12861,8526,21387,11258,10129,Jammu and Kashmir,Sputnik
8679,38826,47505,8658,38847,Jharkhand,Sputnik
30072,42229,72301,62533,9768,Karnataka,Sputnik
46022,44511,90533,62002,28531,Kerala,Sputnik
40189,48122,88311,41918,46393,Ladakh,Sputnik
44130,37507,81637,74371,7266,Lakshadweep,Sputnik
21818,35258,57076,27358,29718,Madhya Pradesh,Sputnik
28008,41941,69949,42782,27167,Maharashtra,Sputnik
1880,40986,42866,6564,36302,Manipur,Sputnik
20451,19186,39637,9349,30288,Meghalaya,Sputnik
4781,32681,37462,17911,19551,Mizoram,Sputnik
10933,4182,15115,12024,3091,Nagaland,Sputnik
37624,30540,68164,9473,58691,Odisha,Sputnik
26936,37707,64643,45806,18837,Puducherry,Sputnik
36760,21979,58739,39327,19412,Punjab,Sputnik
14706,17876,32582,19029,13553,Rajasthan,Sputnik
14426,33323,47749,41507,6242,Sikkim,Sputnik
20864,40365,61229,5714,55515,Tamil Nadu,Sputnik
35448,18010,53458,52732,726,Telangana,Sputnik
30728,14904,45632,37938,7694,Tripura,Sputnik
38848,21419,60267,9938,50329,Uttarakhand,Sputnik
39097,32553,71650,66362,5288,Uttar Pradesh,Sputnik
49101,47412,96513,73886,22627,West Bengal,Sputnik
13129,44929,58058,19758,38300,Andaman and Nicobar Islands,Sputnik
49024,20382,69406,13762,55644,Andhra Pradesh,Sputnik
13968,42119,56087,22250,33837,Arunachal Pradesh,Sputnik
26654,41284,67938,51760,16178,Assam,Sputnik
9944,26130,36074,14008,22066,Bihar,Sputnik
20736,12343,33079,19171,13908,Chandigarh,Sputnik
44091,10765,54856,51831,3025,Chhattisgarh,Sputnik
3395,35923,39318,26955,12363,Dadra and Nagar Haveli and Daman and Diu,Sputnik
15163,6251,21414,14598,6816,Delhi,Sputnik
17980,31898,49878,40463,9415,Goa,Sputnik
11177,33256,44433,20309,24124,Gujarat,Sputnik
3911,21998,25909,18377,7532,Haryana,Sputnik
35940,47345,83285,50155,33130,Himachal Pradesh,Sputnik
30198,3744,33942,15366,18576,Jammu and Kashmir,Sputnik
30409,22397,52806,26132,26674,Jharkhand,Sputnik
22888,17718,40606,5883,34723,Karnataka,Sputnik
28149,49742,77891,72092,5799,Kerala,Sputnik
28266,39667,67933,12426,55507,Ladakh,Sputnik
28576,35605,64181,41403,22778,Lakshadweep,Sputnik
42185,25565,67750,47498,20252,Madhya Pradesh,Sputnik
5839,49778,55617,10023,45594,Maharashtra,Sputnik
38674,10973,49647,29938,19709,Manipur,Sputnik
19396,44683,64079,14756,49323,Meghalaya,Sputnik
6061,40702,46763,28650,18113,Mizoram,Sputnik
6366,35508,41874,11692,30182,Nagaland,Sputnik
49572,3576,53148,49469,3679,Odisha,Sputnik
15102,45107,60209,32530,27679,Puducherry,Sputnik
49397,31809,81206,48910,32296,Punjab,Sputnik
22092,34364,56456,17563,38893,Rajasthan,Sputnik
9742,48279,58021,9789,48232,Sikkim,Sputnik
20665,36647,57312,8307,49005,Tamil Nadu,Sputnik
3656,17280,20936,19960,976,Telangana,Sputnik
41962,21952,63914,11880,52034,Tripura,Sputnik
30572,23445,54017,5232,48785,Uttarakhand,Sputnik
8447,16935,25382,18156,7226,Uttar Pradesh,Sputnik
16931,11309,28240,25113,3127,West Bengal,Sputnik
42754,21091,63845,49062,14783,Andaman and Nicobar Islands,Sputnik
2223,14542,16765,7266,9499,Andhra Pradesh,Sputnik
43927,17415,61342,12710,48632,Arunachal Pradesh,Sputnik
7258,34459,41717,11361,30356,Assam,Sputnik
39679,34071,73750,9817,63933,Bihar,Sputnik
7848,38906,46754,21080,25674,Chandigarh,Sputnik
39877,16278,56155,46131,10024,Chhattisgarh,Sputnik
20381,46519,66900,38029,28871,Dadra and Nagar Haveli and Daman and Diu,Sputnik
34921,30834,65755,32472,33283,Delhi,Sputnik
49795,41469,91264,63901,27363,Goa,Sputnik
29986,20105,50091,25935,24156,Gujarat,Sputnik
36511,5936,42447,10071,32376,Haryana,Sputnik
20474,9314,29788,7083,22705,Himachal Pradesh,Sputnik
9005,12777,21782,16899,4883,Jammu and Kashmir,Sputnik
26151,3525,29676,14849,14827,Jharkhand,Sputnik
27253,22873,50126,49576,550,Karnataka,Sputnik
27769,29579,57348,11669,45679,Kerala,Sputnik
39805,5873,45678,42070,3608,Ladakh,Sputnik
23530,1905,25435,16919,8516,Lakshadweep,Sputnik
41191,5346,46537,16929,29608,Madhya Pradesh,Sputnik
9679,29211,38890,13976,24914,Maharashtra,Sputnik
37087,30103,67190,45423,21767,Manipur,Sputnik
35235,11862,47097,9322,37775,Meghalaya,Sputnik
16699,27560,44259,40019,4240,Mizoram,Sputnik
36150,11297,47447,18336,29111,Nagaland,Sputnik
16210,45800,62010,13839,48171,Odisha,Sputnik
34378,47921,82299,51269,31030,Puducherry,Sputnik
21640,4069,25709,16703,9006,Punjab,Sputnik
49172,39108,88280,24647,63633,Rajasthan,Sputnik
46070,44645,90715,78247,12468,Sikkim,Sputnik
19139,12895,32034,13790,18244,Tamil Nadu,Sputnik
11526,20577,32103,30378,1725,Telangana,Sputnik
39353,46016,85369,70601,14768,Tripura,Sputnik
2743,31673,34416,22609,11807,Uttarakhand,Sputnik
3829,3788,7617,6564,1053,Uttar Pradesh,Sputnik
28906,1764,30670,7662,23008,West Bengal,Sputnik
35918,28761,64679,12254,52425,Andaman and Nicobar Islands,Sputnik
37348,26253,63601,7578,56023,Andhra Pradesh,Sputnik
6507,15459,21966,7444,14522,Arunachal Pradesh,Sputnik
44786,11756,56542,21281,35261,Assam,Sputnik
17532,21422,38954,16341,22613,Bihar,Sputnik
13515,8921,22436,18469,3967,Chandigarh,Sputnik
49009,42593,91602,24064,67538,Chhattisgarh,Sputnik
4164,9367,13531,11328,2203,Dadra and Nagar Haveli and Daman and Diu,Sputnik
32662,24487,57149,35550,21599,Delhi,Sputnik
14514,19332,33846,9336,24510,Goa,Sputnik
7396,35789,43185,14537,28648,Gujarat,Sputnik
8973,30130,39103,31421,7682,Haryana,Sputnik
27808,12221,40029,15915,24114,Himachal Pradesh,Sputnik
17252,4130,21382,18255,3127,Jammu and Kashmir,Sputnik
22273,5951,28224,5118,23106,Jharkhand,Sputnik
17181,47144,64325,15229,49096,Karnataka,Sputnik
25003,40083,65086,64764,322,Kerala,Sputnik
22833,26457,49290,41944,7346,Ladakh,Sputnik
43060,7373,50433,40522,9911,Lakshadweep,Sputnik
2528,34187,36715,7224,29491,Madhya Pradesh,Sputnik
34620,9612,44232,38396,5836,Maharashtra,Sputnik
24354,14833,39187,26082,13105,Manipur,Sputnik
37834,3003,40837,31507,9330,Meghalaya,Sputnik
35626,27311,62937,53870,9067,Mizoram,Sputnik
16197,36854,53051,12057,40994,Nagaland,Sputnik
26388,6013,32401,5842,26559,Odisha,Sputnik
15922,31462,47384,24327,23057,Puducherry,Sputnik
3524,15661,19185,7359,11826,Punjab,Sputnik
35828,30311,66139,61048,5091,Rajasthan,Sputnik
27745,28460,56205,18344,37861,Sikkim,Sputnik
39798,1972,41770,31739,10031,Tamil Nadu,Sputnik
18799,37812,56611,9531,47080,Telangana,Sputnik
29062,7013,36075,9597,26478,Tripura,Sputnik
19993,42286,62279,32296,29983,Uttarakhand,Sputnik
2971,19487,22458,21628,830,Uttar Pradesh,Sputnik
37136,15058,52194,38747,13447,West Bengal,Sputnik
22760,15287,38047,14716,23331,Andaman and Nicobar Islands,Sputnik
49864,49542,99406,18389,81017,Andhra Pradesh,Sputnik
18294,25664,43958,42795,1163,Arunachal Pradesh,Sputnik
45300,16959,62259,43136,19123,Assam,Sputnik
16153,33292,49445,22002,27443,Bihar,Sputnik
1775,39177,40952,11738,29214,Chandigarh,Sputnik
36882,32165,69047,16587,52460,Chhattisgarh,Sputnik
15914,24488,40402,6583,33819,Dadra and Nagar Haveli and Daman and Diu,Sputnik
45396,41250,86646,63657,22989,Delhi,Sputnik
35513,46829,82342,77416,4926,Goa,Sputnik
49372,33653,83025,18611,64414,Gujarat,Sputnik
30921,39592,70513,37470,33043,Haryana,Sputnik
8610,26199,34809,25561,9248,Himachal Pradesh,Sputnik
40374,15255,55629,29387,26242,Jammu and Kashmir,Sputnik
9014,6832,15846,13836,2010,Jharkhand,Sputnik
26283,21796,48079,18074,30005,Karnataka,Sputnik
10453,27269,37722,5243,32479,Kerala,Sputnik
24661,15980,40641,25619,15022,Ladakh,Sputnik
44771,34040,78811,58197,20614,Lakshadweep,Sputnik
26704,27565,54269,29343,24926,Madhya Pradesh,Sputnik
24288,30605,54893,21581,33312,Maharashtra,Sputnik
17309,21802,39111,13229,25882,Manipur,Sputnik
12420,22069,34489,26493,7996,Meghalaya,Sputnik
35220,42456,77676,41995,35681,Mizoram,Sputnik
31189,42467,73656,31960,41696,Nagaland,Sputnik
20911,28342,49253,6827,42426,Odisha,Sputnik
4124,4572,8696,7164,1532,Puducherry,Sputnik
29725,43896,73621,20986,52635,Punjab,Sputnik
10733,39892,50625,27820,22805,Rajasthan,Sputnik
43863,42072,85935,61322,24613,Sikkim,Sputnik
6516,30599,37115,9762,27353,Tamil Nadu,Sputnik
29792,40329,70121,23232,46889,Telangana,Sputnik
33582,31583,65165,14964,50201,Tripura,Sputnik
28674,1742,30416,24511,5905,Uttarakhand,Sputnik
20233,37852,58085,7621,50464,Uttar Pradesh,Sputnik
11143,49659,60802,32037,28765,West Bengal,Sputnik
22005,12911,34916,5654,29262,Andaman and Nicobar Islands,Sputnik
35885,22690,58575,11516,47059,Andhra Pradesh,Sputnik
6003,37601,43604,30793,12811,Arunachal Pradesh,Sputnik
9006,37194,46200,25309,20891,Assam,Sputnik
17096,6271,23367,7626,15741,Bihar,Sputnik
24500,13944,38444,6395,32049,Chandigarh,Sputnik
34363,15179,49542,6283,43259,Chhattisgarh,Sputnik
37620,32445,70065,62699,7366,Dadra and Nagar Haveli and Daman and Diu,Sputnik
25827,38733,64560,25680,38880,Delhi,Sputnik
27525,29953,57478,20340,37138,Goa,Sputnik
6791,43925,50716,39949,10767,Gujarat,Sputnik
47700,18285,65985,6828,59157,Haryana,Sputnik
20381,35220,55601,41221,14380,Himachal Pradesh,Sputnik
45059,14779,59838,13724,46114,Jammu and Kashmir,Sputnik
21406,11422,32828,22544,10284,Jharkhand,Sputnik
31453,9020,40473,12710,27763,Karnataka,Sputnik
39768,16105,55873,25892,29981,Kerala,Sputnik
15410,29509,44919,40983,3936,Ladakh,Sputnik
45780,47940,93720,27952,65768,Lakshadweep,Sputnik
27320,20755,48075,47249,826,Madhya Pradesh,Sputnik
13709,15453,29162,14301,14861,Maharashtra,Sputnik
43838,8949,52787,39052,13735,Manipur,Sputnik
22373,8337,30710,18942,11768,Meghalaya,Sputnik
28167,14540,42707,28095,14612,Mizoram,Sputnik
8086,37871,45957,32051,13906,Nagaland,Sputnik
36840,40200,77040,43289,33751,Odisha,Sputnik
6655,29170,35825,13920,21905,Puducherry,Sputnik
10162,44149,54311,17604,36707,Punjab,Sputnik
8228,12737,20965,6789,14176,Rajasthan,Sputnik
4990,37774,42764,14068,28696,Sikkim,Sputnik
40322,21526,61848,30375,31473,Tamil Nadu,Sputnik
38728,25687,64415,43246,21169,Telangana,Sputnik
20785,45458,66243,37460,28783,Tripura,Sputnik
40576,45227,85803,55849,29954,Uttarakhand,Sputnik
33121,46383,79504,34687,44817,Uttar Pradesh,Sputnik
43262,40080,83342,44531,38811,West Bengal,Sputnik
19131,26544,45675,26204,19471,Andaman and Nicobar Islands,Sputnik
43823,9087,52910,19569,33341,Andhra Pradesh,Sputnik
19621,46427,66048,27636,38412,Arunachal Pradesh,Sputnik
44835,30289,75124,22112,53012,Assam,Sputnik
16119,34452,50571,31014,19557,Bihar,Sputnik
5474,8645,14119,8174,5945,Chandigarh,Sputnik
6900,30643,37543,5027,32516,Chhattisgarh,Sputnik
12045,44608,56653,36869,19784,Dadra and Nagar Haveli and Daman and Diu,Sputnik
45212,8728,53940,8117,45823,Delhi,Sputnik
19090,36572,55662,14759,40903,Goa,Sputnik
41365,29551,70916,39977,30939,Gujarat,Sputnik
1924,24823,26747,5525,21222,Haryana,Sputnik
7484,30607,38091,15362,22729,Himachal Pradesh,Sputnik
27567,42991,70558,68704,1854,Jammu and Kashmir,Sputnik
21072,3625,24697,7760,16937,Jharkhand,Sputnik
4128,39211,43339,7526,35813,Karnataka,Sputnik
44594,22470,67064,9553,57511,Kerala,Sputnik
10301,14901,25202,14830,10372,Ladakh,Sputnik
49281,4593,53874,5010,48864,Lakshadweep,Sputnik
5719,15955,21674,12508,9166,Madhya Pradesh,Sputnik
14270,11848,26118,19161,6957,Maharashtra,Sputnik
11636,23396,35032,34735,297,Manipur,Sputnik
8323,39926,48249,6819,41430,Meghalaya,Sputnik
31231,37225,68456,63165,5291,Mizoram,Sputnik
8422,21629,30051,22951,7100,Nagaland,Sputnik
32319,17730,50049,9018,41031,Odisha,Sputnik
31593,44853,76446,16550,59896,Puducherry,Sputnik
14614,43894,58508,41068,17440,Punjab,Sputnik
12703,39029,51732,49529,2203,Rajasthan,Sputnik
18924,35693,54617,53705,912,Sikkim,Sputnik
23467,19592,43059,8472,34587,Tamil Nadu,Sputnik
2313,16083,18396,7215,11181,Telangana,Sputnik
13992,9108,23100,6033,17067,Tripura,Sputnik
2407,11695,14102,5231,8871,Uttarakhand,Sputnik
2666,15220,17886,6373,11513,Uttar Pradesh,Sputnik
13401,15898,29299,6761,22538,West Bengal,Sputnik
4939,17937,22876,11528,11348,Andaman and Nicobar Islands,Sputnik
31113,1551,32664,22468,10196,Andhra Pradesh,Sputnik
36174,42097,78271,17532,60739,Arunachal Pradesh,Sputnik
35050,20376,55426,18767,36659,Assam,Sputnik
20306,45590,65896,58177,7719,Bihar,Sputnik
43749,1780,45529,41907,3622,Chandigarh,Sputnik
3827,32851,36678,35117,1561,Chhattisgarh,Sputnik
2118,44389,46507,13505,33002,Dadra and Nagar Haveli and Daman and Diu,Sputnik
40976,13090,54066,22115,31951,Delhi,Sputnik
22522,13814,36336,33889,2447,Goa,Sputnik
35227,15327,50554,33265,17289,Gujarat,Sputnik
36342,38374,74716,43102,31614,Haryana,Sputnik
2238,3288,5526,5377,149,Himachal Pradesh,Sputnik
9617,7458,17075,13085,3990,Jammu and Kashmir,Sputnik
33338,3743,37081,16744,20337,Jharkhand,Sputnik
12942,35273,48215,15133,33082,Karnataka,Sputnik
6172,38212,44384,22825,21559,Kerala,Sputnik
15479,31273,46752,19978,26774,Ladakh,Sputnik
28039,8453,36492,18125,18367,Lakshadweep,Sputnik
1643,26673,28316,8623,19693,Madhya Pradesh,Sputnik
9867,29998,39865,36150,3715,Maharashtra,Sputnik
31184,33625,64809,59703,5106,Manipur,Sputnik
39784,1500,41284,8670,32614,Meghalaya,Sputnik
43264,42741,86005,85032,973,Mizoram,Sputnik
30710,13030,43740,33698,10042,Nagaland,Sputnik
26805,42166,68971,55566,13405,Odisha,Sputnik
2473,39385,41858,21857,20001,Puducherry,Sputnik
6803,34553,41356,26374,14982,Punjab,Sputnik
17347,4854,22201,7996,14205,Rajasthan,Sputnik
39417,49260,88677,40856,47821,Sikkim,Sputnik
22739,13484,36223,9220,27003,Tamil Nadu,Sputnik
5367,30876,36243,10961,25282,Telangana,Sputnik
8189,19969,28158,25602,2556,Tripura,Sputnik
45851,6295,52146,40479,11667,Uttarakhand,Sputnik
13691,45413,59104,28138,30966,Uttar Pradesh,Sputnik
13696,14758,28454,12507,15947,West Bengal,Sputnik
25731,40995,66726,58416,8310,Andaman and Nicobar Islands,Sputnik
11419,11172,22591,16981,5610,Andhra Pradesh,Sputnik
6307,48910,55217,45134,10083,Arunachal Pradesh,Sputnik
5602,26443,32045,19979,12066,Assam,Sputnik
12919,2015,14934,13755,1179,Bihar,Sputnik
13455,15268,28723,28136,587,Chandigarh,Sputnik
32826,5575,38401,20817,17584,Chhattisgarh,Sputnik
38317,46751,85068,40434,44634,Dadra and Nagar Haveli and Daman and Diu,Sputnik
6244,8159,14403,5301,9102,Delhi,Sputnik
41200,33383,74583,52726,21857,Goa,Sputnik
21154,20754,41908,13837,28071,Gujarat,Sputnik
32866,46951,79817,20522,59295,Haryana,Sputnik
10172,29157,39329,37592,1737,Himachal Pradesh,Sputnik
26208,8225,34433,30525,3908,Jammu and Kashmir,Sputnik
23944,38124,62068,28891,33177,Jharkhand,Sputnik
33499,27698,61197,44407,16790,Karnataka,Sputnik
46310,20930,67240,27658,39582,Kerala,Sputnik
39893,17605,57498,44367,13131,Ladakh,Sputnik
24238,37699,61937,27761,34176,Lakshadweep,Sputnik
9138,23463,32601,19575,13026,Madhya Pradesh,Sputnik
2659,17519,20178,15412,4766,Maharashtra,Sputnik
49688,5263,54951,12211,42740,Manipur,Sputnik
49668,20316,69984,39471,30513,Meghalaya,Sputnik
17711,24833,42544,10499,32045,Mizoram,Sputnik
40864,7805,48669,47481,1188,Nagaland,Sputnik
20986,6319,27305,18757,8548,Odisha,Sputnik
23283,13633,36916,36710,206,Puducherry,Sputnik
44580,35748,80328,32100,48228,Punjab,Sputnik
28051,22785,50836,5233,45603,Rajasthan,Sputnik
27212,33256,60468,12716,47752,Sikkim,Sputnik
21732,12037,33769,10219,23550,Tamil Nadu,Sputnik
23203,19664,42867,6937,35930,Telangana,Sputnik
8745,30905,39650,20966,18684,Tripura,Sputnik
10570,49318,59888,13506,46382,Uttarakhand,Sputnik
20508,49391,69899,30973,38926,Uttar Pradesh,Sputnik
42910,2184,45094,17478,27616,West Bengal,Sputnik
4070,48235,52305,42350,9955,Andaman and Nicobar Islands,Sputnik
21893,28690,50583,48346,2237,Andhra Pradesh,Sputnik
34705,14638,49343,18223,31120,Arunachal Pradesh,Sputnik
26229,31775,58004,13836,44168,Assam,Sputnik
36426,26525,62951,40811,22140,Bihar,Sputnik
34858,25278,60136,40153,19983,Chandigarh,Sputnik
40631,38990,79621,23623,55998,Chhattisgarh,Sputnik
15848,15292,31140,26924,4216,Dadra and Nagar Haveli and Daman and Diu,Sputnik
26882,20492,47374,25361,22013,Delhi,Sputnik
45491,48355,93846,16140,77706,Goa,Sputnik
35341,33251,68592,23650,44942,Gujarat,Sputnik
5832,19770,25602,15397,10205,Haryana,Sputnik
1902,21345,23247,7392,15855,Himachal Pradesh,Sputnik
26746,29617,56363,38973,17390,Jammu and Kashmir,Sputnik
3050,22115,25165,11968,13197,Jharkhand,Sputnik
29919,2209,32128,24493,7635,Karnataka,Sputnik
42704,37630,80334,75923,4411,Kerala,Sputnik
11704,2729,14433,12166,2267,Ladakh,Sputnik
45697,42462,88159,41969,46190,Lakshadweep,Sputnik
37657,34116,71773,11200,60573,Madhya Pradesh,Sputnik
16375,31470,47845,18690,29155,Maharashtra,Sputnik
26669,48931,75600,66554,9046,Manipur,Sputnik
34919,48128,83047,5315,77732,Meghalaya,Sputnik
6271,31690,37961,20897,17064,Mizoram,Sputnik
34494,18066,52560,39279,13281,Nagaland,Sputnik
24433,14582,39015,20401,18614,Odisha,Sputnik
15605,20957,36562,20161,16401,Puducherry,Sputnik
44571,40799,85370,33880,51490,Punjab,Sputnik
28116,11168,39284,22838,16446,Rajasthan,Sputnik
25226,3325,28551,7023,21528,Sikkim,Sputnik
36517,7819,44336,38367,5969,Tamil Nadu,Sputnik
14908,21917,36825,28922,7903,Telangana,Sputnik
20765,8849,29614,20382,9232,Tripura,Sputnik
40863,35800,76663,26543,50120,Uttarakhand,Sputnik
22723,20008,42731,26027,16704,Uttar Pradesh,Sputnik
46022,31965,77987,24524,53463,West Bengal,Sputnik
36288,40302,76590,52406,24184,Andaman and Nicobar Islands,Sputnik
43393,20507,63900,18844,45056,Andhra Pradesh,Sputnik
17219,15635,32854,23206,9648,Arunachal Pradesh,Sputnik
31645,15040,46685,23491,23194,Assam,Sputnik
22092,22686,44778,40639,4139,Bihar,Sputnik
19907,4959,24866,6012,18854,Chandigarh,Sputnik
20697,44080,64777,60155,4622,Chhattisgarh,Sputnik
10825,6274,17099,13923,3176,Dadra and Nagar Haveli and Daman and Diu,Sputnik
41406,40060,81466,18490,62976,Delhi,Sputnik
42625,4781,47406,33218,14188,Goa,Sputnik
14790,25259,40049,19606,20443,Gujarat,Sputnik
6365,36341,42706,21956,20750,Haryana,Sputnik
10962,4262,15224,11466,3758,Himachal Pradesh,Sputnik
27867,1902,29769,7444,22325,Jammu and Kashmir,Sputnik
30786,10881,41667,29853,11814,Jharkhand,Sputnik
4846,32092,36938,23404,13534,Karnataka,Sputnik
33645,43050,76695,71189,5506,Kerala,Sputnik
32847,30774,63621,14140,49481,Ladakh,Sputnik
34722,29133,63855,6719,57136,Lakshadweep,Sputnik
48074,34519,82593,61348,21245,Madhya Pradesh,Sputnik
36314,32727,69041,7340,61701,Maharashtra,Sputnik
8612,35714,44326,27901,16425,Manipur,Sputnik
7945,26759,34704,9960,24744,Meghalaya,Sputnik
38767,18259,57026,13173,43853,Mizoram,Sputnik
20908,20534,41442,27433,14009,Nagaland,Sputnik
36102,29680,65782,52527,13255,Odisha,Sputnik
35553,14655,50208,26073,24135,Puducherry,Sputnik
13059,12510,25569,21947,3622,Punjab,Sputnik
43408,31607,75015,50716,24299,Rajasthan,Sputnik
47410,6611,54021,40528,13493,Sikkim,Sputnik
26229,19450,45679,23156,22523,Tamil Nadu,Sputnik
42769,17861,60630,6767,53863,Telangana,Sputnik
25547,25183,50730,23884,26846,Tripura,Sputnik
13912,24299,38211,32523,5688,Uttarakhand,Sputnik
3630,29929,33559,31795,1764,Uttar Pradesh,Sputnik
39949,13454,53403,43636,9767,West Bengal,Sputnik
27626,8512,36138,12107,24031,Andaman and Nicobar Islands,Sputnik
34309,9866,44175,39645,4530,Andhra Pradesh,Sputnik
13675,15793,29468,13074,16394,Arunachal Pradesh,Sputnik
44663,33672,78335,40411,37924,Assam,Sputnik
14063,14201,28264,6540,21724,Bihar,Sputnik
7989,15339,23328,10262,13066,Chandigarh,Sputnik
5003,7055,12058,10949,1109,Chhattisgarh,Sputnik
1990,28497,30487,20266,10221,Dadra and Nagar Haveli and Daman and Diu,Sputnik
8508,15925,24433,8888,15545,Delhi,Sputnik
7584,49293,56877,31903,24974,Goa,Sputnik
47618,30891,78509,22585,55924,Gujarat,Sputnik
3171,30963,34134,30275,3859,Haryana,Sputnik
47554,3288,50842,43540,7302,Himachal Pradesh,Sputnik
21682,3285,24967,22582,2385,Jammu and Kashmir,Sputnik
14055,7741,21796,5681,16115,Jharkhand,Sputnik
48798,35281,84079,24422,59657,Karnataka,Sputnik
44208,11593,55801,25797,30004,Kerala,Sputnik
22404,1630,24034,18183,5851,Ladakh,Sputnik
45081,25065,70146,53262,16884,Lakshadweep,Sputnik
41621,6305,47926,34132,13794,Madhya Pradesh,Sputnik
6454,8300,14754,14640,114,Maharashtra,Sputnik
38933,23931,62864,42568,20296,Manipur,Sputnik
30827,36457,67284,16096,51188,Meghalaya,Sputnik
45072,49361,94433,8920,85513,Mizoram,Sputnik
30411,5589,36000,24875,11125,Nagaland,Sputnik
3905,45705,49610,43210,6400,Odisha,Sputnik
29550,15425,44975,22210,22765,Puducherry,Sputnik
38135,18858,56993,45898,11095,Punjab,Sputnik
7706,5834,13540,12960,580,Rajasthan,Sputnik
28414,34573,62987,39847,23140,Sikkim,Sputnik
32717,28889,61606,41805,19801,Tamil Nadu,Sputnik
31866,10208,42074,19145,22929,Telangana,Sputnik
45607,25538,71145,65897,5248,Tripura,Sputnik
37454,34110,71564,23110,48454,Uttarakhand,Sputnik
4745,12968,17713,13861,3852,Uttar Pradesh,Sputnik
8947,39318,48265,25907,22358,West Bengal,Sputnik
46643,8536,55179,50505,4674,Andaman and Nicobar Islands,Sputnik
17928,20471,38399,7063,31336,Andhra Pradesh,Sputnik
36937,36130,73067,26223,46844,Arunachal Pradesh,Sputnik
33672,16565,50237,28055,22182,Assam,Sputnik
44455,2870,47325,26630,20695,Bihar,Sputnik
21674,7601,29275,10453,18822,Chandigarh,Sputnik
15544,21403,36947,30590,6357,Chhattisgarh,Sputnik
49034,7641,56675,22012,34663,Dadra and Nagar Haveli and Daman and Diu,Sputnik
2313,19506,21819,16828,4991,Delhi,Sputnik
43440,6291,49731,31977,17754,Goa,Sputnik
13636,44296,57932,43385,14547,Gujarat,Sputnik
39404,10335,49739,12752,36987,Haryana,Sputnik
39449,21987,61436,55292,6144,Himachal Pradesh,Sputnik
45515,38681,84196,49121,35075,Jammu and Kashmir,Sputnik
49455,17560,67015,44120,22895,Jharkhand,Sputnik
41821,29373,71194,54326,16868,Karnataka,Sputnik
8723,33824,42547,13462,29085,Kerala,Sputnik
32672,20926,53598,46397,7201,Ladakh,Sputnik
22690,17741,40431,35872,4559,Lakshadweep,Sputnik
3928,43143,47071,29416,17655,Madhya Pradesh,Sputnik
3785,2521,6306,5590,716,Maharashtra,Sputnik
9682,19039,28721,18529,10192,Manipur,Sputnik
21413,49765,71178,53515,17663,Meghalaya,Sputnik
32693,22003,54696,51435,3261,Mizoram,Sputnik
10204,39976,50180,44711,5469,Nagaland,Sputnik
12416,29374,41790,38277,3513,Odisha,Sputnik
11974,2915,14889,11919,2970,Puducherry,Sputnik
40292,9410,49702,25517,24185,Punjab,Sputnik
33706,30552,64258,7733,56525,Rajasthan,Sputnik
7700,21261,28961,22830,6131,Sikkim,Sputnik
49042,21022,70064,61180,8884,Tamil Nadu,Sputnik
27631,4259,31890,16733,15157,Telangana,Sputnik
26806,5808,32614,28832,3782,Tripura,Sputnik
32576,38686,71262,66396,4866,Uttarakhand,Sputnik
15461,10492,25953,25191,762,Uttar Pradesh,Sputnik
37194,22036,59230,48725,10505,West Bengal,Sputnik
39233,40777,80010,34792,45218,Andaman and Nicobar Islands,Sputnik
35120,47219,82339,5266,77073,Andhra Pradesh,Sputnik
36085,18722,54807,21890,32917,Arunachal Pradesh,Sputnik
32273,12947,45220,23007,22213,Assam,Sputnik
6695,4552,11247,6445,4802,Bihar,Sputnik
38827,25043,63870,54465,9405,Chandigarh,Sputnik
10278,45188,55466,10894,44572,Chhattisgarh,Sputnik
11064,48402,59466,25772,33694,Dadra and Nagar Haveli and Daman and Diu,Sputnik
6022,36428,42450,10001,32449,Delhi,Sputnik
22842,7628,30470,6403,24067,Goa,Sputnik
22633,23634,46267,15655,30612,Gujarat,Sputnik
3067,16398,19465,13665,5800,Haryana,Sputnik
25752,7714,33466,28428,5038,Himachal Pradesh,Sputnik
45708,25105,70813,6500,64313,Jammu and Kashmir,Sputnik
34112,5815,39927,11108,28819,Jharkhand,Sputnik
29362,40750,70112,60985,9127,Karnataka,Sputnik
42821,15003,57824,46649,11175,Kerala,Sputnik
37880,47493,85373,70584,14789,Ladakh,Sputnik
34902,7922,42824,13971,28853,Lakshadweep,Sputnik
8839,20749,29588,28443,1145,Madhya Pradesh***,Sputnik
17743,48362,66105,45049,21056,Maharashtra,Sputnik
40010,42957,82967,68417,14550,Manipur,Sputnik
14611,30334,44945,26412,18533,Meghalaya,Sputnik
40446,37541,77987,52356,25631,Mizoram,Sputnik
15194,26049,41243,22049,19194,Nagaland,Sputnik
41071,34608,75679,53690,21989,Odisha,Sputnik
22390,25743,48133,5202,42931,Puducherry,Sputnik
43814,33343,77157,13114,64043,Punjab,Sputnik
39488,40884,80372,72596,7776,Rajasthan,Sputnik
15490,33798,49288,5829,43459,Sikkim,Sputnik
25581,24107,49688,45867,3821,Tamil Nadu,Sputnik
37628,20317,57945,26534,31411,Telangana,Sputnik
11439,5732,17171,15512,1659,Tripura,Sputnik
48772,41219,89991,33768,56223,Uttarakhand,Sputnik
31423,40376,71799,41126,30673,Uttar Pradesh,Sputnik
21929,31456,53385,30475,22910,West Bengal,Sputnik
27170,14595,41765,14116,27649,Andaman and Nicobar Islands,Sputnik
44115,20075,64190,49691,14499,Andhra Pradesh,Sputnik
2971,37586,40557,9287,31270,Arunachal Pradesh,Sputnik
32030,41145,73175,7845,65330,Assam,Sputnik
14479,34320,48799,13324,35475,Bihar,Sputnik
13795,44392,58187,57886,301,Chandigarh,Sputnik
29280,7686,36966,10086,26880,Chhattisgarh,Sputnik
6105,33102,39207,35213,3994,Dadra and Nagar Haveli and Daman and Diu,Sputnik
36832,2446,39278,14147,25131,Delhi,Sputnik
22450,24526,46976,39107,7869,Goa,Sputnik
42721,7213,49934,14589,35345,Gujarat,Sputnik
7522,9799,17321,11885,5436,Haryana,Sputnik
16664,49790,66454,49694,16760,Himachal Pradesh,Sputnik
21484,19092,40576,31055,9521,Jammu and Kashmir,Sputnik
44799,11342,56141,22740,33401,Jharkhand,Sputnik
19194,28336,47530,20857,26673,Karnataka,Sputnik
6676,32201,38877,5138,33739,Kerala,Sputnik
36438,36985,73423,10762,62661,Ladakh,Sputnik
49748,28315,78063,68638,9425,Lakshadweep,Sputnik
34857,27065,61922,26142,35780,Madhya Pradesh,Sputnik
37309,44485,81794,43661,38133,Maharashtra,Sputnik
32618,4068,36686,6360,30326,Manipur,Sputnik
44445,37214,81659,15776,65883,Meghalaya,Sputnik
19857,9869,29726,25495,4231,Mizoram,Sputnik
9952,47165,57117,22801,34316,Nagaland,Sputnik
17761,21120,38881,25487,13394,Odisha,Sputnik
1830,5608,7438,6000,1438,Puducherry,Sputnik
25770,8546,34316,26257,8059,Punjab,Sputnik
22263,19769,42032,19286,22746,Rajasthan,Sputnik
36254,28855,65109,25421,39688,Sikkim,Sputnik
32130,12930,45060,33302,11758,Tamil Nadu,Sputnik
3147,20060,23207,12744,10463,Telangana,Sputnik
32658,48849,81507,58825,22682,Tripura,Sputnik
36238,11299,47537,31377,16160,Uttarakhand,Sputnik
46162,36179,82341,13225,69116,Uttar Pradesh,Sputnik
21873,10246,32119,9824,22295,West Bengal,Sputnik
20941,5102,26043,24384,1659,Andaman and Nicobar Islands,Sputnik
9428,33979,43407,24853,18554,Andhra Pradesh,Sputnik
15436,19577,35013,6738,28275,Arunachal Pradesh,Sputnik
10455,25391,35846,28093,7753,Assam,Sputnik
27176,11234,38410,23086,15324,Bihar,Sputnik
6846,47305,54151,28389,25762,Chandigarh,Sputnik
19270,6824,26094,6404,19690,Chhattisgarh,Sputnik
24653,3203,27856,20448,7408,Dadra and Nagar Haveli and Daman and Diu,Sputnik
23656,34153,57809,13934,43875,Delhi,Sputnik
10045,26042,36087,16117,19970,Goa,Sputnik
8044,34068,42112,31820,10292,Gujarat,Sputnik
12627,26968,39595,24766,14829,Haryana,Sputnik
33975,14411,48386,23319,25067,Himachal Pradesh,Sputnik
29543,11137,40680,30069,10611,Jammu and Kashmir,Sputnik
17660,26382,44042,11241,32801,Jharkhand,Sputnik
16083,26679,42762,25343,17419,Karnataka,Sputnik
7759,47693,55452,38064,17388,Kerala,Sputnik
10715,38793,49508,38509,10999,Ladakh,Sputnik
11616,15563,27179,8553,18626,Lakshadweep,Sputnik
43102,42122,85224,34576,50648,Madhya Pradesh,Sputnik
37300,17451,54751,31796,22955,Maharashtra,Sputnik
18729,16666,35395,24649,10746,Manipur,Sputnik
43373,21522,64895,63640,1255,Meghalaya,Sputnik
38322,29536,67858,55954,11904,Mizoram,Sputnik
47311,34342,81653,24422,57231,Nagaland,Sputnik
37372,38155,75527,14913,60614,Odisha,Sputnik
17566,41244,58810,16883,41927,Puducherry,Sputnik
26554,23590,50144,15659,34485,Punjab,Sputnik
2539,27388,29927,23360,6567,Rajasthan,Sputnik
22916,7964,30880,24430,6450,Sikkim,Sputnik
12692,16642,29334,26366,2968,Tamil Nadu,Sputnik
8960,11273,20233,19701,532,Telangana,Sputnik
41047,7819,48866,31025,17841,Tripura,Sputnik
5690,20793,26483,13848,12635,Uttarakhand,Sputnik
35462,9972,45434,41379,4055,Uttar Pradesh,Sputnik
5909,31649,37558,32476,5082,West Bengal,Covishield
21975,39183,61158,54838,6320,Andaman and Nicobar Islands,Covishield
3055,18606,21661,14976,6685,Andhra Pradesh,Covishield
41233,43426,84659,82047,2612,Arunachal Pradesh,Covishield
8985,21477,30462,18774,11688,Assam,Covishield
41499,10252,51751,32351,19400,Bihar,Covishield
39591,32091,71682,36662,35020,Chandigarh,Covishield
16310,6596,22906,5852,17054,Chhattisgarh,Covishield
49373,14622,63995,61694,2301,Dadra and Nagar Haveli and Daman and Diu,Covishield
12378,21656,34034,16102,17932,Delhi,Covishield
46793,42872,89665,83790,5875,Goa,Covishield
39895,12189,52084,10236,41848,Gujarat,Covishield
29401,46570,75971,49844,26127,Haryana,Covishield
18084,48809,66893,13575,53318,Himachal Pradesh,Covishield
31733,16433,48166,22702,25464,Jammu and Kashmir,Covishield
3971,20831,24802,11635,13167,Jharkhand,Covishield
32126,12521,44647,23140,21507,Karnataka,Covishield
15589,24265,39854,29614,10240,Kerala,Covishield
7865,25898,33763,26702,7061,Ladakh,Covishield
30370,9654,40024,14285,25739,Lakshadweep,Covishield
11160,34075,45235,41410,3825,Madhya Pradesh,Covishield
37644,9989,47633,18741,28892,Maharashtra,Covishield
8349,44266,52615,32812,19803,Manipur,Covishield
41267,17946,59213,24924,34289,Meghalaya,Covishield
47831,12968,60799,36552,24247,Mizoram,Covishield
24963,48045,73008,11305,61703,Nagaland,Covishield
37892,33235,71127,64482,6645,Odisha,Covishield
31378,22710,54088,52175,1913,Puducherry,Covishield
10464,49554,60018,42728,17290,Punjab,Covishield
49464,32022,81486,31123,50363,Rajasthan,Covishield
17841,11260,29101,21600,7501,Sikkim,Covishield
35624,35547,71171,47348,23823,Tamil Nadu,Covishield
20400,9994,30394,6930,23464,Telangana,Covishield
32751,33247,65998,6351,59647,Tripura,Covishield
5264,46435,51699,40904,10795,Uttarakhand,Covishield
25428,49062,74490,56549,17941,Uttar Pradesh,Covishield
27713,21245,48958,5542,43416,West Bengal,Covishield
18274,32963,51237,6374,44863,Andaman and Nicobar Islands,Covishield
42777,46395,89172,63992,25180,Andhra Pradesh,Covishield
30061,41903,71964,8044,63920,Arunachal Pradesh,Covishield
37265,10592,47857,41958,5899,Assam,Covishield
12529,28434,40963,9163,31800,Bihar,Covishield
6100,14645,20745,17299,3446,Chandigarh,Covishield
30714,3925,34639,5166,29473,Chhattisgarh,Covishield
16076,6580,22656,19060,3596,Dadra and Nagar Haveli and Daman and Diu,Covishield
46172,26567,72739,71191,1548,Delhi,Covishield
37865,11549,49414,40008,9406,Goa,Covishield
15707,49845,65552,54070,11482,Gujarat,Covishield
6833,17538,24371,6266,18105,Haryana,Covishield
9679,31558,41237,33919,7318,Himachal Pradesh,Covishield
20390,28141,48531,30489,18042,Jammu and Kashmir,Covishield
21317,41344,62661,41700,20961,Jharkhand,Covishield
28860,16095,44955,6752,38203,Karnataka,Covishield
14610,47044,61654,49184,12470,Kerala,Covishield
15959,35881,51840,28605,23235,Ladakh,Covishield
29252,42485,71737,44463,27274,Lakshadweep,Covishield
6625,15461,22086,6881,15205,Madhya Pradesh,Covishield
44929,44138,89067,61889,27178,Maharashtra,Covishield
39693,5550,45243,8348,36895,Manipur,Covishield
44327,14190,58517,11936,46581,Meghalaya,Covishield
38974,5085,44059,16639,27420,Mizoram,Covishield
39292,2648,41940,29686,12254,Nagaland,Covishield
44839,39947,84786,51323,33463,Odisha,Covishield
21692,11117,32809,5082,27727,Puducherry,Covishield
11098,43477,54575,29405,25170,Punjab,Covishield
41894,43164,85058,22761,62297,Rajasthan,Covishield
15892,48661,64553,31108,33445,Sikkim,Covishield
8823,1859,10682,7292,3390,Tamil Nadu,Covishield
37405,42525,79930,48319,31611,Telangana,Covishield
42770,7946,50716,48460,2256,Tripura,Covishield
3363,9480,12843,11829,1014,Uttarakhand,Covishield
19889,49987,69876,61171,8705,Uttar Pradesh,Covishield
8870,36079,44949,10835,34114,West Bengal,Covishield
7055,35356,42411,33046,9365,Andaman and Nicobar Islands,Covishield
18527,3469,21996,17826,4170,Andhra Pradesh,Covishield
36682,43101,79783,28041,51742,Arunachal Pradesh,Covishield
2866,35150,38016,13755,24261,Assam,Covishield
9743,49710,59453,19293,40160,Bihar,Covishield
19986,45398,65384,25306,40078,Chandigarh,Covishield
47340,48355,95695,65992,29703,Chhattisgarh,Covishield
46105,14014,60119,57925,2194,Dadra and Nagar Haveli and Daman and Diu,Covishield
39269,23413,62682,28666,34016,Delhi,Covishield
48474,47207,95681,62008,33673,Goa,Covishield
25278,11546,36824,32108,4716,Gujarat,Covishield
46652,7988,54640,12237,42403,Haryana,Covishield
8777,30771,39548,15044,24504,Himachal Pradesh,Covishield
13375,44242,57617,7910,49707,Jammu and Kashmir,Covishield
21300,39052,60352,25006,35346,Jharkhand,Covishield
36229,20280,56509,44511,11998,Karnataka,Covishield
8607,35406,44013,25366,18647,Kerala,Covishield
25487,12240,37727,11709,26018,Ladakh,Covishield
11457,32785,44242,38432,5810,Lakshadweep,Covishield
14394,33628,48022,27576,20446,Madhya Pradesh,Covishield
41879,37166,79045,21175,57870,Maharashtra,Covishield
23689,40235,63924,16624,47300,Manipur,Covishield
43307,11970,55277,11698,43579,Meghalaya,Covishield
33855,44274,78129,64686,13443,Mizoram,Covishield
18498,22388,40886,10130,30756,Nagaland,Covishield
40476,43197,83673,25827,57846,Odisha,Covishield
20635,3037,23672,19778,3894,Puducherry,Covishield
45999,27516,73515,14290,59225,Punjab,Covishield
30141,11718,41859,38447,3412,Rajasthan,Covishield
18511,34292,52803,34209,18594,Sikkim,Covishield
6186,12332,18518,8708,9810,Tamil Nadu,Covishield
6577,23669,30246,14926,15320,Telangana,Covishield
46608,6926,53534,40123,13411,Tripura,Covishield
20286,29090,49376,10629,38747,Uttarakhand,Covishield
37869,19875,57744,38321,19423,Uttar Pradesh,Covishield
32970,20908,53878,19353,34525,West Bengal,Covishield
19854,4796,24650,24048,602,Andaman and Nicobar Islands,Covishield
35172,17407,52579,8510,44069,Andhra Pradesh,Covishield
9958,24389,34347,33565,782,Arunachal Pradesh,Covishield
36031,42388,78419,69515,8904,Assam,Covishield
17272,24758,42030,39280,2750,Bihar,Covishield
10699,37561,48260,16868,31392,Chandigarh,Covishield
36210,35352,71562,8522,63040,Chhattisgarh,Covishield
33531,17643,51174,11710,39464,Dadra and Nagar Haveli and Daman and Diu,Covishield
11700,18272,29972,22802,7170,Delhi,Covishield
36947,21430,58377,22254,36123,Goa,Covishield
48219,2467,50686,13808,36878,Gujarat,Covishield
42542,29386,71928,21923,50005,Haryana,Covishield
9957,4128,14085,8406,5679,Himachal Pradesh,Covishield
23073,31836,54909,6049,48860,Jammu and Kashmir,Covishield
40445,20280,60725,41744,18981,Jharkhand,Covishield
22462,41965,64427,54991,9436,Karnataka,Covishield
32294,45693,77987,48394,29593,Kerala,Covishield
12615,48377,60992,44700,16292,Ladakh,Covishield
35430,12383,47813,5897,41916,Lakshadweep,Covishield
3715,31049,34764,15307,19457,Madhya Pradesh,Covishield
13461,21047,34508,31486,3022,Maharashtra,Covishield
48514,20103,68617,7268,61349,Manipur,Covishield
30297,44116,74413,43281,31132,Meghalaya,Covishield
36176,38905,75081,36336,38745,Mizoram,Covishield
15561,42960,58521,22127,36394,Nagaland,Covishield
18882,38768,57650,35197,22453,Odisha,Covishield
1749,6326,8075,5847,2228,Puducherry,Covishield
42415,2563,44978,38486,6492,Punjab,Covishield
48080,44490,92570,84951,7619,Rajasthan,Covishield
35473,33422,68895,21646,47249,Sikkim,Covishield
36904,17569,54473,39368,15105,Tamil Nadu,Covishield
21529,19703,41232,35394,5838,Telangana,Covishield
9495,18174,27669,21060,6609,Tripura,Covishield
24839,10095,34934,17991,16943,Uttarakhand,Covishield
40142,35481,75623,6747,68876,Uttar Pradesh,Covishield
33810,16317,50127,40022,10105,West Bengal,Covishield
48459,18501,66960,51770,15190,Andaman and Nicobar Islands,Covishield
29272,39438,68710,29415,39295,Andhra Pradesh,Covishield
21875,13302,35177,17129,18048,Arunachal Pradesh,Covishield
41546,16640,58186,8915,49271,Assam,Covishield
19958,2362,22320,18992,3328,Bihar,Covishield
37954,28389,66343,64096,2247,Chandigarh,Covishield
22594,49387,71981,67267,4714,Chhattisgarh,Covishield
18042,1963,20005,7873,12132,Dadra and Nagar Haveli and Daman and Diu,Covishield
5438,14081,19519,13121,6398,Delhi,Covishield
15418,29192,44610,34401,10209,Goa,Covishield
47800,22200,70000,53167,16833,Gujarat,Covishield
39369,41736,81105,20182,60923,Haryana,Covishield
43495,36906,80401,19980,60421,Himanchal Pradesh,Covishield
44224,45329,89553,40883,48670,Jammu and Kashmir,Covishield
32543,46035,78578,21450,57128,Jharkhand,Covishield
21551,5327,26878,24105,2773,Karanataka,Covishield
43446,38208,81654,45544,36110,Kerala,Covishield
14011,43196,57207,38362,18845,Ladakh,Covishield
40323,46238,86561,44781,41780,Lakshadweep,Covishield
7220,8305,15525,11375,4150,Madhya Pradesh,Covishield
48624,49609,98233,69077,29156,Maharashtra,Covishield
16663,13150,29813,24992,4821,Manipur,Covishield
33833,4452,38285,12208,26077,Meghalaya,Covishield
4490,21378,25868,7714,18154,Mizoram,Covishield
26230,46093,72323,33434,38889,Nagaland,Covishield
11572,3116,14688,7151,7537,Odisha,Covishield
13045,41523,54568,10903,43665,Puducherry,Covishield
2499,3381,5880,5087,793,Punjab,Covishield
48604,12664,61268,45994,15274,Rajasthan,Covishield
45506,2519,48025,15620,32405,Sikkim,Covishield
21032,32881,53913,45332,8581,Tamil Nadu,Covishield
16826,42906,59732,47205,12527,Telangana,Covishield
48422,24455,72877,72040,837,Tripura,Covishield
38269,44508,82777,28120,54657,Uttarakhand,Covishield
17266,35107,52373,36956,15417,Uttar Pradesh,Covishield
33405,44610,78015,44590,33425,West Bengal,Covishield
14058,1716,15774,11102,4672,Andaman and Nicobar Islands,Covishield
3278,20751,24029,6102,17927,Andhra Pradesh,Covishield
24723,43995,68718,50145,18573,Arunachal Pradesh,Covishield
10811,46888,57699,55833,1866,Assam,Covishield
19066,33363,52429,7679,44750,Bihar,Covishield
24678,46772,71450,52543,18907,Chandigarh,Covishield
45467,6944,52411,22195,30216,Chhattisgarh,Covishield
2158,14602,16760,8297,8463,Dadra and Nagar Haveli and Daman and Diu,Covishield
45344,44547,89891,87375,2516,Delhi,Covishield
6041,47590,53631,40240,13391,Goa,Covishield
43800,30752,74552,26154,48398,Gujarat,Covishield
3257,3677,6934,5829,1105,Haryana,Covishield
11414,46365,57779,15168,42611,Himachal Pradesh,Covishield
1784,41079,42863,40533,2330,Jammu and Kashmir,Covishield
37777,44814,82591,34045,48546,Jharkhand,Covishield
8481,5752,14233,11755,2478,Karnataka,Covishield
23286,10455,33741,10811,22930,Kerala,Covishield
4708,43555,48263,22137,26126,Ladakh,Covishield
9157,11469,20626,9244,11382,Lakshadweep,Covishield
1625,7947,9572,5282,4290,Madhya Pradesh,Covishield
32068,32898,64966,48450,16516,Maharashtra***,Covishield
38490,38764,77254,65456,11798,Manipur,Covishield
39942,31026,70968,50439,20529,Meghalaya,Covishield
17371,24923,42294,10761,31533,Mizoram,Covishield
33639,10066,43705,39368,4337,Nagaland,Covishield
14263,33777,48040,46753,1287,Odisha,Covishield
12299,42235,54534,37145,17389,Puducherry,Covishield
35530,6880,42410,14945,27465,Punjab,Covishield
49878,7894,57772,16369,41403,Rajasthan,Covishield
22496,47716,70212,31596,38616,Sikkim,Covishield
36506,11910,48416,13494,34922,Tamil Nadu,Covishield
16183,23440,39623,6741,32882,Telangana,Covishield
47903,36383,84286,47193,37093,Tripura,Covishield
47440,40124,87564,11995,75569,Uttarakhand,Covishield
21596,1715,23311,9271,14040,Uttar Pradesh,Covishield
36546,9527,46073,24957,21116,West Bengal,Covishield
45920,34417,80337,64238,16099,Andaman and Nicobar Islands,Covishield
25209,4799,30008,27654,2354,Andhra Pradesh,Covishield
8026,24735,32761,25373,7388,Arunachal Pradesh,Covishield
39291,10428,49719,40377,9342,Assam,Covishield
19561,26813,46374,39055,7319,Bihar,Covishield
39355,25306,64661,34232,30429,Chandigarh,Covishield
16492,43013,59505,54440,5065,Chhattisgarh,Covishield
26596,27136,53732,39625,14107,Dadra and Nagar Haveli and Daman and Diu,Covishield
33910,27530,61440,13892,47548,Delhi,Covishield
40273,22528,62801,25602,37199,Goa,Covishield
12681,46207,58888,29131,29757,Gujarat,Covishield
20154,22645,42799,34351,8448,Haryana,Covishield
23490,24275,47765,45953,1812,Himachal Pradesh,Covishield
5980,34851,40831,10314,30517,Jammu and Kashmir,Covishield
25175,35683,60858,44043,16815,Jharkhand,Covishield
10748,10497,21245,19674,1571,Karnataka,Covishield
42926,6391,49317,48030,1287,Kerala,Covishield
17745,44958,62703,46704,15999,Ladakh,Covishield
28452,25789,54241,15280,38961,Lakshadweep,Covishield
16658,36680,53338,11566,41772,Madhya Pradesh,Covishield
21595,26645,48240,5450,42790,Maharashtra,Covishield
11791,13573,25364,14549,10815,Manipur,Covishield
13471,16663,30134,28140,1994,Meghalaya,Covishield
2386,13163,15549,15320,229,Mizoram,Covishield
43257,6823,50080,5999,44081,Nagaland,Covishield
34793,33754,68547,41450,27097,Odisha,Covishield
38366,14601,52967,18632,34335,Puducherry,Covishield
48834,46566,95400,42004,53396,Punjab,Covishield
42257,45025,87282,36838,50444,Rajasthan,Covishield
22115,43784,65899,7469,58430,Sikkim,Covishield
39601,15317,54918,25423,29495,Tamil Nadu,Covishield
22840,26213,49053,30945,18108,Telangana,Covishield
13328,17123,30451,21507,8944,Tripura,Covishield
40541,20804,61345,34177,27168,Uttarakhand,Covishield
25080,26388,51468,12908,38560,Uttar Pradesh,Covishield
27501,6022,33523,14650,18873,West Bengal,Covishield
34212,44238,78450,10081,68369,Andaman and Nicobar Islands,Covishield
17377,48947,66324,26085,40239,Andhra Pradesh,Covishield
22349,21518,43867,24003,19864,Arunachal Pradesh,Covishield
28991,12975,41966,26860,15106,Assam,Covishield
39513,6878,46391,14357,32034,Bihar,Covishield
24229,17768,41997,24887,17110,Chandigarh,Covishield
7596,18321,25917,12532,13385,Chhattisgarh,Covishield
35859,5639,41498,13912,27586,Dadra and Nagar Haveli and Daman and Diu,Covishield
48223,17138,65361,34751,30610,Delhi,Covishield
43892,34910,78802,33673,45129,Goa,Covishield
4719,32464,37183,8441,28742,Gujarat,Covishield
30678,1999,32677,9863,22814,Haryana,Covishield
8944,48297,57241,24268,32973,Himachal Pradesh,Covishield
48861,4428,53289,38788,14501,Jammu and Kashmir,Covishield
47556,37619,85175,55723,29452,Jharkhand,Covishield
15017,2860,17877,11163,6714,Karnataka,Covishield
7575,30401,37976,18208,19768,Kerala,Covishield
46628,23582,70210,55778,14432,Ladakh,Covishield
28784,38015,66799,44596,22203,Lakshadweep,Covishield
3832,26225,30057,29173,884,Madhya Pradesh,Covishield
44115,22087,66202,27678,38524,Maharashtra,Covishield
40131,22757,62888,7382,55506,Manipur,Covishield
18499,6702,25201,12535,12666,Meghalaya,Covishield
22733,10689,33422,11817,21605,Mizoram,Covishield
5624,41248,46872,15211,31661,Nagaland,Covishield
47467,41696,89163,80702,8461,Odisha,Covishield
37464,9999,47463,33849,13614,Puducherry,Covishield
41581,9199,50780,47345,3435,Punjab,Covishield
9271,43564,52835,7482,45353,Rajasthan,Covishield
36749,7715,44464,29785,14679,Sikkim,Covishield
23720,16098,39818,17513,22305,Tamil Nadu,Covishield
43950,41405,85355,65826,19529,Telangana,Covishield
40334,11114,51448,46691,4757,Tripura,Covishield
41778,31647,73425,20320,53105,Uttarakhand,Covishield
19851,2452,22303,18489,3814,Uttar Pradesh,Covishield
9449,30031,39480,32604,6876,West Bengal,Covishield
14270,23701,37971,21931,16040,Andaman and Nicobar Islands,Covishield
10733,10031,20764,7935,12829,Andhra Pradesh,Covishield
47271,27984,75255,42510,32745,Arunachal Pradesh,Covishield
43670,16137,59807,56929,2878,Assam,Covishield
26714,20049,46763,31976,14787,Bihar,Covishield
47118,49435,96553,76267,20286,Chandigarh,Covishield
42242,5143,47385,36584,10801,Chhattisgarh,Covishield
6582,23069,29651,26916,2735,Dadra and Nagar Haveli and Daman and Diu,Covishield
25083,2336,27419,26317,1102,Delhi,Covishield
38080,26772,64852,48310,16542,Goa,Covishield
45434,44758,90192,31788,58404,Gujarat,Covishield
34701,39286,73987,69898,4089,Haryana,Covishield
38948,15387,54335,14375,39960,Himachal Pradesh,Covishield
45128,38826,83954,14230,69724,Jammu and Kashmir,Covishield
41091,22179,63270,33214,30056,Jharkhand,Covishield
13340,47133,60473,22116,38357,Karnataka,Covishield
41386,34506,75892,71181,4711,Kerala,Covishield
33950,25715,59665,52289,7376,Ladakh,Covishield
21864,46539,68403,8770,59633,Lakshadweep,Covishield
4484,1790,6274,5509,765,Madhya Pradesh,Covishield
17709,44131,61840,6845,54995,Maharashtra,Covishield
35204,4965,40169,32358,7811,Manipur,Covishield
3850,17379,21229,5549,15680,Meghalaya,Covishield
5435,24098,29533,15102,14431,Mizoram,Covishield
29966,29096,59062,24017,35045,Nagaland,Covishield
45708,30563,76271,5173,71098,Odisha,Covishield
46357,28607,74964,17035,57929,Puducherry,Covishield
25324,24109,49433,17536,31897,Punjab,Covishield
39640,15770,55410,6236,49174,Rajasthan,Covishield
12028,25872,37900,35003,2897,Sikkim,Covishield
10971,31992,42963,38859,4104,Tamil Nadu,Covishield
41579,1919,43498,19111,24387,Telangana,Covishield
12651,13884,26535,22201,4334,Tripura,Covishield
37229,30194,67423,11486,55937,Uttarakhand,Covishield
43200,2030,45230,14373,30857,Uttar Pradesh,Covishield
19219,23518,42737,27364,15373,West Bengal,Covishield
31565,23630,55195,54039,1156,Andaman and Nicobar Islands,Covishield
19653,44292,63945,37026,26919,Andhra Pradesh,Covishield
21440,10272,31712,9244,22468,Arunachal Pradesh,Covishield
18696,26051,44747,7373,37374,Assam,Covishield
39912,21087,60999,58624,2375,Bihar,Covishield
20581,10766,31347,24618,6729,Chandigarh,Covishield
39869,7551,47420,25379,22041,Chhattisgarh,Covishield
45458,10515,55973,6265,49708,Dadra and Nagar Haveli and Daman and Diu,Covishield
41253,43207,84460,25215,59245,Delhi,Covishield
24304,18941,43245,5272,37973,Goa,Covishield
42517,5457,47974,44055,3919,Gujarat,Covishield
27400,10817,38217,20216,18001,Haryana,Covishield
32458,40305,72763,11330,61433,Himachal Pradesh,Covishield
42551,19748,62299,50148,12151,Jammu and Kashmir,Covishield
41928,37546,79474,61155,18319,Jharkhand,Covishield
6226,3985,10211,7144,3067,Karnataka,Covishield
25641,14686,40327,32098,8229,Kerala,Covishield
14165,39936,54101,41778,12323,Ladakh,Covishield
34335,3571,37906,14853,23053,Lakshadweep,Covishield
43471,13236,56707,39446,17261,Madhya Pradesh,Covishield
16217,14206,30423,21419,9004,Maharashtra,Covishield
28386,40716,69102,59537,9565,Manipur,Covishield
26340,48336,74676,10437,64239,Meghalaya,Covishield
48357,35893,84250,48459,35791,Mizoram,Covishield
45836,20789,66625,7119,59506,Nagaland,Covishield
14814,25441,40255,30605,9650,Odisha,Covishield
8455,5261,13716,11420,2296,Puducherry,Covishield
37192,33233,70425,10208,60217,Punjab,Covishield
13266,5373,18639,5318,13321,Rajasthan,Covishield
26071,5892,31963,9392,22571,Sikkim,Covishield
15190,32027,47217,22312,24905,Tamil Nadu,Covishield
28172,46593,74765,27274,47491,Telangana,Covishield
41427,44033,85460,8132,77328,Tripura,Covishield
37790,17360,55150,40927,14223,Uttarakhand,Covishield
29835,12284,42119,9226,32893,Uttar Pradesh,Covishield
27739,22978,50717,32103,18614,West Bengal,Covishield
14139,32350,46489,5802,40687,Andaman and Nicobar Islands,Covishield
14746,37397,52143,27088,25055,Andhra Pradesh,Covishield
33380,21162,54542,24060,30482,Arunachal Pradesh,Covishield
12992,34343,47335,35977,11358,Assam,Covishield
47691,12545,60236,50415,9821,Bihar,Covishield
42328,38803,81131,59523,21608,Chandigarh,Covishield
49408,48240,97648,74878,22770,Chhattisgarh,Covishield
9282,29697,38979,38858,121,Dadra and Nagar Haveli and Daman and Diu,Covishield
38452,21359,59811,57714,2097,Delhi,Covishield
28040,3398,31438,23443,7995,Goa,Covishield
4260,14949,19209,8076,11133,Gujarat,Covishield
17103,45406,62509,57491,5018,Haryana,Covishield
46926,10326,57252,9160,48092,Himachal Pradesh,Covishield
45834,22869,68703,34661,34042,Jammu and Kashmir,Covishield
9658,24617,34275,30109,4166,Jharkhand,Covishield
17518,7976,25494,15357,10137,Karnataka,Covishield
21302,23604,44906,33967,10939,Kerala,Covishield
31885,19810,51695,21150,30545,Ladakh,Covishield
27022,37181,64203,38221,25982,Lakshadweep,Covishield
47620,29108,76728,34925,41803,Madhya Pradesh,Covishield
47908,40113,88021,86880,1141,Maharashtra,Covishield
32491,29179,61670,45312,16358,Manipur,Covishield
25860,17572,43432,23218,20214,Meghalaya,Covishield
24727,23064,47791,15680,32111,Mizoram,Covishield
22966,41344,64310,50403,13907,Nagaland,Covishield
35542,42711,78253,19735,58518,Odisha,Covishield
11617,39655,51272,8761,42511,Puducherry,Covishield
20733,33451,54184,16211,37973,Punjab,Covishield
48120,42882,91002,84825,6177,Rajasthan,Covishield
33849,35366,69215,37314,31901,Sikkim,Covishield
47029,24668,71697,25557,46140,Tamil Nadu,Covishield
31267,43731,74998,20383,54615,Telangana,Covishield
13230,16286,29516,15685,13831,Tripura,Covishield
23080,49554,72634,44844,27790,Uttarakhand,Covishield
47513,44997,92510,7846,84664,Uttar Pradesh,Covishield
44423,3057,47480,15088,32392,West Bengal,Covishield
11052,16958,28010,26212,1798,Andaman and Nicobar Islands,Covishield
43761,33373,77134,26803,50331,Andhra Pradesh,Covishield
45463,24785,70248,65851,4397,Arunachal Pradesh,Covishield
23671,16951,40622,16730,23892,Assam,Covishield
42257,30445,72702,41984,30718,Bihar,Covishield
11998,37268,49266,39559,9707,Chandigarh,Covishield
6751,36085,42836,5326,37510,Chhattisgarh,Covishield
26156,49347,75503,19053,56450,Dadra and Nagar Haveli and Daman and Diu,Covishield
41384,35064,76448,65815,10633,Delhi,Covishield
3325,33028,36353,35991,362,Goa,Covishield
39491,30525,70016,62096,7920,Gujarat,Covishield
11845,44655,56500,44632,11868,Haryana,Covishield
9733,1791,11524,5084,6440,Himachal Pradesh,Covishield
9399,35023,44422,30666,13756,Jammu and Kashmir,Covishield
17125,10888,28013,18481,9532,Jharkhand,Covishield
1948,32215,34163,29573,4590,Karnataka,Covishield
5271,36215,41486,19577,21909,Kerala,Covishield
29475,18734,48209,34724,13485,Ladakh,Covishield
1976,33102,35078,15643,19435,Lakshadweep,Covishield
43801,17562,61363,47647,13716,Madhya Pradesh,Covishield
33810,12593,46403,6576,39827,Maharashtra,Covishield
27005,35161,62166,28716,33450,Manipur,Covishield
32805,4970,37775,30875,6900,Meghalaya,Covishield
7108,15117,22225,15514,6711,Mizoram,Covishield
35967,29343,65310,61064,4246,Nagaland,Covishield
30223,11163,41386,10477,30909,Odisha,Covishield
37587,35802,73389,48177,25212,Puducherry,Covishield
47062,10520,57582,11747,45835,Punjab,Covishield
1625,15772,17397,7564,9833,Rajasthan,Covishield
6344,12449,18793,5080,13713,Sikkim,Covishield
47279,8239,55518,41105,14413,Tamil Nadu,Covishield
43035,22136,65171,26299,38872,Telangana,Covishield
9510,41487,50997,42759,8238,Tripura,Covishield
17266,36875,54141,10218,43923,Uttarakhand,Covishield
20953,26438,47391,29649,17742,Uttar Pradesh,Covishield
46593,7583,54176,12558,41618,West Bengal,Covishield
13232,16260,29492,19243,10249,Andaman and Nicobar Islands,Covishield
8053,44676,52729,21389,31340,Andhra Pradesh,Covishield
11670,39591,51261,32428,18833,Arunachal Pradesh,Covishield
42709,12006,54715,38386,16329,Assam,Covishield
43339,26591,69930,14439,55491,Bihar,Covishield
31432,48545,79977,42256,37721,Chandigarh,Covishield
9094,40187,49281,38643,10638,Chhattisgarh,Covishield
28121,34145,62266,49678,12588,Dadra and Nagar Haveli and Daman and Diu,Covishield
22828,22405,45233,44894,339,Delhi,Covishield
4816,6691,11507,8094,3413,Goa,Covishield
28686,39655,68341,42562,25779,Gujarat,Covishield
38249,20015,58264,41380,16884,Haryana,Covishield
5348,12435,17783,10524,7259,Himachal Pradesh,Covishield
33830,34305,68135,52267,15868,Jammu and Kashmir,Covishield
25725,33863,59588,29915,29673,Jharkhand,Covishield
31892,22337,54229,32958,21271,Karnataka,Covishield
49416,36264,85680,71135,14545,Kerala,Covishield
27480,38254,65734,42060,23674,Ladakh,Covishield
47277,37791,85068,61974,23094,Lakshadweep,Covishield
30200,7356,37556,30567,6989,Madhya Pradesh,Covishield
13242,2061,15303,8947,6356,Maharashtra,Covishield
39306,36866,76172,66287,9885,Manipur,Covishield
9633,31401,41034,33966,7068,Meghalaya,Covishield
42166,12484,54650,48333,6317,Mizoram,Covishield
3564,10801,14365,12692,1673,Nagaland,Covishield
24346,39594,63940,9681,54259,Odisha,Covishield
45710,5712,51422,28264,23158,Puducherry,Covishield
32060,39376,71436,40329,31107,Punjab,Covishield
49424,49794,99218,85201,14017,Rajasthan,Covishield
40561,9448,50009,11305,38704,Sikkim,Covishield
8435,16663,25098,14955,10143,Tamil Nadu,Covishield
44094,39865,83959,71497,12462,Telangana,Covishield
43695,32427,76122,60114,16008,Tripura,Covishield
7675,47480,55155,26555,28600,Uttarakhand,Covishield
4031,28863,32894,5407,27487,Uttar Pradesh,Covishield
19315,21335,40650,20794,19856,West Bengal,Covishield
37823,9095,46918,43180,3738,Andaman and Nicobar Islands,Covishield
46935,4284,51219,31983,19236,Andhra Pradesh,Covishield
43968,42581,86549,37782,48767,Arunachal Pradesh,Covishield
49772,19891,69663,29586,40077,Assam,Covishield
16867,48288,65155,23979,41176,Bihar,Covishield
40518,12450,52968,25255,27713,Chandigarh,Covishield
26102,13660,39762,16683,23079,Chhattisgarh,Covishield
43821,41278,85099,26405,58694,Dadra and Nagar Haveli and Daman and Diu,Covishield
49322,2106,51428,49866,1562,Delhi,Covishield
38047,2797,40844,10085,30759,Goa,Covishield
4734,1701,6435,5392,1043,Gujarat,Covishield
6522,28285,34807,29364,5443,Haryana,Covishield
13142,15372,28514,8791,19723,Himachal Pradesh,Covishield
6351,22158,28509,13963,14546,Jammu and Kashmir,Covishield
22642,15637,38279,15710,22569,Jharkhand,Covishield
35591,33726,69317,25304,44013,Karnataka,Covishield
36396,11734,48130,44425,3705,Kerala,Covishield
39575,44960,84535,31834,52701,Ladakh,Covishield
7615,5456,13071,7890,5181,Lakshadweep,Covishield
5548,34039,39587,5529,34058,Madhya Pradesh,Covishield
46587,31126,77713,35346,42367,Maharashtra,Covishield
14769,35745,50514,26915,23599,Manipur,Covishield
18411,10347,28758,6037,22721,Meghalaya,Covishield
42143,44296,86439,9082,77357,Mizoram,Covishield
44072,5840,49912,28204,21708,Nagaland,Covishield
9245,2721,11966,6657,5309,Odisha,Covishield
19253,43305,62558,12669,49889,Puducherry,Covishield
37349,41105,78454,49201,29253,Punjab,Covishield
13376,36884,50260,21855,28405,Rajasthan,Covishield
26713,5835,32548,7156,25392,Sikkim,Covishield
19305,11369,30674,14238,16436,Tamil Nadu,Covishield
45194,41771,86965,82278,4687,Telangana,Covishield
41588,47889,89477,31498,57979,Tripura,Covishield
36086,19434,55520,36329,19191,Uttarakhand,Covishield
15140,7111,22251,11063,11188,Uttar Pradesh,Covishield
31433,38137,69570,48185,21385,West Bengal,Covishield
1976,8552,10528,6901,3627,Andaman and Nicobar Islands,Covishield
39609,32342,71951,28668,43283,Andhra Pradesh,Covishield
29904,40504,70408,34409,35999,Arunachal Pradesh,Covishield
18675,34059,52734,20493,32241,Assam,Covishield
1797,14844,16641,8108,8533,Bihar,Covishield
44751,25989,70740,52980,17760,Chandigarh,Covishield
2319,35335,37654,20145,17509,Chhattisgarh,Covishield
30353,26839,57192,38529,18663,Dadra and Nagar Haveli and Daman and Diu,Covishield
46746,40705,87451,52250,35201,Delhi,Covishield
14585,39161,53746,45396,8350,Goa,Covishield
43885,42827,86712,77778,8934,Gujarat,Covishield
5396,6277,11673,6584,5089,Haryana,Covishield
34692,25197,59889,44891,14998,Himachal Pradesh,Covishield
34118,9207,43325,13483,29842,Jammu and Kashmir,Covishield
36650,6537,43187,28268,14919,Jharkhand,Covishield
3594,26072,29666,12235,17431,Karnataka,Covishield
18087,21355,39442,27846,11596,Kerala,Covishield
49840,25119,74959,63325,11634,Ladakh,Covishield
8372,29652,38024,17959,20065,Lakshadweep,Covishield
37083,26266,63349,27441,35908,Madhya Pradesh,Covishield
43697,30170,73867,38859,35008,Maharashtra,Covishield
4573,49666,54239,15433,38806,Manipur,Covishield
49566,42705,92271,47436,44835,Meghalaya,Covishield
35073,26595,61668,24162,37506,Mizoram,Covishield
29219,10724,39943,9259,30684,Nagaland,Covishield
9464,9504,18968,8973,9995,Odisha,Covishield
26888,4025,30913,11571,19342,Puducherry,Covishield
44701,11920,56621,13432,43189,Punjab,Covishield
23811,11993,35804,8882,26922,Rajasthan,Covishield
8503,9693,18196,13382,4814,Sikkim,Covishield
15330,3570,18900,9230,9670,Tamil Nadu,Covishield
3665,33612,37277,27604,9673,Telangana,Covishield
44227,31319,75546,46289,29257,Tripura,Covishield
6481,24215,30696,29626,1070,Uttarakhand,Covishield
10631,41779,52410,38306,14104,Uttar Pradesh,Covishield
35702,2682,38384,28211,10173,West Bengal,Covishield
47707,45175,92882,90306,2576,Andaman and Nicobar Islands,Covishield
11406,16711,28117,12556,15561,Andhra Pradesh,Covishield
8245,42607,50852,37235,13617,Arunachal Pradesh,Covishield
13773,38019,51792,33822,17970,Assam,Covishield
23139,39479,62618,49877,12741,Bihar,Covishield
37685,11478,49163,11845,37318,Chandigarh,Covishield
10759,1678,12437,9382,3055,Chhattisgarh,Covishield
11678,38336,50014,23992,26022,Dadra and Nagar Haveli and Daman and Diu,Covishield
37052,41876,78928,24243,54685,Delhi,Covishield
22689,26466,49155,5143,44012,Goa,Covishield
27557,41473,69030,43993,25037,Gujarat,Covishield
24498,14005,38503,11295,27208,Haryana,Covishield
24971,10951,35922,16142,19780,Himachal Pradesh,Covishield
9354,39473,48827,15286,33541,Jammu and Kashmir,Covishield
36681,27667,64348,25116,39232,Jharkhand,Covishield
17847,19246,37093,14846,22247,Karnataka,Covishield
22745,49898,72643,56519,16124,Kerala,Covishield
30772,21054,51826,31139,20687,Ladakh,Covishield
18057,42416,60473,7263,53210,Lakshadweep,Covishield
24842,5980,30822,10974,19848,Madhya Pradesh,Covishield
47226,29820,77046,74292,2754,Maharashtra,Covishield
25772,42748,68520,9817,58703,Manipur,Covishield
17193,41261,58454,36776,21678,Meghalaya,Covishield
26089,35145,61234,50483,10751,Mizoram,Covishield
29927,27362,57289,55645,1644,Nagaland,Covishield
24371,41905,66276,43182,23094,Odisha,Covishield
28546,36122,64668,55069,9599,Puducherry,Covishield
26201,7343,33544,15433,18111,Punjab,Covishield
34066,11885,45951,42320,3631,Rajasthan,Covishield
8866,44972,53838,27383,26455,Sikkim,Covishield
40058,18336,58394,58159,235,Tamil Nadu,Covishield
5131,38137,43268,30631,12637,Telangana,Covishield
21570,29975,51545,12402,39143,Tripura,Covishield
11575,48812,60387,15155,45232,Uttarakhand,Covishield
19931,13481,33412,15366,18046,Uttar Pradesh,Covishield
6298,1536,7834,5456,2378,West Bengal,Covishield
36611,3403,40014,38362,1652,Andaman and Nicobar Islands,Covishield
3977,48937,52914,26649,26265,Andhra Pradesh,Covishield
13551,47603,61154,25869,35285,Arunachal Pradesh,Covishield
21694,23232,44926,41391,3535,Assam,Covishield
22584,28093,50677,28703,21974,Bihar,Covishield
30757,43202,73959,35491,38468,Chandigarh,Covishield
40250,41315,81565,64636,16929,Chhattisgarh,Covishield
41453,5839,47292,41696,5596,Dadra and Nagar Haveli and Daman and Diu,Covishield
41359,3437,44796,30395,14401,Delhi,Covishield
12626,25078,37704,8001,29703,Goa,Covishield
14184,18149,32333,19620,12713,Gujarat,Covishield
48598,37072,85670,78938,6732,Haryana,Covishield
32524,17752,50276,20773,29503,Himachal Pradesh,Covishield
29096,15955,45051,19337,25714,Jammu and Kashmir,Covishield
13181,21777,34958,17984,16974,Jharkhand,Covishield
22123,2210,24333,8330,16003,Karnataka,Covishield
15576,41584,57160,7667,49493,Kerala,Covishield
4837,27536,32373,24882,7491,Ladakh,Covishield
16680,30184,46864,37610,9254,Lakshadweep,Covishield
44290,30211,74501,37321,37180,Madhya Pradesh,Covishield
19017,24209,43226,14557,28669,Maharashtra,Covishield
15805,32628,48433,39143,9290,Manipur,Covishield
28583,43849,72432,45072,27360,Meghalaya,Covishield
40993,29993,70986,31986,39000,Mizoram,Covishield
48877,10368,59245,10375,48870,Nagaland,Covishield
41515,4612,46127,29442,16685,Odisha,Covishield
33978,18259,52237,29434,22803,Puducherry,Covishield
22341,26541,48882,33606,15276,Punjab,Covishield
14692,23791,38483,23034,15449,Rajasthan,Covishield
39194,19908,59102,8103,50999,Sikkim,Covishield
36677,22554,59231,58978,253,Tamil Nadu,Covishield
33479,39243,72722,6754,65968,Telangana,Covishield
24951,31976,56927,41383,15544,Tripura,Covishield
49591,45778,95369,13604,81765,Uttarakhand,Covishield
33096,26100,59196,9368,49828,Uttar Pradesh,Covishield
11316,29492,40808,21905,18903,West Bengal,Covishield
7716,38067,45783,14462,31321,Andaman and Nicobar Islands,Covishield
17944,6082,24026,13611,10415,Andhra Pradesh,Covishield
35763,13655,49418,38775,10643,Arunachal Pradesh,Covishield
13934,29912,43846,11283,32563,Assam,Covishield
40318,38414,78732,72805,5927,Bihar,Covishield
5735,4698,10433,9125,1308,Chandigarh,Covishield
14466,11869,26335,16124,10211,Chhattisgarh,Covishield
48981,12513,61494,47448,14046,Dadra and Nagar Haveli and Daman and Diu,Covishield
10234,30747,40981,29179,11802,Delhi,Covishield
42770,47535,90305,90055,250,Goa,Covishield
21308,5927,27235,23172,4063,Gujarat,Covishield
10722,7750,18472,16177,2295,Haryana,Covishield
33932,30052,63984,25184,38800,Himachal Pradesh,Covishield
36540,23172,59712,17011,42701,Jammu and Kashmir,Covishield
6305,49830,56135,43827,12308,Jharkhand,Covishield
42760,34749,77509,57682,19827,Karnataka,Covishield
13998,26943,40941,36307,4634,Kerala,Covishield
36810,9969,46779,35699,11080,Ladakh,Covishield
44526,45411,89937,21119,68818,Lakshadweep,Covishield
19149,47858,67007,41579,25428,Madhya Pradesh,Covishield
41288,3198,44486,25773,18713,Maharashtra,Covishield
9160,19040,28200,9135,19065,Manipur,Covishield
7766,29229,36995,33299,3696,Meghalaya,Covishield
4567,14867,19434,6781,12653,Mizoram,Covishield
30937,43304,74241,22640,51601,Nagaland,Covishield
24708,31426,56134,11228,44906,Odisha,Covishield
48509,47068,95577,9490,86087,Puducherry,Covishield
4271,12216,16487,15379,1108,Punjab,Covishield
41796,19214,61010,30163,30847,Rajasthan,Covishield
26999,31215,58214,7540,50674,Sikkim,Covishield
38408,1880,40288,31540,8748,Tamil Nadu,Covishield
28921,46796,75717,7473,68244,Telangana,Covishield
16257,16319,32576,31876,700,Tripura,Covishield
1624,36625,38249,15760,22489,Uttarakhand,Covishield
46721,19451,66172,17435,48737,Uttar Pradesh,Covishield
17000,29849,46849,43129,3720,West Bengal,Covishield
4247,41578,45825,16381,29444,Andaman and Nicobar Islands,Covishield
28104,14024,42128,34666,7462,Andhra Pradesh,Covishield
34950,4978,39928,24481,15447,Arunachal Pradesh,Covishield
39400,6057,45457,32426,13031,Assam,Covishield
12944,34049,46993,37114,9879,Bihar,Covishield
42552,38488,81040,5844,75196,Chandigarh,Covishield
8264,36537,44801,39064,5737,Chhattisgarh,Covishield
34113,3658,37771,35197,2574,Dadra and Nagar Haveli and Daman and Diu,Covishield
41347,32041,73388,53703,19685,Delhi,Covishield
10887,49684,60571,50194,10377,Goa,Covishield
37951,37787,75738,19812,55926,Gujarat,Covishield
24798,46807,71605,38678,32927,Haryana,Covishield
38959,26023,64982,31673,33309,Himachal Pradesh,Covishield
44999,2212,47211,31789,15422,Jammu and Kashmir,Covishield
23516,25999,49515,39185,10330,Jharkhand,Covishield
43244,21971,65215,16733,48482,Karnataka,Covishield
15621,30552,46173,38457,7716,Kerala,Covishield
6610,12369,18979,10458,8521,Ladakh,Covishield
9364,1688,11052,9187,1865,Lakshadweep,Covishield
30747,10842,41589,33510,8079,Madhya Pradesh,Covishield
31899,28448,60347,58780,1567,Maharashtra,Covishield
44839,17245,62084,26770,35314,Manipur,Covishield
9103,7544,16647,14575,2072,Meghalaya,Covishield
15661,39923,55584,26652,28932,Mizoram,Covishield
38497,16897,55394,18996,36398,Nagaland,Covishield
38921,44486,83407,81848,1559,Odisha,Covishield
33219,47811,81030,68784,12246,Puducherry,Covishield
31193,9246,40439,22030,18409,Punjab,Covishield
43896,32961,76857,26006,50851,Rajasthan,Covishield
4100,16279,20379,7802,12577,Sikkim,Covishield
17681,24772,42453,18182,24271,Tamil Nadu,Covishield
7822,20966,28788,16565,12223,Telangana,Covishield
39553,46967,86520,76126,10394,Tripura,Covishield
32397,22539,54936,23513,31423,Uttarakhand,Covishield
11482,10534,22016,10957,11059,Uttar Pradesh,Covishield
32095,43045,75140,49578,25562,West Bengal,Covishield
29067,26010,55077,37351,17726,Andaman and Nicobar Islands,Covishield
29047,32067,61114,38245,22869,Andhra Pradesh,Covishield
48301,20381,68682,21451,47231,Arunachal Pradesh,Covishield
2092,26908,29000,24581,4419,Assam,Covishield
27281,14460,41741,20647,21094,Bihar,Covishield
1840,26868,28708,12060,16648,Chandigarh,Covishield
49932,38269,88201,61951,26250,Chhattisgarh,Covishield
4168,8328,12496,7495,5001,Dadra and Nagar Haveli and Daman and Diu,Covishield
34441,39311,73752,72261,1491,Delhi,Covishield
29752,36498,66250,58104,8146,Goa,Covishield
31935,35790,67725,55726,11999,Gujarat,Covishield
4723,41399,46122,12445,33677,Haryana,Covishield
40211,25397,65608,29371,36237,Himachal Pradesh,Covishield
9045,49225,58270,39423,18847,Jammu and Kashmir,Covishield
45874,19992,65866,28156,37710,Jharkhand,Covishield
8707,19849,28556,18873,9683,Karnataka,Covishield
41139,40858,81997,67048,14949,Kerala,Covishield
31934,10941,42875,40342,2533,Ladakh,Covishield
5971,47810,53781,8642,45139,Lakshadweep,Covishield
7368,18399,25767,16436,9331,Madhya Pradesh,Covishield
44336,35966,80302,23518,56784,Maharashtra,Covishield
29145,49954,79099,38279,40820,Manipur,Covishield
33111,3989,37100,8823,28277,Meghalaya,Covishield
37044,33852,70896,51094,19802,Mizoram,Covishield
23439,42487,65926,23731,42195,Nagaland,Covishield
3738,42992,46730,44551,2179,Odisha,Covishield
26096,18469,44565,8683,35882,Puducherry,Covishield
3764,19700,23464,17395,6069,Punjab,Covishield
24528,34907,59435,7996,51439,Rajasthan,Covishield
43001,2454,45455,7819,37636,Sikkim,Covishield
41492,44347,85839,32552,53287,Tamil Nadu,Covishield
11378,10414,21792,15393,6399,Telangana,Covishield
7332,25735,33067,20545,12522,Tripura,Covishield
23827,8361,32188,15249,16939,Uttarakhand,Covishield
47378,48209,95587,9092,86495,Uttar Pradesh,Covishield
48365,44207,92572,67947,24625,West Bengal,Covishield
46523,28538,75061,50969,24092,Andaman and Nicobar Islands,Covishield
1727,8290,10017,7206,2811,Andhra Pradesh,Covishield
9316,5590,14906,5984,8922,Arunachal Pradesh,Covishield
35418,16119,51537,8272,43265,Assam,Covishield
36155,35329,71484,60332,11152,Bihar,Covishield
44255,27451,71706,42712,28994,Chandigarh,Covishield
9915,25599,35514,19474,16040,Chhattisgarh,Covishield
15485,47304,62789,32100,30689,Dadra and Nagar Haveli and Daman and Diu,Covishield
36603,10945,47548,37462,10086,Delhi,Covishield
46031,46038,92069,71866,20203,Goa,Covishield
15468,27555,43023,13458,29565,Gujarat,Covishield
24382,26191,50573,26981,23592,Haryana,Covishield
41959,3332,45291,12430,32861,Himachal Pradesh,Covishield
18275,24200,42475,5416,37059,Jammu and Kashmir,Covishield
10393,46556,56949,53430,3519,Jharkhand,Covishield
41451,46404,87855,5167,82688,Karnataka,Covishield
17152,27642,44794,5383,39411,Kerala,Covishield
36016,10830,46846,23978,22868,Ladakh,Covishield
7288,31144,38432,25881,12551,Lakshadweep,Covishield
46057,39709,85766,72874,12892,Madhya Pradesh,Covishield
25164,44544,69708,24438,45270,Maharashtra,Covishield
26987,17356,44343,27952,16391,Manipur,Covishield
23905,25925,49830,22379,27451,Meghalaya,Covishield
12148,15550,27698,21707,5991,Mizoram,Covishield
15427,12428,27855,7482,20373,Nagaland,Covishield
4184,24669,28853,26008,2845,Odisha,Covishield
31044,22880,53924,52865,1059,Puducherry,Covishield
36940,36209,73149,22006,51143,Punjab,Covishield
35668,40132,75800,49888,25912,Rajasthan,Covishield
14338,28932,43270,32898,10372,Sikkim,Covishield
27695,17671,45366,16617,28749,Tamil Nadu,Covishield
8706,39363,48069,32480,15589,Telangana,Covishield
27094,33838,60932,49646,11286,Tripura,Covishield
3898,40875,44773,18229,26544,Uttarakhand,Covishield
30358,32256,62614,30459,32155,Uttar Pradesh,Covishield
34076,12852,46928,34251,12677,West Bengal,Covishield
4619,35302,39921,17496,22425,Andaman and Nicobar Islands,Covishield
6703,44363,51066,13111,37955,Andhra Pradesh,Covishield
40574,3207,43781,18066,25715,Arunachal Pradesh,Covishield
27551,18365,45916,38219,7697,Assam,Covishield
2263,3453,5716,5570,146,Bihar,Covishield
12878,20900,33778,21971,11807,Chandigarh,Covishield
21011,30955,51966,13579,38387,Chhattisgarh,Covishield
34263,41048,75311,19038,56273,Dadra and Nagar Haveli and Daman and Diu,Covishield
40609,3863,44472,19518,24954,Delhi,Covishield
7767,27074,34841,7108,27733,Goa,Covishield
29418,25535,54953,29227,25726,Gujarat,Covishield
49048,2479,51527,6138,45389,Haryana,Covishield
27672,16400,44072,41943,2129,Himachal Pradesh,Covishield
38795,10214,49009,44214,4795,Jammu and Kashmir,Covishield
20994,6555,27549,15275,12274,Jharkhand,Covishield
39825,11310,51135,50622,513,Karnataka,Covishield
24376,23003,47379,14495,32884,Kerala,Covishield
43118,46914,90032,63198,26834,Ladakh,Covishield
11658,45544,57202,23199,34003,Lakshadweep,Covishield
36918,23837,60755,60277,478,Madhya Pradesh,Covishield
8099,35972,44071,27609,16462,Maharashtra,Covishield
18755,45186,63941,14256,49685,Manipur,Covishield
31127,3551,34678,29441,5237,Meghalaya,Covishield
40027,21793,61820,33231,28589,Mizoram,Covishield
47278,37361,84639,36823,47816,Nagaland,Covishield
35820,11899,47719,17313,30406,Odisha,Covishield
17154,43307,60461,17243,43218,Puducherry,Covishield
6544,26339,32883,10173,22710,Punjab,Covishield
30812,2354,33166,12997,20169,Rajasthan,Covishield
21238,14854,36092,18426,17666,Sikkim,Covishield
1896,1744,3640,#NUM!,#NUM!,Tamil Nadu,Covishield
14487,4967,19454,16806,2648,Telangana,Covishield
22358,28566,50924,5838,45086,Tripura,Covishield
30909,6261,37170,35645,1525,Uttarakhand,Covishield
32959,43027,75986,43468,32518,Uttar Pradesh,Covishield
44866,2188,47054,38912,8142,West Bengal,Covishield
31117,10894,42011,37055,4956,Andaman and Nicobar Islands,Covishield
5017,6183,11200,5056,6144,Andhra Pradesh,Covishield
32099,15608,47707,36678,11029,Arunachal Pradesh,Covishield
40507,33216,73723,60267,13456,Assam,Covishield
15101,2278,17379,13527,3852,Bihar,Covishield
47526,43973,91499,84885,6614,Chandigarh,Covishield
46650,13058,59708,14549,45159,Chhattisgarh,Covishield
4538,32062,36600,18292,18308,Dadra and Nagar Haveli and Daman and Diu,Covishield
27959,47726,75685,23017,52668,Delhi,Covishield
16540,3587,20127,5359,14768,Goa,Covishield
29438,23766,53204,32490,20714,Gujarat,Covishield
18212,2485,20697,20376,321,Haryana,Covishield
19369,37478,56847,52405,4442,Himachal Pradesh,Covishield
46303,20183,66486,64504,1982,Jammu and Kashmir,Covishield
30158,7159,37317,33939,3378,Jharkhand,Covishield
16466,23990,40456,28099,12357,Karnataka,Covishield
48130,6240,54370,39358,15012,Kerala,Covishield
39618,18186,57804,33373,24431,Ladakh,Covishield
45628,21857,67485,57014,10471,Lakshadweep,Covishield
40413,28022,68435,35984,32451,Madhya Pradesh,Covishield
17226,43282,60508,15013,45495,Maharashtra,Covishield
12825,23553,36378,17319,19059,Manipur,Covishield
23373,5175,28548,14725,13823,Meghalaya,Covishield
34628,9121,43749,20254,23495,Mizoram,Covishield
11520,22181,33701,14570,19131,Nagaland,Covishield
2174,37397,39571,28423,11148,Odisha,Covishield
15671,31750,47421,26934,20487,Puducherry,Covishield
31634,31149,62783,38390,24393,Punjab,Covishield
41416,12957,54373,16152,38221,Rajasthan,Covishield
5531,39747,45278,33697,11581,Sikkim,Covishield
21958,40687,62645,55601,7044,Tamil Nadu,Covishield
22625,34810,57435,5651,51784,Telangana,Covishield
32343,34845,67188,44329,22859,Tripura,Covishield
4195,3235,7430,7174,256,Uttarakhand,Covishield
2376,40925,43301,14304,28997,Uttar Pradesh,Covishield
5855,38825,44680,26988,17692,West Bengal,Covishield
5289,18851,24140,23095,1045,Andaman and Nicobar Islands,Covishield
39176,8730,47906,33223,14683,Andhra Pradesh,Covishield
23423,33226,56649,24147,32502,Arunachal Pradesh,Covishield
8486,37190,45676,13668,32008,Assam,Covishield
15850,31162,47012,8221,38791,Bihar,Covishield
33644,34162,67806,12600,55206,Chandigarh,Covishield
22970,45693,68663,33499,35164,Chhattisgarh,Covishield
12943,18600,31543,29233,2310,Dadra and Nagar Haveli and Daman and Diu,Covishield
28788,32675,61463,30370,31093,Delhi,Covishield
47919,12527,60446,18409,42037,Goa,Covishield
31826,1712,33538,13671,19867,Gujarat,Covishield
32303,20032,52335,43657,8678,Haryana,Covishield
32870,21415,54285,46430,7855,Himachal Pradesh,Covishield
40621,11874,52495,36707,15788,Jammu and Kashmir,Covishield
29785,38705,68490,34488,34002,Jharkhand,Covishield
39707,8736,48443,6512,41931,Karnataka,Covishield
42459,35056,77515,49625,27890,Kerala,Covishield
47427,42551,89978,89279,699,Ladakh,Covishield
14887,39098,53985,7023,46962,Lakshadweep,Covishield
27521,8707,36228,14920,21308,Madhya Pradesh,Covishield
22925,2705,25630,16790,8840,Maharashtra,Covishield
40498,4444,44942,14984,29958,Manipur,Covishield
32042,2265,34307,30202,4105,Meghalaya,Covishield
42731,4765,47496,5598,41898,Mizoram,Covishield
21950,15056,37006,29128,7878,Nagaland,Covishield
20756,4808,25564,19706,5858,Odisha,Covishield
48452,12801,61253,53370,7883,Puducherry,Covishield
7135,47157,54292,29623,24669,Punjab,Covishield
13435,29882,43317,21140,22177,Rajasthan,Covishield
2986,15221,18207,16042,2165,Sikkim,Covishield
11661,5903,17564,15918,1646,Tamil Nadu,Covishield
36749,30841,67590,53095,14495,Telangana,Covishield
23775,47891,71666,59288,12378,Tripura,Covishield
46233,38327,84560,33011,51549,Uttarakhand,Covishield
2340,17910,20250,15293,4957,Uttar Pradesh,Covishield
48504,15943,64447,41186,23261,West Bengal,Covishield
16327,33884,50211,43070,7141,Andaman and Nicobar Islands,Covishield
30227,7118,37345,6478,30867,Andhra Pradesh,Covishield
33640,21426,55066,7569,47497,Arunachal Pradesh,Covishield
38500,5412,43912,21419,22493,Assam,Covishield
21387,21673,43060,6159,36901,Bihar,Covishield
48629,4372,53001,27869,25132,Chandigarh,Covishield
15927,37640,53567,44352,9215,Chhattisgarh,Covishield
4528,7890,12418,10034,2384,Dadra and Nagar Haveli and Daman and Diu,Covishield
8653,44246,52899,34223,18676,Delhi,Covishield
13879,34629,48508,16532,31976,Goa,Covishield
17248,47773,65021,45410,19611,Gujarat,Covishield
38827,31520,70347,68526,1821,Haryana,Covishield
17750,16611,34361,18120,16241,Himachal Pradesh,Covishield
7477,18632,26109,18438,7671,Jammu and Kashmir,Covishield
25108,31494,56602,41491,15111,Jharkhand,Covishield
33102,25146,58248,37002,21246,Karnataka,Covishield
45493,27785,73278,52418,20860,Kerala,Covishield
13754,12036,25790,16912,8878,Ladakh,Covishield
34221,44908,79129,16259,62870,Lakshadweep,Covishield
13184,46733,59917,41159,18758,Madhya Pradesh,Covishield
24386,6466,30852,17507,13345,Maharashtra,Covishield
29312,49837,79149,11027,68122,Manipur,Covishield
28086,44765,72851,67557,5294,Meghalaya,Covishield
46843,46224,93067,79833,13234,Mizoram,Covishield
44076,12091,56167,9708,46459,Nagaland,Covishield
28473,8943,37416,12526,24890,Odisha,Covishield
30004,21481,51485,47894,3591,Puducherry,Covishield
36431,36506,72937,12905,60032,Punjab,Covishield
11169,11810,22979,12354,10625,Rajasthan,Covishield
17803,9173,26976,7465,19511,Sikkim,Covishield
21512,36842,58354,40963,17391,Tamil Nadu,Covishield
32175,6155,38330,36331,1999,Telangana,Covishield
35242,7180,42422,41084,1338,Tripura,Covishield
37998,46897,84895,62119,22776,Uttarakhand,Covishield
43317,39504,82821,33775,49046,Uttar Pradesh,Covishield
3827,23416,27243,5299,21944,West Bengal,Covishield
5894,30133,36027,10695,25332,Andaman and Nicobar Islands,Covishield
38669,38836,77505,18198,59307,Andhra Pradesh,Covishield
39522,9936,49458,40714,8744,Arunachal Pradesh,Covishield
47876,3271,51147,14435,36712,Assam,Covishield
6482,40796,47278,44192,3086,Bihar,Covishield
32562,9370,41932,34551,7381,Chandigarh,Covishield
32119,18964,51083,44437,6646,Chhattisgarh,Covishield
38571,47594,86165,25266,60899,Dadra and Nagar Haveli and Daman and Diu,Covishield
4975,44145,49120,26699,22421,Delhi,Covishield
28139,18363,46502,19395,27107,Goa,Covishield
8731,45025,53756,53237,519,Gujarat,Covishield
16724,20659,37383,30010,7373,Haryana,Covishield
31209,40345,71554,18349,53205,Himachal Pradesh,Covishield
40790,42936,83726,47673,36053,Jammu and Kashmir,Covishield
40189,16450,56639,43275,13364,Jharkhand,Covishield
7778,33173,40951,9876,31075,Karnataka,Covishield
40680,43288,83968,78677,5291,Kerala,Covishield
43710,40851,84561,77762,6799,Ladakh,Covishield
31722,21753,53475,38377,15098,Lakshadweep,Covishield
34328,48885,83213,73379,9834,Madhya Pradesh,Covishield
38182,37177,75359,59512,15847,Maharashtra,Covishield
28536,11830,40366,28789,11577,Manipur,Covishield
41995,25163,67158,25592,41566,Meghalaya,Covishield
20038,29012,49050,13735,35315,Mizoram,Covishield
14104,18530,32634,11320,21314,Nagaland,Covishield
14619,35204,49823,27220,22603,Odisha,Covishield
15788,9219,25007,13158,11849,Puducherry,Covishield
27650,38022,65672,45409,20263,Punjab,Covishield
8646,44289,52935,47811,5124,Rajasthan,Covishield
11845,21003,32848,23944,8904,Sikkim,Covishield
47205,17962,65167,17143,48024,Tamil Nadu,Covishield
29795,33130,62925,23943,38982,Telangana,Covishield
32178,16057,48235,24783,23452,Tripura,Covishield
22007,40647,62654,59867,2787,Uttarakhand,Covishield
9173,18225,27398,20539,6859,Uttar Pradesh,Covishield
22196,45000,67196,6156,61040,West Bengal,Covishield
6579,36794,43373,23552,19821,Andaman and Nicobar Islands,Covishield
7567,38259,45826,30207,15619,Andhra Pradesh,Covishield
6503,12201,18704,10070,8634,Arunachal Pradesh,Covishield
49107,39946,89053,82947,6106,Assam,Covishield
4722,46815,51537,35801,15736,Bihar,Covishield
24850,15791,40641,16022,24619,Chandigarh,Covishield
27721,35838,63559,34272,29287,Chhattisgarh,Covishield
31416,4658,36074,22603,13471,Dadra and Nagar Haveli and Daman and Diu,Covishield
41690,35235,76925,66969,9956,Delhi,Covishield
37623,28387,66010,32179,33831,Goa,Covishield
6703,35931,42634,31936,10698,Gujarat,Covishield
45310,35839,81149,73681,7468,Haryana,Covishield
9951,29197,39148,20116,19032,Himachal Pradesh,Covishield
35937,49647,85584,7359,78225,Jammu and Kashmir,Covishield
40350,30327,70677,53049,17628,Jharkhand,Covishield
35043,6310,41353,13523,27830,Karnataka,Covishield
33992,3092,37084,29640,7444,Kerala,Covishield
30601,33640,64241,10862,53379,Ladakh,Covishield
40565,20814,61379,55888,5491,Lakshadweep,Covishield
12392,7909,20301,17900,2401,Madhya Pradesh,Covishield
42886,18992,61878,24837,37041,Maharashtra,Covishield
35288,25555,60843,28057,32786,Manipur,Covishield
23447,22922,46369,45783,586,Meghalaya,Covishield
24051,33958,58009,41452,16557,Mizoram,Covishield
40724,3380,44104,6093,38011,Nagaland,Covishield
39428,4127,43555,18167,25388,Odisha,Covishield
10229,15256,25485,24403,1082,Puducherry,Covishield
31095,49516,80611,78709,1902,Punjab,Covishield
25606,13174,38780,8270,30510,Rajasthan,Covishield
26019,14025,40044,37440,2604,Sikkim,Covishield
21934,41313,63247,32330,30917,Tamil Nadu,Covishield
22563,25514,48077,11309,36768,Telangana,Covishield
1549,21781,23330,16413,6917,Tripura,Covishield
15878,20468,36346,15478,20868,Uttarakhand,Covishield
21957,49215,71172,19346,51826,Uttar Pradesh,Covishield
44112,38848,82960,33187,49773,West Bengal,Covishield
